dt1 dt2 dt3 dt4 controller drones queue deliveries fullTrips revenue costs penalties avgDelTime avgWaitTime fDel fRet fLaunch collisions unknown total
Jun 3rd 03:49:54.476 UTC 2 15 40 846 836 112755 3788.042 0 1113.019 935.6268 0 0 49 0 0 3500
Jun 3rd 03:49:40.135 UTC 3 14 40 811 805 107246 3744.312 0 1066.424 882.9854 0 0 100 0 0 1945
Jun 3rd 03:48:54.461 UTC 2 15 40 842 834 112347 3774.109 0 1112.834 935.5018 0 0 49 0 0 3491
Jun 3rd 03:48:40.124 UTC 3 15 39 809 801 106935 3732.102 0 1065.931 882.7789 0 0 100 0 0 1938
Jun 3rd 03:47:54.473 UTC 2 15 40 838 830 111876 3760.84 0 1112.344 935.1174 0 0 49 0 0 3480
Jun 3rd 03:47:40.134 UTC 3 13 39 807 800 106649 3726.151 0 1066.205 882.7259 0 0 100 0 0 1935
Jun 3rd 03:46:54.462 UTC 2 15 40 836 828 111707 3749.202 0 1112.217 934.874 0 0 49 0 0 3470
Jun 3rd 03:46:38.900 UTC 3 15 40 803 797 106029 3715.646 0 1065.492 882.7147 0 0 99 0 0 1929
Jun 3rd 03:45:54.473 UTC 2 15 40 834 825 111518 3734.118 0 1112.095 934.5663 0 0 49 0 0 3461
Jun 3rd 03:45:37.482 UTC 3 15 40 801 795 105735 3702.722 0 1065.073 882.7588 0 0 98 0 0 1922
Jun 3rd 03:44:54.472 UTC 2 15 40 831 821 111249 3717.604 0 1112.02 934.0394 0 0 49 0 0 3452
Jun 3rd 03:44:36.284 UTC 3 13 40 799 793 105467 3692.967 0 1064.804 882.154 0 0 97 0 0 1917
Jun 3rd 03:43:54.468 UTC 2 14 40 830 820 111001 3715.354 0 1111.903 933.8268 0 0 49 0 0 3442
Jun 3rd 03:43:36.299 UTC 3 14 40 799 788 105467 3664.984 0 1064.804 881.2077 0 0 97 0 0 1911
Jun 3rd 03:42:54.467 UTC 2 14 40 826 819 110526 3713.024 0 1111.515 933.7742 0 0 49 0 0 3432
Jun 3rd 03:42:36.289 UTC 3 15 39 796 785 105121 3652.312 0 1064.339 880.7299 0 0 97 0 0 1906
Jun 3rd 03:41:54.467 UTC 2 14 40 822 818 110094 3706.77 0 1111.542 933.779 0 0 49 0 0 3423
Jun 3rd 03:41:36.288 UTC 3 15 40 793 784 104658 3647.094 0 1064.023 880.5302 0 0 97 0 0 1902
Jun 3rd 03:40:54.458 UTC 2 14 40 820 814 109763 3686.822 0 1111.292 933.4944 0 0 49 0 0 3414
Jun 3rd 03:40:36.288 UTC 3 15 39 790 782 104361 3639.158 0 1063.575 880.202 0 0 97 0 0 1895
Jun 3rd 03:39:54.470 UTC 2 15 40 819 811 109703 3673.365 0 1111.166 933.3897 0 0 49 0 0 3404
Jun 3rd 03:39:35.540 UTC 3 14 39 789 779 104281 3622.94 0 1063.235 879.6212 0 0 96 0 0 1890
Jun 3rd 03:38:54.473 UTC 2 15 40 818 809 109477 3667.981 0 1111.173 933.2991 0 0 49 0 0 3393
Jun 3rd 03:38:34.717 UTC 3 15 40 786 777 103776 3612.879 0 1062.647 879.3322 0 0 95 0 0 1885
Jun 3rd 03:37:54.470 UTC 2 15 40 815 807 109109 3656.03 0 1111.089 933.2398 0 0 49 0 0 3383
Jun 3rd 03:37:34.714 UTC 3 15 40 782 776 103253 3607.349 0 1061.677 879.1057 0 0 95 0 0 1881
Jun 3rd 03:36:54.473 UTC 2 14 38 811 806 108629 3654.393 0 1111.017 933.2362 0 0 49 0 0 3374
Jun 3rd 03:36:34.729 UTC 3 14 40 780 776 103084 3607.349 0 1061.52 878.9368 0 0 95 0 0 1873
Jun 3rd 03:35:54.472 UTC 2 15 40 808 802 108218 3633.734 0 1110.774 933.0803 0 0 49 0 0 3366
Jun 3rd 03:35:34.720 UTC 3 15 40 779 773 102975 3590.187 0 1061.394 878.6841 0 0 95 0 0 1868
Jun 3rd 03:34:54.470 UTC 2 15 40 808 798 108218 3611.211 0 1110.774 932.9002 0 0 49 0 0 3360
Jun 3rd 03:34:34.728 UTC 3 15 40 778 770 102798 3576.529 0 1061.23 878.2542 0 0 95 0 0 1858
Jun 3rd 03:33:54.479 UTC 2 15 40 805 797 107865 3606.122 0 1110.583 932.8303 0 0 49 0 0 3350
Jun 3rd 03:33:34.714 UTC 3 15 40 774 768 102055 3573.318 0 1060.759 877.9139 0 0 95 0 0 1853
Jun 3rd 03:32:54.464 UTC 2 15 40 805 794 107865 3595.32 0 1110.583 932.7008 0 0 49 0 0 3342
Jun 3rd 03:32:34.715 UTC 3 14 37 772 767 101837 3566.69 0 1060.81 877.6844 0 0 95 0 0 1846
Jun 3rd 03:31:54.471 UTC 2 15 40 802 792 107353 3587.782 0 1110.342 932.5 0 0 49 0 0 3331
Jun 3rd 03:31:34.723 UTC 3 12 39 770 763 101385 3545.22 0 1060.616 876.931 0 0 95 0 0 1842
Jun 3rd 03:30:54.472 UTC 2 15 40 798 792 106896 3587.782 0 1110.164 932.5 0 0 49 0 0 3321
Jun 3rd 03:30:33.518 UTC 3 15 40 770 759 101385 3523.425 0 1060.616 876.7955 0 0 94 0 0 1838
Jun 3rd 03:29:54.473 UTC 2 14 39 794 790 106450 3580.95 0 1109.284 932.4581 0 0 49 0 0 3312
Jun 3rd 03:29:33.513 UTC 3 15 40 769 758 101276 3516.497 0 1060.403 876.6866 0 0 94 0 0 1832
Jun 3rd 03:28:54.469 UTC 2 15 40 793 786 106341 3564.841 0 1109.067 932.2662 0 0 49 0 0 3301
Jun 3rd 03:28:33.530 UTC 3 15 40 768 757 101050 3514.904 0 1060.231 876.6758 0 0 94 0 0 1828
Jun 3rd 03:27:54.463 UTC 2 14 40 790 784 105878 3554.751 0 1108.93 932.0479 0 0 49 0 0 3293
Jun 3rd 03:27:33.523 UTC 3 14 40 764 757 100478 3514.904 0 1059.911 876.6417 0 0 94 0 0 1821
Jun 3rd 03:26:54.473 UTC 2 15 40 789 779 105798 3531.695 0 1108.84 931.4199 0 0 49 0 0 3284
Jun 3rd 03:26:33.524 UTC 3 15 40 758 756 99863 3512.977 0 1058.523 876.6417 0 0 94 0 0 1814
Jun 3rd 03:25:54.470 UTC 2 15 40 787 777 105658 3523.724 0 1108.398 930.9925 0 0 49 0 0 3277
Jun 3rd 03:25:32.583 UTC 3 14 38 757 754 99686 3501.849 0 1058.569 876.7462 0 0 93 0 0 1808
Jun 3rd 03:24:54.471 UTC 2 15 40 783 776 105226 3516.62 0 1107.814 930.8323 0 0 49 0 0 3265
Jun 3rd 03:24:31.216 UTC 3 14 40 756 749 99606 3476.78 0 1058.323 876.2785 0 0 92 0 0 1802
Jun 3rd 03:23:54.466 UTC 2 14 40 782 773 105146 3499.675 0 1107.592 930.2153 0 0 49 0 0 3259
Jun 3rd 03:23:31.216 UTC 3 15 40 756 745 99606 3455.224 0 1058.323 875.6835 0 0 92 0 0 1794
Jun 3rd 03:22:54.475 UTC 2 15 40 778 770 104679 3486.601 0 1106.788 929.7351 0 0 49 0 0 3249
Jun 3rd 03:22:31.224 UTC 3 15 40 756 743 99606 3448.146 0 1058.323 875.2032 0 0 92 0 0 1790
Jun 3rd 03:21:52.282 UTC 2 15 40 776 768 104465 3477.449 0 1106.16 929.3955 0 0 47 0 0 3240
Jun 3rd 03:21:31.215 UTC 3 14 40 752 743 99297 3448.146 0 1057.988 875.0414 0 0 92 0 0 1782
Jun 3rd 03:20:52.295 UTC 2 15 40 775 767 104288 3472.35 0 1106.051 929.1957 0 0 47 0 0 3230
Jun 3rd 03:20:31.208 UTC 3 14 40 748 741 98683 3437.704 0 1057.596 874.8065 0 0 92 0 0 1778
Jun 3rd 03:19:52.295 UTC 2 15 40 772 765 103847 3462.355 0 1105.294 928.7687 0 0 47 0 0 3224
Jun 3rd 03:19:31.207 UTC 3 15 37 745 739 98317 3430.933 0 1056.993 874.6621 0 0 92 0 0 1768
Jun 3rd 03:18:52.283 UTC 2 15 40 770 761 103604 3446.176 0 1104.714 927.9572 0 0 47 0 0 3213
Jun 3rd 03:18:31.215 UTC 3 14 39 742 736 97854 3413.417 0 1056.594 874.2446 0 0 92 0 0 1766
Jun 3rd 03:17:52.284 UTC 2 15 40 768 760 103386 3439.187 0 1104.122 927.6995 0 0 47 0 0 3201
Jun 3rd 03:17:31.216 UTC 3 14 40 741 734 97700 3408.735 0 1056.24 873.9545 0 0 92 0 0 1762
Jun 3rd 03:16:52.283 UTC 2 15 40 764 758 102963 3429.148 0 1103.621 927.1639 0 0 47 0 0 3194
Jun 3rd 03:16:31.207 UTC 3 15 40 738 729 97322 3392.208 0 1056.027 873.2243 0 0 92 0 0 1752
Jun 3rd 03:15:52.281 UTC 2 15 40 763 756 102737 3416.281 0 1103.487 926.7241 0 0 47 0 0 3186
Jun 3rd 03:15:30.472 UTC 3 15 38 735 728 96987 3384.885 0 1055.627 873.1119 0 0 91 0 0 1747
Jun 3rd 03:14:52.293 UTC 2 15 40 762 754 102583 3408.604 0 1103.256 926.3601 0 0 47 0 0 3176
Jun 3rd 03:14:30.469 UTC 3 12 39 734 726 96878 3374.252 0 1055.511 872.3641 0 0 91 0 0 1743
Jun 3rd 03:13:52.292 UTC 2 14 40 760 751 102423 3395.989 0 1102.954 925.7125 0 0 47 0 0 3164
Jun 3rd 03:13:29.685 UTC 3 15 40 730 721 96259 3343.509 0 1054.668 871.8883 0 0 90 0 0 1741
Jun 3rd 03:12:52.285 UTC 2 15 39 757 750 102100 3389.6 0 1102.556 925.7125 0 0 47 0 0 3152
Jun 3rd 03:12:29.694 UTC 3 15 40 729 721 96150 3343.509 0 1054.377 871.8883 0 0 90 0 0 1735
Jun 3rd 03:11:52.286 UTC 2 15 40 755 747 101701 3375.103 0 1102.21 925.4213 0 0 47 0 0 3143
Jun 3rd 03:11:28.421 UTC 3 15 40 727 719 95844 3329.736 0 1054.195 871.6006 0 0 89 0 0 1728
Jun 3rd 03:10:52.294 UTC 2 15 40 752 745 101404 3364.269 0 1101.549 925.1758 0 0 47 0 0 3136
Jun 3rd 03:10:28.408 UTC 3 15 40 726 716 95690 3311.46 0 1054.125 870.9624 0 0 89 0 0 1723
Jun 3rd 03:09:52.286 UTC 2 14 40 750 744 101140 3358.031 0 1101.223 924.9237 0 0 47 0 0 3126
Jun 3rd 03:09:28.409 UTC 3 15 40 724 716 95249 3311.46 0 1053.702 870.9624 0 0 89 0 0 1718
Jun 3rd 03:08:52.295 UTC 2 15 40 749 742 100963 3348.122 0 1101.054 924.7615 0 0 47 0 0 3116
Jun 3rd 03:08:28.419 UTC 3 14 38 722 713 94941 3297.825 0 1053.398 870.5042 0 0 89 0 0 1711
Jun 3rd 03:07:52.288 UTC 2 14 40 746 740 100478 3341.194 0 1100.563 924.3069 0 0 47 0 0 3106
Jun 3rd 03:07:28.411 UTC 3 15 40 719 710 94598 3287.674 0 1052.553 870.2174 0 0 89 0 0 1708
Jun 3rd 03:06:52.286 UTC 2 15 40 745 735 100398 3314.989 0 1100.373 923.6088 0 0 47 0 0 3096
Jun 3rd 03:06:28.411 UTC 3 15 40 717 710 94196 3287.674 0 1052.518 870.2174 0 0 89 0 0 1702
Jun 3rd 03:05:52.295 UTC 2 15 40 742 735 99946 3314.989 0 1099.968 923.6088 0 0 47 0 0 3089
Jun 3rd 03:05:28.412 UTC 3 15 39 715 708 94056 3282.447 0 1052.249 870.0288 0 0 89 0 0 1693
Jun 3rd 03:04:52.294 UTC 2 15 39 740 732 99712 3300.587 0 1099.526 923.3781 0 0 47 0 0 3079
Jun 3rd 03:04:28.420 UTC 3 14 40 710 704 93450 3260.38 0 1051.31 869.2672 0 0 89 0 0 1687
Jun 3rd 03:03:52.284 UTC 2 15 40 737 730 99346 3291.419 0 1099.018 922.9128 0 0 47 0 0 3073
Jun 3rd 03:03:28.411 UTC 3 15 40 710 702 93450 3244.961 0 1051.31 869.0717 0 0 89 0 0 1680
Jun 3rd 03:02:52.284 UTC 2 15 38 735 729 99112 3285.615 0 1098.844 922.7935 0 0 47 0 0 3064
Jun 3rd 03:02:27.471 UTC 3 15 39 708 700 93164 3237.953 0 1050.898 868.7324 0 0 88 0 0 1672
Jun 3rd 03:01:52.295 UTC 2 15 40 734 725 99032 3268.89 0 1098.574 922.3587 0 0 47 0 0 3056
Jun 3rd 03:01:27.482 UTC 3 15 40 707 698 93055 3229.188 0 1050.865 868.4429 0 0 88 0 0 1667
Jun 3rd 03:00:52.284 UTC 2 14 40 732 723 98630 3261.187 0 1098.262 921.7941 0 0 47 0 0 3050
Jun 3rd 03:00:27.478 UTC 3 15 40 706 697 92878 3224.838 0 1050.669 868.3434 0 0 88 0 0 1659
Jun 3rd 02:59:52.283 UTC 2 15 40 729 721 98327 3247.551 0 1097.867 921.6122 0 0 47 0 0 3042
Jun 3rd 02:59:25.623 UTC 3 15 38 702 695 92445 3212.603 0 1049.874 868.1829 0 0 86 0 0 1652
Jun 3rd 02:58:52.295 UTC 2 15 40 724 719 97313 3235.623 0 1097.075 921.4131 0 0 47 0 0 3029
Jun 3rd 02:58:24.808 UTC 3 15 39 700 693 92227 3204.303 0 1049.32 867.9282 0 0 85 0 0 1649
Jun 3rd 02:57:51.330 UTC 2 14 40 724 717 97313 3223.286 0 1097.075 920.9332 0 0 46 0 0 3019
Jun 3rd 02:57:24.807 UTC 3 15 40 697 689 91813 3184.282 0 1048.473 867.1118 0 0 85 0 0 1644
Jun 3rd 02:56:49.949 UTC 2 14 40 723 716 97129 3217.258 0 1096.766 920.7978 0 0 45 0 0 3010
Jun 3rd 02:56:24.817 UTC 3 15 40 697 688 91813 3177.37 0 1048.473 866.8879 0 0 85 0 0 1638
Jun 3rd 02:55:49.947 UTC 2 14 40 723 711 97129 3199.454 0 1096.766 920.0522 0 0 45 0 0 3004
Jun 3rd 02:55:24.818 UTC 3 15 37 692 687 91275 3176.004 0 1047.86 866.6646 0 0 85 0 0 1630
Jun 3rd 02:54:49.960 UTC 2 15 40 718 708 96428 3183.447 0 1095.802 919.6465 0 0 45 0 0 2991
Jun 3rd 02:54:24.808 UTC 3 15 40 690 683 91038 3153.389 0 1047.599 866.0283 0 0 85 0 0 1628
Jun 3rd 02:53:49.960 UTC 2 15 40 715 707 96082 3180.167 0 1095.106 919.5163 0 0 45 0 0 2979
Jun 3rd 02:53:24.808 UTC 3 14 40 690 682 91038 3147.974 0 1047.599 865.7908 0 0 85 0 0 1624
Jun 3rd 02:52:49.958 UTC 2 15 39 713 706 95839 3174.691 0 1094.495 919.294 0 0 45 0 0 2970
Jun 3rd 02:52:23.767 UTC 3 15 40 687 677 90606 3115.689 0 1046.842 865.0883 0 0 84 0 0 1618
Jun 3rd 02:51:49.949 UTC 2 15 40 711 704 95625 3163.388 0 1094.039 918.7421 0 0 45 0 0 2960
Jun 3rd 02:51:23.768 UTC 3 15 40 685 675 90437 3109.938 0 1046.444 864.5356 0 0 84 0 0 1611
Jun 3rd 02:50:49.946 UTC 2 15 40 708 702 95208 3153.247 0 1093.391 918.3013 0 0 45 0 0 2953
Jun 3rd 02:50:23.767 UTC 3 15 40 684 674 90377 3105.417 0 1046.438 864.3596 0 0 84 0 0 1606
Jun 3rd 02:49:49.966 UTC 2 13 39 707 702 95148 3153.247 0 1093.112 917.998 0 0 45 0 0 2941
Jun 3rd 02:49:23.777 UTC 3 15 40 682 672 90188 3099.293 0 1046.241 863.9609 0 0 84 0 0 1603
Jun 3rd 02:48:49.949 UTC 2 15 39 705 696 94911 3118.182 0 1092.805 917.15 0 0 45 0 0 2929
Jun 3rd 02:48:23.767 UTC 3 15 39 677 671 89696 3095.524 0 1045.099 863.7359 0 0 84 0 0 1597
Jun 3rd 02:47:49.946 UTC 2 15 40 704 694 94851 3114.363 0 1092.631 916.7197 0 0 45 0 0 2919
Jun 3rd 02:47:23.767 UTC 3 14 40 676 670 89616 3088.587 0 1045.185 863.4535 0 0 84 0 0 1596
Jun 3rd 02:46:49.958 UTC 2 15 40 701 694 94514 3114.363 0 1092.213 916.7197 0 0 45 0 0 2907
Jun 3rd 02:46:23.767 UTC 3 14 39 673 667 89416 3076.495 0 1044.657 863.2393 0 0 84 0 0 1590
Jun 3rd 02:45:48.957 UTC 2 15 40 698 691 93876 3097.673 0 1091.716 916.421 0 0 44 0 0 2900
Jun 3rd 02:45:22.674 UTC 3 15 40 671 663 89296 3058.044 0 1044.216 862.9014 0 0 83 0 0 1583
Jun 3rd 02:44:48.959 UTC 2 14 40 696 688 93658 3087.251 0 1091.373 915.6445 0 0 44 0 0 2890
Jun 3rd 02:44:22.684 UTC 3 15 38 670 663 89216 3058.044 0 1044.172 862.9014 0 0 83 0 0 1580
Jun 3rd 02:43:48.968 UTC 2 15 40 694 687 93395 3083.562 0 1090.949 915.6445 0 0 44 0 0 2878
Jun 3rd 02:43:22.684 UTC 3 13 38 667 661 88942 3048.873 0 1043.913 862.4746 0 0 83 0 0 1576
Jun 3rd 02:42:48.971 UTC 2 15 39 692 685 93177 3074.969 0 1090.867 915.3757 0 0 44 0 0 2865
Jun 3rd 02:42:22.674 UTC 3 15 40 664 656 88460 3024.467 0 1043.052 861.8405 0 0 83 0 0 1571
Jun 3rd 02:41:48.959 UTC 2 15 40 688 682 92680 3059.878 0 1090.48 914.9754 0 0 44 0 0 2859
Jun 3rd 02:41:22.673 UTC 3 15 39 664 655 88460 3020.447 0 1043.052 861.6497 0 0 83 0 0 1565
Jun 3rd 02:40:48.956 UTC 2 15 40 687 681 92503 3053.384 0 1090.285 914.8738 0 0 44 0 0 2848
Jun 3rd 02:40:21.915 UTC 3 15 40 661 653 88114 3010.092 0 1042.638 861.3311 0 0 82 0 0 1560
Jun 3rd 02:39:48.959 UTC 2 13 40 686 678 92330 3038.721 0 1090.285 914.4106 0 0 44 0 0 2839
Jun 3rd 02:39:21.911 UTC 3 15 40 658 651 87746 2996.392 0 1041.788 861.0838 0 0 82 0 0 1555
Jun 3rd 02:38:47.808 UTC 2 15 40 683 673 91964 3008.594 0 1089.944 914.1172 0 0 43 0 0 2829
Jun 3rd 02:38:21.911 UTC 3 15 40 656 648 87460 2969.22 0 1041.439 860.5168 0 0 82 0 0 1551
Jun 3rd 02:37:47.793 UTC 2 15 40 683 672 91964 3003.963 0 1089.944 913.9662 0 0 43 0 0 2817
Jun 3rd 02:37:21.193 UTC 3 13 40 655 646 87351 2962.659 0 1041.238 859.3808 0 0 81 0 0 1546
Jun 3rd 02:36:47.806 UTC 2 15 39 680 670 91715 2993.483 0 1089.668 913.7948 0 0 43 0 0 2810
Jun 3rd 02:36:19.971 UTC 3 14 40 654 643 87291 2950.784 0 1041.028 858.8777 0 0 80 0 0 1538
Jun 3rd 02:35:47.804 UTC 2 15 40 677 669 91230 2987.098 0 1089.658 913.6517 0 0 43 0 0 2800
Jun 3rd 02:35:19.981 UTC 3 15 40 652 642 87057 2943.091 0 1041.062 858.8777 0 0 80 0 0 1533
Jun 3rd 02:34:47.794 UTC 2 15 40 675 668 90899 2984.685 0 1089.504 913.5726 0 0 43 0 0 2790
Jun 3rd 02:34:19.980 UTC 3 14 39 650 642 86771 2943.091 0 1040.95 858.8003 0 0 80 0 0 1523
Jun 3rd 02:33:47.794 UTC 2 15 39 672 668 90488 2984.685 0 1088.917 913.5726 0 0 43 0 0 2785
Jun 3rd 02:33:18.530 UTC 3 15 40 646 639 86305 2933.846 0 1040.739 858.6061 0 0 79 0 0 1516
Jun 3rd 02:32:47.807 UTC 2 15 40 669 663 89776 2960.631 0 1088.692 913.6246 0 0 43 0 0 2777
Jun 3rd 02:32:18.521 UTC 3 15 40 645 637 86196 2928.469 0 1040.985 858.5504 0 0 79 0 0 1511
Jun 3rd 02:31:47.795 UTC 2 14 40 668 662 89599 2954.258 0 1088.304 913.6744 0 0 43 0 0 2767
Jun 3rd 02:31:17.642 UTC 3 13 40 642 636 85850 2920.025 0 1040.836 858.5757 0 0 78 0 0 1505
Jun 3rd 02:30:46.304 UTC 2 15 40 666 658 89355 2934.451 0 1088.093 913.493 0 0 42 0 0 2758
Jun 3rd 02:30:17.654 UTC 3 15 39 639 632 85453 2895.422 0 1040.898 858.5599 0 0 78 0 0 1500
Jun 3rd 02:29:46.304 UTC 2 13 40 666 658 89355 2934.451 0 1088.093 913.3106 0 0 42 0 0 2747
Jun 3rd 02:29:17.019 UTC 3 15 40 636 629 85030 2878.25 0 1041.066 858.6115 0 0 77 0 0 1496
Jun 3rd 02:28:46.315 UTC 2 15 40 663 653 89031 2920.57 0 1087.288 912.9017 0 0 42 0 0 2737
Jun 3rd 02:28:17.031 UTC 3 15 39 636 629 85030 2878.25 0 1041.066 858.6115 0 0 77 0 0 1492
Jun 3rd 02:27:46.305 UTC 2 15 40 659 650 88517 2908.6 0 1086.317 912.2215 0 0 42 0 0 2726
Jun 3rd 02:27:17.020 UTC 3 15 40 636 626 85030 2860.412 0 1041.066 858.7324 0 0 77 0 0 1487
Jun 3rd 02:26:46.303 UTC 2 15 40 654 650 87914 2908.6 0 1085.582 912.2215 0 0 42 0 0 2717
Jun 3rd 02:26:17.029 UTC 3 15 40 634 624 84816 2853.551 0 1041.236 858.9686 0 0 77 0 0 1482
Jun 3rd 02:25:46.315 UTC 2 14 38 652 648 87418 2901.279 0 1085.133 911.7345 0 0 42 0 0 2707
Jun 3rd 02:25:15.782 UTC 3 15 40 631 622 84401 2842.596 0 1041.33 859.1035 0 0 76 0 0 1474
Jun 3rd 02:24:46.315 UTC 2 15 40 652 643 87418 2883.055 0 1085.133 910.7224 0 0 42 0 0 2698
Jun 3rd 02:24:14.399 UTC 3 15 39 628 621 83938 2836.255 0 1041.712 859.1635 0 0 75 0 0 1471
Jun 3rd 02:23:46.313 UTC 2 14 40 647 641 86620 2874.604 0 1084.101 910.037 0 0 42 0 0 2685
Jun 3rd 02:23:14.412 UTC 3 15 39 626 618 83749 2826.994 0 1041.952 859.4647 0 0 75 0 0 1468
Jun 3rd 02:22:46.315 UTC 2 15 40 646 635 86443 2850.339 0 1083.987 908.6765 0 0 42 0 0 2672
Jun 3rd 02:22:14.402 UTC 3 15 40 624 617 83339 2822.463 0 1041.724 859.6046 0 0 75 0 0 1466
Jun 3rd 02:21:46.316 UTC 2 15 40 645 634 86363 2845.042 0 1083.591 908.3729 0 0 42 0 0 2661
Jun 3rd 02:21:14.405 UTC 3 14 40 621 617 82789 2822.463 0 1042.266 859.8529 0 0 75 0 0 1463
Jun 3rd 02:20:46.304 UTC 2 15 39 640 632 85644 2830.963 0 1082.152 907.9082 0 0 42 0 0 2649
Jun 3rd 02:20:14.411 UTC 3 15 40 620 614 82709 2814.447 0 1042.547 860.2532 0 0 75 0 0 1457
Jun 3rd 02:19:46.308 UTC 2 15 39 637 631 85334 2825.637 0 1081.326 907.6299 0 0 42 0 0 2643
Jun 3rd 02:19:14.400 UTC 3 14 38 617 611 82366 2803.951 0 1042.658 861.0224 0 0 75 0 0 1450
Jun 3rd 02:18:46.319 UTC 2 14 39 635 630 85077 2821.022 0 1080.65 907.0739 0 0 42 0 0 2632
Jun 3rd 02:18:12.527 UTC 3 15 38 614 607 81945 2782.989 0 1042.61 861.5724 0 0 73 0 0 1445
Jun 3rd 02:17:46.311 UTC 2 14 40 634 626 84923 2796.805 0 1080.341 905.8449 0 0 42 0 0 2623
Jun 3rd 02:17:11.402 UTC 3 11 39 612 607 81731 2782.989 0 1042.68 861.8257 0 0 72 0 0 1441
Jun 3rd 02:16:46.304 UTC 2 15 40 632 622 84498 2778.772 0 1079.813 904.8598 0 0 42 0 0 2611
Jun 3rd 02:16:09.516 UTC 3 14 40 612 600 81731 2758.047 0 1042.68 861.3723 0 0 70 0 0 1435
Jun 3rd 02:15:46.314 UTC 2 15 39 630 622 84137 2778.772 0 1079.513 904.8598 0 0 42 0 0 2601
Jun 3rd 02:15:09.521 UTC 3 15 40 611 598 81622 2747.663 0 1042.669 861.2196 0 0 70 0 0 1429
Jun 3rd 02:14:46.306 UTC 2 15 40 628 618 83943 2753.269 0 1079.086 903.7897 0 0 42 0 0 2594
Jun 3rd 02:14:09.517 UTC 3 15 38 605 597 80936 2743.958 0 1042.787 861.0959 0 0 70 0 0 1423
Jun 3rd 02:13:46.305 UTC 2 15 40 626 617 83686 2747.091 0 1078.619 903.5494 0 0 42 0 0 2584
Jun 3rd 02:13:08.432 UTC 3 14 37 601 596 80292 2738.067 0 1042.593 861.0341 0 0 69 0 0 1419
Jun 3rd 02:12:46.316 UTC 2 15 40 623 614 83211 2734.278 0 1078.214 902.9189 0 0 42 0 0 2571
Jun 3rd 02:12:07.684 UTC 3 14 40 599 593 80078 2726.318 0 1042.404 860.8831 0 0 68 0 0 1414
Jun 3rd 02:11:46.306 UTC 2 15 40 621 613 83022 2727.507 0 1077.734 902.6725 0 0 42 0 0 2563
Jun 3rd 02:11:07.685 UTC 3 15 40 598 590 79969 2716.074 0 1042.365 860.817 0 0 68 0 0 1410
Jun 3rd 02:10:46.304 UTC 2 15 40 618 612 82699 2722.43 0 1077.701 902.5176 0 0 42 0 0 2553
Jun 3rd 02:10:07.673 UTC 3 14 39 597 589 79889 2707.813 0 1042.411 860.9359 0 0 68 0 0 1403
Jun 3rd 02:09:46.306 UTC 2 15 40 618 611 82699 2715.703 0 1077.701 902.4039 0 0 42 0 0 2544
Jun 3rd 02:09:07.679 UTC 3 15 40 593 583 79555 2682.14 0 1041.311 860.5557 0 0 68 0 0 1398
Jun 3rd 02:08:46.310 UTC 2 15 39 614 608 82021 2706.314 0 1076.516 902.2886 0 0 42 0 0 2535
Jun 3rd 02:08:07.687 UTC 3 15 39 590 582 79252 2678.387 0 1041 860.3392 0 0 68 0 0 1391
Jun 3rd 02:07:46.308 UTC 2 15 40 614 606 82021 2702.134 0 1076.516 902.2678 0 0 42 0 0 2525
Jun 3rd 02:07:06.505 UTC 3 15 39 586 581 78850 2673.39 0 1040.569 860.1656 0 0 67 0 0 1386
Jun 3rd 02:06:46.305 UTC 2 14 40 609 605 81461 2699.891 0 1076.67 902.3727 0 0 42 0 0 2516
Jun 3rd 02:06:06.502 UTC 3 12 39 586 580 78850 2667.643 0 1040.569 859.6604 0 0 67 0 0 1382
Jun 3rd 02:05:45.130 UTC 2 15 39 608 601 81307 2678.654 0 1076.721 902.285 0 0 41 0 0 2505
Jun 3rd 02:05:06.514 UTC 3 14 40 585 572 78602 2630.076 0 1040.434 857.9776 0 0 67 0 0 1377
Jun 3rd 02:04:45.150 UTC 2 15 40 605 597 81107 2658.789 0 1076.807 901.7855 0 0 41 0 0 2493
Jun 3rd 02:04:06.515 UTC 3 15 40 582 571 78207 2628.532 0 1039.816 857.9776 0 0 67 0 0 1375
Jun 3rd 02:03:45.140 UTC 2 14 40 605 595 81107 2650.416 0 1076.807 901.625 0 0 41 0 0 2481
Jun 3rd 02:03:06.503 UTC 3 15 40 577 570 77590 2624.221 0 1039.149 857.7802 0 0 67 0 0 1372
Jun 3rd 02:02:45.141 UTC 2 15 40 603 593 80918 2642.671 0 1077.027 901.6348 0 0 41 0 0 2470
Jun 3rd 02:02:06.501 UTC 3 14 40 574 568 77296 2612.318 0 1038.786 857.1802 0 0 67 0 0 1365
Jun 3rd 02:01:45.131 UTC 2 15 40 600 592 80595 2636.7 0 1077.668 901.6742 0 0 41 0 0 2462
Jun 3rd 02:01:06.509 UTC 3 15 40 573 566 77187 2605.135 0 1038.712 857.0076 0 0 67 0 0 1360
Jun 3rd 02:00:45.139 UTC 2 14 40 595 591 79875 2633.174 0 1078.427 901.9683 0 0 41 0 0 2453
Jun 3rd 02:00:06.508 UTC 3 15 40 571 564 77027 2596.691 0 1038.521 856.7123 0 0 67 0 0 1354
Jun 3rd 01:59:45.140 UTC 2 14 39 595 589 79875 2625.461 0 1078.427 902.344 0 0 41 0 0 2443
Jun 3rd 01:59:06.508 UTC 3 14 39 568 561 76409 2579.038 0 1037.281 856.3956 0 0 67 0 0 1348
Jun 3rd 01:58:45.140 UTC 2 15 40 592 585 79464 2606.315 0 1079.03 902.7438 0 0 41 0 0 2433
Jun 3rd 01:58:06.504 UTC 3 15 39 566 558 76098 2567.406 0 1037.025 856.1128 0 0 67 0 0 1345
Jun 3rd 01:57:45.140 UTC 2 15 40 590 583 79207 2600.88 0 1079.237 903.0718 0 0 41 0 0 2423
Jun 3rd 01:57:05.583 UTC 3 13 40 565 556 76018 2559.987 0 1036.828 855.3864 0 0 66 0 0 1341
Jun 3rd 01:56:45.130 UTC 2 15 40 590 579 79207 2586.306 0 1079.237 903.9127 0 0 41 0 0 2411
Jun 3rd 01:56:02.523 UTC 3 15 40 563 552 75829 2535.138 0 1035.782 854.5891 0 0 64 0 0 1332
Jun 3rd 01:55:45.150 UTC 2 15 39 586 577 78795 2583.552 0 1079.482 904.3053 0 0 41 0 0 2405
Jun 3rd 01:55:01.360 UTC 3 15 40 561 551 75585 2527.134 0 1035.082 854.2378 0 0 63 0 0 1323
Jun 3rd 01:54:45.140 UTC 2 15 40 579 575 77603 2574.253 0 1079.944 904.6158 0 0 41 0 0 2398
Jun 3rd 01:54:01.360 UTC 3 15 40 557 550 75153 2519.153 0 1033.567 853.9641 0 0 63 0 0 1317
Jun 3rd 01:53:45.128 UTC 2 14 39 578 571 77494 2557.14 0 1080.036 904.75 0 0 41 0 0 2390
Jun 3rd 01:53:01.369 UTC 3 15 40 554 549 74502 2514.395 0 1032.171 853.6964 0 0 63 0 0 1312
Jun 3rd 01:52:45.149 UTC 2 15 40 578 567 77494 2544.018 0 1080.036 904.5252 0 0 41 0 0 2381
Jun 3rd 01:52:01.370 UTC 3 15 40 554 547 74502 2505.211 0 1032.171 853.2189 0 0 63 0 0 1303
Jun 3rd 01:51:45.141 UTC 2 14 40 575 564 77078 2534.374 0 1080.209 904.4409 0 0 41 0 0 2375
Jun 3rd 01:51:01.360 UTC 3 14 40 553 545 74442 2495.424 0 1031.702 852.1691 0 0 63 0 0 1297
Jun 3rd 01:50:45.140 UTC 2 15 40 571 562 76650 2521.281 0 1080.542 904.4698 0 0 41 0 0 2366
Jun 3rd 01:49:59.675 UTC 3 14 40 550 542 74148 2484.396 0 1030.363 850.8775 0 0 62 0 0 1289
Jun 3rd 01:49:45.132 UTC 2 15 40 565 561 75825 2519.025 0 1080.692 904.5302 0 0 41 0 0 2357
Jun 3rd 01:48:59.665 UTC 3 15 40 549 540 73971 2478.856 0 1029.774 850.4127 0 0 62 0 0 1282
Jun 3rd 01:48:45.132 UTC 2 14 38 565 559 75825 2513.6 0 1080.692 904.8171 0 0 41 0 0 2349
Jun 3rd 01:47:59.665 UTC 3 15 40 546 540 73625 2478.856 0 1028.714 850.4127 0 0 62 0 0 1275
Jun 3rd 01:47:43.744 UTC 2 14 40 563 554 75636 2496.744 0 1080.485 904.8444 0 0 40 0 0 2343
Jun 3rd 01:46:59.674 UTC 3 14 39 540 537 72809 2463.88 0 1026.637 849.1934 0 0 62 0 0 1269
Jun 3rd 01:46:43.764 UTC 2 14 40 561 551 75447 2486.456 0 1080.33 904.6133 0 0 40 0 0 2331
Jun 3rd 01:45:59.673 UTC 3 13 39 540 536 72809 2461.729 0 1026.637 848.6494 0 0 62 0 0 1267
Jun 3rd 01:45:43.755 UTC 2 15 40 555 548 74800 2466.837 0 1080.242 904.2435 0 0 40 0 0 2320
Jun 3rd 01:44:58.664 UTC 3 15 40 539 532 72700 2438.338 0 1026.4 848.0029 0 0 61 0 0 1263
Jun 3rd 01:44:43.755 UTC 2 13 39 553 546 74493 2454.755 0 1080.16 903.8251 0 0 40 0 0 2311
Jun 3rd 01:43:58.675 UTC 3 15 39 538 528 72452 2418.882 0 1026.102 846.4598 0 0 61 0 0 1252
Jun 3rd 01:43:42.815 UTC 2 13 40 553 543 74493 2442.559 0 1080.16 903.4336 0 0 39 0 0 2304
Jun 3rd 01:42:58.664 UTC 3 15 40 536 525 72312 2407.158 0 1025.804 845.2053 0 0 61 0 0 1248
Jun 3rd 01:42:42.808 UTC 2 15 40 550 540 74056 2429.542 0 1080.06 903.325 0 0 39 0 0 2293
Jun 3rd 01:41:58.664 UTC 3 15 40 534 522 71920 2387.545 0 1025.312 844.1715 0 0 61 0 0 1241
Jun 3rd 01:41:42.808 UTC 2 15 40 547 538 73616 2422.11 0 1079.981 903.027 0 0 39 0 0 2286
Jun 3rd 01:40:58.667 UTC 3 15 40 529 522 71175 2387.545 0 1024.193 844.1715 0 0 61 0 0 1236
Jun 3rd 01:40:42.805 UTC 2 15 40 544 536 73231 2410.74 0 1079.552 902.8577 0 0 39 0 0 2275
Jun 3rd 01:39:58.664 UTC 3 14 40 528 520 71095 2379.188 0 1023.987 843.6187 0 0 61 0 0 1231
Jun 3rd 01:39:42.816 UTC 2 15 40 540 536 72709 2410.74 0 1079.254 902.8577 0 0 39 0 0 2267
Jun 3rd 01:38:58.674 UTC 3 15 40 525 518 70724 2371.066 0 1023.472 843.3268 0 0 61 0 0 1224
Jun 3rd 01:38:42.807 UTC 2 15 40 539 533 72575 2397.829 0 1079.103 903.01 0 0 39 0 0 2256
Jun 3rd 01:37:58.666 UTC 3 15 37 522 516 70387 2358.723 0 1023.135 842.8264 0 0 61 0 0 1216
Jun 3rd 01:37:42.796 UTC 2 13 40 538 533 72495 2397.829 0 1079.006 903.0624 0 0 39 0 0 2249
Jun 3rd 01:36:58.665 UTC 3 14 37 520 515 69975 2354.504 0 1022.882 842.4807 0 0 61 0 0 1214
Jun 3rd 01:36:41.377 UTC 2 15 40 535 528 72075 2382.228 0 1078.576 902.8965 0 0 38 0 0 2236
Jun 3rd 01:35:58.677 UTC 3 15 39 519 511 69798 2330.463 0 1022.726 841.9023 0 0 61 0 0 1213
Jun 3rd 01:35:41.388 UTC 2 15 40 534 525 72015 2367.9 0 1078.757 902.6624 0 0 38 0 0 2223
Jun 3rd 01:34:58.664 UTC 3 15 40 519 509 69798 2320.187 0 1022.726 841.6644 0 0 61 0 0 1208
Jun 3rd 01:34:41.377 UTC 2 15 40 530 522 71573 2354.073 0 1078.586 902.5821 0 0 38 0 0 2215
Jun 3rd 01:33:58.664 UTC 3 15 40 516 507 69450 2311.693 0 1022.386 841.6163 0 0 61 0 0 1202
Jun 3rd 01:33:41.375 UTC 2 15 39 529 519 71464 2344.397 0 1078.37 902.4335 0 0 38 0 0 2204
Jun 3rd 01:32:58.665 UTC 3 15 40 513 506 69021 2305.716 0 1021.981 841.6209 0 0 61 0 0 1196
Jun 3rd 01:32:41.390 UTC 2 15 40 525 517 70753 2331.109 0 1077.857 902.0978 0 0 38 0 0 2196
Jun 3rd 01:31:58.675 UTC 3 14 40 512 504 68844 2297.211 0 1021.892 841.5422 0 0 61 0 0 1191
Jun 3rd 01:31:41.377 UTC 2 14 40 523 514 70396 2315.205 0 1077.495 901.2333 0 0 38 0 0 2186
Jun 3rd 01:30:58.675 UTC 3 13 40 510 503 68607 2293.024 0 1021.536 841.431 0 0 61 0 0 1184
Jun 3rd 01:30:41.380 UTC 2 15 40 519 513 69894 2306.79 0 1076.476 901.2333 0 0 38 0 0 2177
Jun 3rd 01:29:58.662 UTC 3 15 38 506 500 68087 2283.135 0 1020.767 841.3227 0 0 61 0 0 1180
Jun 3rd 01:29:41.391 UTC 2 14 40 518 512 69814 2301.655 0 1076.109 901.0528 0 0 38 0 0 2166
Jun 3rd 01:28:57.922 UTC 3 15 37 504 498 67830 2273.093 0 1020.896 841.1553 0 0 60 0 0 1176
Jun 3rd 01:28:40.059 UTC 2 15 40 518 509 69814 2291.016 0 1076.109 900.6916 0 0 37 0 0 2154
Jun 3rd 01:27:57.934 UTC 3 15 39 501 494 67273 2256.588 0 1020.441 840.5577 0 0 60 0 0 1172
Jun 3rd 01:27:40.068 UTC 2 15 39 514 505 69020 2276.264 0 1074.974 899.8607 0 0 37 0 0 2143
Jun 3rd 01:26:57.935 UTC 3 15 40 500 491 67089 2239.487 0 1020.552 840.194 0 0 60 0 0 1165
Jun 3rd 01:26:40.068 UTC 2 15 40 512 502 68588 2262.698 0 1074.316 898.7243 0 0 37 0 0 2136
Jun 3rd 01:25:56.727 UTC 3 14 40 497 491 66581 2239.487 0 1020.649 840.1484 0 0 59 0 0 1162
Jun 3rd 01:25:40.058 UTC 2 15 40 507 501 67861 2260.656 0 1073.28 898.4473 0 0 37 0 0 2127
Jun 3rd 01:24:56.725 UTC 3 14 40 497 486 66581 2220.462 0 1020.649 839.9155 0 0 59 0 0 1154
Jun 3rd 01:24:40.058 UTC 2 15 40 506 497 67781 2246.104 0 1073.09 897.5155 0 0 37 0 0 2119
Jun 3rd 01:23:55.687 UTC 3 14 40 495 483 66169 2211.964 0 1020.673 839.4747 0 0 58 0 0 1149
Jun 3rd 01:23:40.058 UTC 2 15 40 503 495 67367 2238.79 0 1072.38 896.801 0 0 37 0 0 2107
Jun 3rd 01:22:55.701 UTC 3 15 40 488 482 65308 2209.414 0 1018.204 839.4747 0 0 58 0 0 1147
Jun 3rd 01:22:40.058 UTC 2 15 40 498 493 66793 2226.565 0 1071.339 896.2974 0 0 37 0 0 2094
Jun 3rd 01:21:55.696 UTC 3 15 40 485 480 65034 2204.688 0 1017.776 839.3139 0 0 58 0 0 1142
Jun 3rd 01:21:40.069 UTC 2 14 39 497 492 66616 2220.566 0 1071.25 895.8649 0 0 37 0 0 2084
Jun 3rd 01:20:55.697 UTC 3 15 39 482 477 64688 2189.625 0 1017.431 838.7642 0 0 58 0 0 1137
Jun 3rd 01:20:40.069 UTC 2 15 40 497 488 66616 2204.333 0 1071.25 895.1939 0 0 37 0 0 2075
Jun 3rd 01:19:55.707 UTC 3 15 37 482 474 64688 2172.674 0 1017.431 838.2054 0 0 58 0 0 1132
Jun 3rd 01:19:40.058 UTC 2 14 40 494 486 66199 2197.07 0 1070.513 894.6546 0 0 37 0 0 2063
Jun 3rd 01:18:55.696 UTC 3 13 40 481 470 64511 2158.056 0 1017.234 836.0358 0 0 58 0 0 1128
Jun 3rd 01:18:40.058 UTC 2 15 40 492 481 65891 2173.137 0 1070.076 893.5452 0 0 37 0 0 2053
Jun 3rd 01:17:55.706 UTC 3 15 40 478 468 64023 2145.719 0 1016.525 836.0358 0 0 58 0 0 1126
Jun 3rd 01:17:40.059 UTC 2 15 40 488 480 65348 2166.723 0 1069.045 893.2136 0 0 37 0 0 2040
Jun 3rd 01:16:55.698 UTC 3 14 40 475 467 63650 2140.501 0 1016.528 835.4711 0 0 58 0 0 1122
Jun 3rd 01:16:40.068 UTC 2 14 39 486 480 65134 2166.723 0 1068.508 893.0101 0 0 37 0 0 2028
Jun 3rd 01:15:55.697 UTC 3 14 39 472 466 63131 2136.174 0 1015.908 835.3328 0 0 58 0 0 1120
Jun 3rd 01:15:40.059 UTC 2 15 40 485 477 65025 2148.766 0 1068.29 892.361 0 0 37 0 0 2016
Jun 3rd 01:14:55.697 UTC 3 15 39 470 463 62867 2124.692 0 1015.495 835.1339 0 0 58 0 0 1118
Jun 3rd 01:14:40.058 UTC 2 13 40 481 477 64476 2148.766 0 1067.239 891.9514 0 0 37 0 0 2002
Jun 3rd 01:13:55.697 UTC 3 14 40 468 461 62475 2119.973 0 1014.971 834.9605 0 0 58 0 0 1115
Jun 3rd 01:13:40.058 UTC 2 15 40 481 472 64476 2124.121 0 1067.239 891.2545 0 0 37 0 0 1994
Jun 3rd 01:12:55.696 UTC 3 14 39 463 458 61977 2103.733 0 1013.68 834.5241 0 0 58 0 0 1108
Jun 3rd 01:12:40.058 UTC 2 15 40 479 471 63967 2117.579 0 1067.176 891.0354 0 0 37 0 0 1983
Jun 3rd 01:11:55.695 UTC 3 15 39 461 454 61702 2092.277 0 1013.48 833.9498 0 0 58 0 0 1100
Jun 3rd 01:11:40.058 UTC 2 12 40 476 471 63580 2117.579 0 1065.773 890.7497 0 0 37 0 0 1976
Jun 3rd 01:10:55.705 UTC 3 14 39 459 451 61346 2075.498 0 1013.265 832.8247 0 0 58 0 0 1096
Jun 3rd 01:10:40.058 UTC 2 15 40 475 465 63520 2096.566 0 1065.777 890.1061 0 0 37 0 0 1966
Jun 3rd 01:09:54.757 UTC 3 14 40 457 447 61102 2056.099 0 1012.729 831.2898 0 0 57 0 0 1091
Jun 3rd 01:09:40.060 UTC 2 15 40 471 465 63049 2096.566 0 1064.729 890.1061 0 0 37 0 0 1956
Jun 3rd 01:08:54.757 UTC 3 15 39 456 446 60923 2054.612 0 1012.135 831.2898 0 0 57 0 0 1085
Jun 3rd 01:08:40.068 UTC 2 15 39 469 462 62806 2085.333 0 1063.916 889.9074 0 0 37 0 0 1946
Jun 3rd 01:07:54.770 UTC 3 15 39 452 443 60585 2037.811 0 1011.19 830.2997 0 0 57 0 0 1079
Jun 3rd 01:07:40.058 UTC 2 15 40 467 457 62520 2060.985 0 1063.075 887.9897 0 0 37 0 0 1937
Jun 3rd 01:06:54.760 UTC 3 14 40 449 441 60168 2022.695 0 1010.316 829.2177 0 0 57 0 0 1077
Jun 3rd 01:06:40.058 UTC 2 15 39 464 457 61999 2060.985 0 1061.904 887.9897 0 0 37 0 0 1924
Jun 3rd 01:05:54.756 UTC 3 15 40 446 440 59731 2018.202 0 1008.709 829.2177 0 0 57 0 0 1070
Jun 3rd 01:05:38.492 UTC 2 15 40 462 454 61596 2049.928 0 1061.325 886.921 0 0 36 0 0 1916
Jun 3rd 01:04:54.758 UTC 3 15 40 446 439 59731 2014.873 0 1008.709 828.9567 0 0 57 0 0 1066
Jun 3rd 01:04:38.501 UTC 2 15 40 459 452 61188 2039.924 0 1060.71 886.1853 0 0 36 0 0 1908
Jun 3rd 01:03:54.765 UTC 3 15 39 445 434 59597 1998.848 0 1008.015 827.4866 0 0 57 0 0 1060
Jun 3rd 01:03:38.482 UTC 2 15 39 457 448 60931 2022.487 0 1060.001 884.6603 0 0 36 0 0 1895
Jun 3rd 01:02:54.757 UTC 3 15 40 441 433 59028 1997.265 0 1006.843 827.1318 0 0 57 0 0 1056
Jun 3rd 01:02:38.503 UTC 2 15 40 454 445 60614 2008.14 0 1059.326 883.5317 0 0 36 0 0 1886
Jun 3rd 01:01:54.755 UTC 3 15 40 436 432 58374 1994.051 0 1005.074 826.8381 0 0 57 0 0 1053
Jun 3rd 01:01:38.489 UTC 2 15 40 453 443 60534 1998.276 0 1059.165 883.0463 0 0 36 0 0 1874
Jun 3rd 01:00:54.765 UTC 3 14 38 434 430 58137 1984.085 0 1003.993 825.9174 0 0 57 0 0 1046
Jun 3rd 01:00:38.492 UTC 2 15 40 450 442 60146 1994.958 0 1057.858 882.861 0 0 36 0 0 1866
Jun 3rd 00:59:52.529 UTC 3 15 40 434 425 58137 1952.771 0 1003.993 824.4309 0 0 55 0 0 1042
Jun 3rd 00:59:38.489 UTC 2 15 40 447 440 59775 1989.14 0 1056.848 882.3299 0 0 36 0 0 1855
Jun 3rd 00:58:52.522 UTC 3 15 40 432 423 57755 1942.84 0 1002.944 823.4674 0 0 55 0 0 1036
Jun 3rd 00:58:38.501 UTC 2 14 39 444 439 59384 1985.295 0 1055.427 881.8293 0 0 36 0 0 1846
Jun 3rd 00:57:52.520 UTC 3 15 40 432 421 57755 1935.089 0 1002.944 822.637 0 0 55 0 0 1030
Jun 3rd 00:57:38.491 UTC 2 14 39 441 437 58937 1977.579 0 1054.295 881.0981 0 0 36 0 0 1836
Jun 3rd 00:56:50.655 UTC 3 15 40 428 419 57007 1928.537 0 1001.187 821.5733 0 0 54 0 0 1024
Jun 3rd 00:56:38.492 UTC 2 14 40 440 433 58828 1953.569 0 1053.916 879.5715 0 0 36 0 0 1827
Jun 3rd 00:55:50.644 UTC 3 15 40 427 418 56927 1925.359 0 1000.673 821.1277 0 0 54 0 0 1021
Jun 3rd 00:55:38.480 UTC 2 15 40 438 429 58560 1929.048 0 1053.013 878.3723 0 0 36 0 0 1816
Jun 3rd 00:54:50.653 UTC 3 15 40 422 416 56396 1916.941 0 997.4045 820.2168 0 0 54 0 0 1016
Jun 3rd 00:54:38.500 UTC 2 14 40 437 428 58451 1925.765 0 1052.549 877.5834 0 0 36 0 0 1805
Jun 3rd 00:53:50.651 UTC 3 15 40 420 413 56207 1899.61 0 995.9658 818.8134 0 0 54 0 0 1013
Jun 3rd 00:53:38.491 UTC 2 15 40 437 425 58451 1907.071 0 1052.549 876.7329 0 0 36 0 0 1794
Jun 3rd 00:52:50.653 UTC 3 15 40 418 410 56038 1885.528 0 994.3633 816.9147 0 0 54 0 0 1009
Jun 3rd 00:52:38.489 UTC 2 15 40 434 422 58044 1890.113 0 1051.605 875.1884 0 0 36 0 0 1783
Jun 3rd 00:51:50.644 UTC 3 14 40 416 408 55869 1876.238 0 993.2579 814.9274 0 0 54 0 0 1003
Jun 3rd 00:51:38.503 UTC 2 15 40 429 422 57549 1890.113 0 1049.924 875.1884 0 0 36 0 0 1772
Jun 3rd 00:50:50.652 UTC 3 15 40 414 406 55612 1864.112 0 992.184 814.1685 0 0 54 0 0 998
Jun 3rd 00:50:38.499 UTC 2 15 40 428 422 57372 1890.113 0 1049.401 875.1884 0 0 36 0 0 1764
Jun 3rd 00:49:50.655 UTC 3 13 39 413 405 55435 1855.649 0 991.6807 812.3912 0 0 54 0 0 993
Jun 3rd 00:49:38.486 UTC 2 15 40 425 420 56981 1882.598 0 1048.279 874.6665 0 0 36 0 0 1752
Jun 3rd 00:48:49.940 UTC 3 15 40 411 402 55295 1841.813 0 990.7982 811.7982 0 0 53 0 0 987
Jun 3rd 00:48:37.078 UTC 2 15 40 422 418 56541 1874.965 0 1046.957 874.2829 0 0 35 0 0 1746
Jun 3rd 00:47:49.955 UTC 3 15 40 408 399 54858 1829.674 0 988.8187 810.0651 0 0 53 0 0 976
Jun 3rd 00:47:37.069 UTC 2 14 40 421 416 56364 1871.879 0 1046.862 873.7427 0 0 35 0 0 1741
Jun 3rd 00:46:49.933 UTC 3 15 40 405 397 54463 1824.976 0 987.2343 808.9994 0 0 53 0 0 968
Jun 3rd 00:46:37.068 UTC 2 14 40 418 413 55758 1855.774 0 1046.88 872.7827 0 0 35 0 0 1733
Jun 3rd 00:45:49.950 UTC 3 15 40 402 396 54085 1819.922 0 986.1031 808.5599 0 0 53 0 0 966
Jun 3rd 00:45:37.088 UTC 2 13 40 417 409 55604 1832.641 0 1046.562 871.5065 0 0 35 0 0 1721
Jun 3rd 00:44:49.954 UTC 3 13 39 400 396 53867 1819.922 0 984.8959 807.9408 0 0 53 0 0 959
Jun 3rd 00:44:37.079 UTC 2 15 40 416 403 55524 1808.801 0 1046.421 870.3752 0 0 35 0 0 1712
Jun 3rd 00:43:49.945 UTC 3 15 40 397 391 53402 1790.276 0 983.2325 806.4451 0 0 53 0 0 952
Jun 3rd 00:43:37.069 UTC 2 14 40 412 403 54862 1808.801 0 1046.236 870.0507 0 0 35 0 0 1704
Jun 3rd 00:42:49.944 UTC 3 13 40 397 390 53402 1787.398 0 983.2325 804.7383 0 0 53 0 0 947
Jun 3rd 00:42:37.079 UTC 2 15 40 410 400 54742 1796.426 0 1045.876 869.5271 0 0 35 0 0 1696
Jun 3rd 00:41:49.934 UTC 3 14 39 395 386 53120 1766.709 0 982.6025 802.951 0 0 53 0 0 941
Jun 3rd 00:41:37.078 UTC 2 15 39 406 400 54274 1796.426 0 1045.445 869.5271 0 0 35 0 0 1685
Jun 3rd 00:40:49.944 UTC 3 15 40 392 383 52531 1750.881 0 981.5586 801.957 0 0 53 0 0 929
Jun 3rd 00:40:37.078 UTC 2 15 39 406 398 54274 1787.624 0 1045.445 869.4391 0 0 35 0 0 1681
Jun 3rd 00:39:49.945 UTC 3 15 39 390 383 52274 1750.881 0 981.2295 801.957 0 0 53 0 0 926
Jun 3rd 00:39:37.068 UTC 2 15 40 400 396 53440 1778.156 0 1043.953 869.3063 0 0 35 0 0 1671
Jun 3rd 00:38:49.944 UTC 3 15 40 388 379 52006 1730.857 0 980.61 800.4976 0 0 53 0 0 922
Jun 3rd 00:38:37.067 UTC 2 15 40 400 391 53440 1750.02 0 1043.953 868.725 0 0 35 0 0 1660
Jun 3rd 00:37:49.953 UTC 3 15 40 386 376 51788 1722.978 0 979.4196 799.2542 0 0 53 0 0 916
Jun 3rd 00:37:37.078 UTC 2 14 40 399 391 53261 1750.02 0 1043.897 868.5942 0 0 35 0 0 1651
Jun 3rd 00:36:49.945 UTC 3 15 40 384 375 51574 1716.998 0 979.0757 798.8497 0 0 53 0 0 910
Jun 3rd 00:36:37.080 UTC 2 14 40 397 388 52950 1740.565 0 1043.953 867.9986 0 0 35 0 0 1643
Jun 3rd 00:35:49.946 UTC 3 14 39 380 375 51019 1716.998 0 977.5871 798.7054 0 0 53 0 0 900
Jun 3rd 00:35:37.069 UTC 2 15 40 394 386 52602 1728.404 0 1043.9 867.8448 0 0 35 0 0 1636
Jun 3rd 00:34:49.942 UTC 3 15 40 377 373 50401 1705.035 0 976.3901 798.5656 0 0 53 0 0 895
Jun 3rd 00:34:37.089 UTC 2 15 38 392 385 52433 1723.636 0 1043.83 867.7701 0 0 35 0 0 1627
Jun 3rd 00:33:49.946 UTC 3 15 40 376 370 50292 1691.003 0 975.7371 798.2385 0 0 53 0 0 886
Jun 3rd 00:33:37.078 UTC 2 15 40 389 382 51922 1713.737 0 1043.641 867.8563 0 0 35 0 0 1621
Jun 3rd 00:32:49.943 UTC 3 15 40 375 368 50138 1680.948 0 975.0233 797.8336 0 0 53 0 0 879
Jun 3rd 00:32:37.079 UTC 2 13 40 386 379 51485 1704.592 0 1043.035 867.5573 0 0 35 0 0 1613
Jun 3rd 00:31:49.952 UTC 3 12 40 373 366 49852 1670.513 0 974.285 795.6221 0 0 53 0 0 872
Jun 3rd 00:31:37.070 UTC 2 15 40 384 376 51131 1692.427 0 1042.602 867.3624 0 0 35 0 0 1605
Jun 3rd 00:30:49.134 UTC 3 15 40 371 362 49460 1652.416 0 973.6057 795.0621 0 0 52 0 0 865
Jun 3rd 00:30:37.078 UTC 2 15 40 381 375 50788 1688.48 0 1042.249 867.336 0 0 35 0 0 1595
Jun 3rd 00:29:49.122 UTC 3 12 40 369 361 49223 1650.524 0 972.3708 793.1229 0 0 52 0 0 858
Jun 3rd 00:29:37.079 UTC 2 11 39 378 374 50278 1681.874 0 1041.499 867.4503 0 0 35 0 0 1589
Jun 3rd 00:28:48.133 UTC 3 15 40 366 356 48857 1629.469 0 970.518 791.9811 0 0 51 0 0 849
Jun 3rd 00:28:33.993 UTC 2 14 40 376 367 49950 1651.223 0 1040.753 865.6734 0 0 33 0 0 1581
Jun 3rd 00:27:48.133 UTC 3 15 40 362 355 48258 1624.392 0 968.8444 791.5057 0 0 51 0 0 842
Jun 3rd 00:27:33.982 UTC 2 15 39 374 366 49830 1645.352 0 1040.52 865.6734 0 0 33 0 0 1575
Jun 3rd 00:26:48.124 UTC 3 13 40 360 354 48069 1619.037 0 967.7319 789.8137 0 0 51 0 0 837
Jun 3rd 00:26:33.994 UTC 2 14 40 372 364 49710 1637.849 0 1040.186 864.9747 0 0 33 0 0 1564
Jun 3rd 00:25:48.123 UTC 3 15 40 357 352 47721 1615.549 0 965.6168 789.8137 0 0 51 0 0 834
Jun 3rd 00:25:33.991 UTC 2 14 40 371 360 49556 1619.43 0 1039.958 863.8066 0 0 33 0 0 1553
Jun 3rd 00:24:48.133 UTC 3 13 40 355 350 47212 1599.428 0 965.1562 787.7808 0 0 51 0 0 829
Jun 3rd 00:24:33.981 UTC 2 15 40 366 357 48798 1610.237 0 1037.684 862.9952 0 0 33 0 0 1544
Jun 3rd 00:23:48.134 UTC 3 15 40 353 344 46969 1555.821 0 963.7104 785.5464 0 0 51 0 0 821
Jun 3rd 00:23:33.996 UTC 2 15 40 362 355 48204 1596.566 0 1035.881 862.2075 0 0 33 0 0 1536
Jun 3rd 00:22:48.122 UTC 3 14 39 352 342 46835 1551.497 0 962.9448 783.7743 0 0 51 0 0 816
Jun 3rd 00:22:33.989 UTC 2 15 40 360 353 47886 1586.6 0 1034.705 861.1831 0 0 33 0 0 1524
Jun 3rd 00:21:47.408 UTC 3 15 38 351 341 46726 1549.662 0 962.856 783.7743 0 0 50 0 0 809
Jun 3rd 00:21:34.000 UTC 2 15 40 359 351 47765 1578.98 0 1034.034 860.213 0 0 33 0 0 1518
Jun 3rd 00:20:47.397 UTC 3 14 36 348 341 46122 1549.662 0 961.592 783.3713 0 0 50 0 0 806
Jun 3rd 00:20:33.989 UTC 2 14 40 357 350 47454 1571.541 0 1032.804 859.4901 0 0 33 0 0 1506
Jun 3rd 00:19:46.276 UTC 3 14 37 347 337 46042 1532.05 0 960.7728 781.1392 0 0 49 0 0 802
Jun 3rd 00:19:30.287 UTC 2 14 40 355 347 47179 1559.061 0 1031.742 857.9979 0 0 31 0 0 1493
Jun 3rd 00:18:44.710 UTC 3 15 40 343 334 45542 1519.257 0 957.415 779.7318 0 0 48 0 0 799
Jun 3rd 00:18:30.282 UTC 2 15 40 353 344 46893 1545.068 0 1030.972 856.7404 0 0 31 0 0 1482
Jun 3rd 00:17:44.707 UTC 3 14 39 341 334 45256 1519.257 0 954.3173 779.2088 0 0 48 0 0 796
Jun 3rd 00:17:30.283 UTC 2 14 40 351 343 46607 1539.895 0 1030.294 855.8444 0 0 31 0 0 1469
Jun 3rd 00:16:44.708 UTC 3 15 40 340 332 45147 1508.889 0 954.1155 778.6449 0 0 48 0 0 791
Jun 3rd 00:16:30.272 UTC 2 14 38 348 341 46132 1531.26 0 1028.476 855.0509 0 0 31 0 0 1460
Jun 3rd 00:15:43.412 UTC 3 14 40 336 332 44553 1508.889 0 950.4554 778.2484 0 0 47 0 0 782
Jun 3rd 00:15:30.286 UTC 2 15 40 346 336 45943 1508.016 0 1026.686 853.0266 0 0 31 0 0 1455
Jun 3rd 00:14:43.401 UTC 3 15 40 335 330 44432 1501.438 0 949.6085 777.6757 0 0 47 0 0 778
Jun 3rd 00:14:30.283 UTC 2 14 39 343 336 45620 1508.016 0 1024.584 852.6356 0 0 31 0 0 1445
Jun 3rd 00:13:42.602 UTC 3 15 40 333 326 44168 1481.761 0 948.035 774.7057 0 0 46 0 0 768
Jun 3rd 00:13:30.286 UTC 2 15 40 340 334 45254 1497.491 0 1022.894 852.0995 0 0 31 0 0 1439
Jun 3rd 00:12:42.603 UTC 3 15 40 331 323 43924 1472.229 0 946.8429 772.0468 0 0 46 0 0 763
Jun 3rd 00:12:30.287 UTC 2 15 40 339 333 45075 1490.943 0 1022.096 851.4283 0 0 31 0 0 1430
Jun 3rd 00:11:42.615 UTC 3 15 39 329 321 43593 1462.503 0 945.8841 770.4406 0 0 46 0 0 756
Jun 3rd 00:11:30.285 UTC 2 13 40 337 332 44665 1485.157 0 1020.747 849.8433 0 0 31 0 0 1419
Jun 3rd 00:10:42.603 UTC 3 15 40 327 319 43375 1449.509 0 944.7882 768.9628 0 0 46 0 0 753
Jun 3rd 00:10:28.392 UTC 2 15 39 335 325 44496 1453.974 0 1019.592 846.3747 0 0 30 0 0 1408
Jun 3rd 00:09:42.605 UTC 3 15 40 324 318 43036 1439.737 0 942.9047 768.3601 0 0 46 0 0 748
Jun 3rd 00:09:28.380 UTC 2 15 40 333 324 44210 1447.697 0 1018.916 845.5802 0 0 30 0 0 1398
Jun 3rd 00:08:42.614 UTC 3 15 39 322 316 42799 1425.677 0 941.3146 767.4285 0 0 46 0 0 742
Jun 3rd 00:08:28.389 UTC 2 15 40 331 322 43967 1437.399 0 1018.264 844.4459 0 0 30 0 0 1391
Jun 3rd 00:07:42.613 UTC 3 14 40 321 312 42739 1407.38 0 940.4715 764.5883 0 0 46 0 0 738
Jun 3rd 00:07:28.388 UTC 2 14 40 329 320 43847 1426.256 0 1017.813 842.9256 0 0 30 0 0 1378
Jun 3rd 00:06:41.654 UTC 3 14 40 320 310 42679 1398.246 0 939.606 763.257 0 0 45 0 0 734
Jun 3rd 00:06:28.395 UTC 2 15 40 327 318 43478 1419.873 0 1017.241 842.5809 0 0 30 0 0 1368
Jun 3rd 00:05:41.655 UTC 3 15 39 317 307 42284 1387.074 0 937.7641 761.7758 0 0 45 0 0 729
Jun 3rd 00:05:28.398 UTC 2 15 40 322 317 43014 1415.712 0 1015.613 842.3184 0 0 30 0 0 1356
Jun 3rd 00:04:40.561 UTC 3 15 39 315 306 42047 1383.787 0 936.4675 761.0655 0 0 44 0 0 726
Jun 3rd 00:04:28.385 UTC 2 14 40 322 316 43014 1411.717 0 1015.613 842.0676 0 0 30 0 0 1345
Jun 3rd 00:03:40.552 UTC 3 15 40 313 304 41878 1370.468 0 935.4362 759.5753 0 0 44 0 0 721
Jun 3rd 00:03:28.391 UTC 2 15 40 319 311 42578 1389.87 0 1014.644 841.2744 0 0 30 0 0 1335
Jun 3rd 00:02:40.562 UTC 3 15 40 308 302 41224 1358.195 0 932.1967 758.1923 0 0 44 0 0 716
Jun 3rd 00:02:28.388 UTC 2 15 40 317 310 42321 1383.214 0 1013.763 841.0762 0 0 30 0 0 1326
Jun 3rd 00:01:40.552 UTC 3 13 39 307 300 41115 1345.395 0 931.6672 755.5782 0 0 44 0 0 709
Jun 3rd 00:01:28.398 UTC 2 15 40 314 307 42004 1369.891 0 1013.482 840.0331 0 0 30 0 0 1316
Jun 3rd 00:00:39.693 UTC 3 15 40 306 297 40938 1327.943 0 930.8712 755.0038 0 0 43 0 0 707
Jun 3rd 00:00:27.418 UTC 2 14 40 313 305 41850 1358.891 0 1013.221 839.2211 0 0 29 0 0 1304
Jun 2nd 23:59:39.703 UTC 3 15 40 306 295 40938 1320.323 0 930.8712 753.7862 0 0 43 0 0 699
Jun 2nd 23:59:27.414 UTC 2 15 40 311 302 41438 1342.272 0 1013.027 838.7827 0 0 29 0 0 1296
Jun 2nd 23:58:39.704 UTC 3 13 40 302 295 40292 1320.323 0 929.3926 752.9294 0 0 43 0 0 697
Jun 2nd 23:58:27.426 UTC 2 15 40 309 298 41201 1318.032 0 1013.15 837.6718 0 0 29 0 0 1283
Jun 2nd 23:57:39.694 UTC 3 15 40 298 293 39581 1310.714 0 927.2591 752.9294 0 0 43 0 0 692
Jun 2nd 23:57:27.416 UTC 2 15 40 306 297 40897 1313.967 0 1013.611 837.4089 0 0 29 0 0 1274
Jun 2nd 23:56:39.704 UTC 3 14 40 297 292 39501 1308.547 0 926.9698 752.4469 0 0 43 0 0 687
Jun 2nd 23:56:27.418 UTC 2 15 40 305 296 40720 1308.207 0 1013.948 837.3243 0 0 29 0 0 1266
Jun 2nd 23:55:38.745 UTC 3 15 40 296 290 39324 1298.017 0 926.0229 752.3213 0 0 42 0 0 677
Jun 2nd 23:55:27.427 UTC 2 15 40 303 296 40531 1308.207 0 1013.887 837.3243 0 0 29 0 0 1258
Jun 2nd 23:54:38.746 UTC 3 13 40 292 287 38942 1283.331 0 923.6636 751.1387 0 0 42 0 0 671
Jun 2nd 23:54:27.422 UTC 2 15 40 300 293 40331 1295.573 0 1013.576 838.0738 0 0 29 0 0 1251
Jun 2nd 23:53:37.357 UTC 3 14 39 291 283 38765 1262.771 0 923.2576 749.8205 0 0 41 0 0 662
Jun 2nd 23:53:27.419 UTC 2 15 40 297 291 39688 1288.731 0 1011.961 838.658 0 0 29 0 0 1243
Jun 2nd 23:52:37.358 UTC 3 14 40 290 281 38705 1253.159 0 922.8104 748.7573 0 0 41 0 0 660
Jun 2nd 23:52:26.440 UTC 2 15 40 295 290 39499 1282.576 0 1011.412 839.0743 0 0 28 0 0 1231
Jun 2nd 23:51:36.644 UTC 3 15 40 290 278 38705 1241.138 0 922.8104 747.4271 0 0 40 0 0 655
Jun 2nd 23:51:25.457 UTC 2 13 40 293 288 39168 1280.141 0 1010.749 839.6638 0 0 27 0 0 1223
Jun 2nd 23:50:36.644 UTC 3 15 40 287 276 38339 1234.893 0 921.9386 746.0648 0 0 40 0 0 651
Jun 2nd 23:50:24.478 UTC 2 12 40 289 285 38674 1267.204 0 1010.007 838.8685 0 0 26 0 0 1210
Jun 2nd 23:49:36.646 UTC 3 15 39 279 276 37354 1234.893 0 918.7524 746.0648 0 0 40 0 0 648
Jun 2nd 23:49:24.466 UTC 2 15 40 288 279 38497 1237.597 0 1009.852 837.5607 0 0 26 0 0 1199
Jun 2nd 23:48:36.644 UTC 3 14 39 278 273 37200 1227.362 0 917.6902 744.8234 0 0 40 0 0 644
Jun 2nd 23:48:24.474 UTC 2 15 40 287 276 38313 1228.537 0 1009.232 836.1297 0 0 26 0 0 1186
Jun 2nd 23:47:36.644 UTC 3 14 40 277 270 37140 1209.814 0 916.9375 743.9065 0 0 40 0 0 642
Jun 2nd 23:47:24.466 UTC 2 15 40 284 274 37747 1221.785 0 1008.899 835.2884 0 0 26 0 0 1174
Jun 2nd 23:46:36.644 UTC 3 13 40 273 269 36741 1205.659 0 916.1608 743.3135 0 0 40 0 0 634
Jun 2nd 23:46:24.477 UTC 2 15 40 280 273 36881 1215.131 0 1008.563 835.0646 0 0 26 0 0 1168
Jun 2nd 23:45:36.654 UTC 3 13 39 272 265 36587 1192.352 0 915.574 741.8069 0 0 40 0 0 629
Jun 2nd 23:45:24.468 UTC 2 12 39 275 273 36279 1215.131 0 1004.403 834.8334 0 0 26 0 0 1157
Jun 2nd 23:44:35.731 UTC 3 14 40 270 261 36447 1176.847 0 915.124 739.9537 0 0 39 0 0 624
Jun 2nd 23:44:22.558 UTC 2 14 40 274 267 36170 1191.82 0 1003.469 833.554 0 0 24 0 0 1148
Jun 2nd 23:43:35.726 UTC 3 15 39 268 258 36229 1168.352 0 914.753 738.4711 0 0 39 0 0 618
Jun 2nd 23:43:22.568 UTC 2 15 40 272 266 35835 1188.125 0 1002.76 833.554 0 0 24 0 0 1137
Jun 2nd 23:42:35.735 UTC 3 15 39 263 255 35676 1159.229 0 913.4736 736.8579 0 0 39 0 0 613
Jun 2nd 23:42:22.559 UTC 2 15 38 271 262 35755 1170.634 0 1002.117 830.9667 0 0 24 0 0 1129
Jun 2nd 23:41:35.725 UTC 3 14 40 258 252 34824 1140.691 0 913.1546 735.2319 0 0 39 0 0 605
Jun 2nd 23:41:21.651 UTC 2 14 39 268 258 35486 1146.666 0 999.8317 827.1958 0 0 23 0 0 1122
Jun 2nd 23:40:35.725 UTC 3 14 40 256 250 34470 1129.018 0 912.7376 734.5294 0 0 39 0 0 598
Jun 2nd 23:40:21.650 UTC 2 15 40 265 256 35052 1133.624 0 998.2711 826.2787 0 0 23 0 0 1114
Jun 2nd 23:39:35.723 UTC 3 15 40 256 246 34470 1111.777 0 912.7376 733.5079 0 0 39 0 0 589
Jun 2nd 23:39:21.661 UTC 2 14 39 262 256 34535 1133.624 0 996.2909 825.6735 0 0 23 0 0 1107
Jun 2nd 23:38:35.734 UTC 3 15 40 256 245 34470 1109.259 0 912.7376 733.2801 0 0 39 0 0 583
Jun 2nd 23:38:21.660 UTC 2 14 40 262 252 34535 1120.336 0 996.2909 822.7407 0 0 23 0 0 1099
Jun 2nd 23:37:35.723 UTC 3 12 40 251 245 33609 1109.259 0 914.4529 733.1096 0 0 39 0 0 578
Jun 2nd 23:37:21.661 UTC 2 15 40 262 250 34535 1111.493 0 996.2909 822.02 0 0 23 0 0 1087
Jun 2nd 23:36:35.724 UTC 3 15 39 249 242 33391 1098.859 0 915.732 733.1096 0 0 39 0 0 574
Jun 2nd 23:36:21.650 UTC 2 15 39 255 250 33240 1111.493 0 992.3506 822.02 0 0 23 0 0 1077
Jun 2nd 23:35:35.726 UTC 3 14 40 245 240 32373 1087.47 0 913.2317 733.9638 0 0 39 0 0 569
Jun 2nd 23:35:21.649 UTC 2 14 39 252 247 32942 1103.563 0 989.9754 819.9174 0 0 23 0 0 1068
Jun 2nd 23:34:35.719 UTC 3 15 37 243 236 32019 1077.341 0 912.9304 735.0678 0 0 39 0 0 563
Jun 2nd 23:34:21.672 UTC 2 15 40 250 244 32604 1088.517 0 989.1378 818.6911 0 0 23 0 0 1058
Jun 2nd 23:33:34.614 UTC 3 14 37 240 235 31624 1071.84 0 912.4506 736.0286 0 0 38 0 0 560
Jun 2nd 23:33:21.659 UTC 2 15 40 248 243 32464 1082.176 0 988.185 818.2067 0 0 23 0 0 1045
Jun 2nd 23:32:34.603 UTC 3 14 40 238 230 31367 1046.285 0 912.0426 734.1958 0 0 38 0 0 557
Jun 2nd 23:32:21.660 UTC 2 14 40 247 239 32287 1060.853 0 987.5408 815.8765 0 0 23 0 0 1034
Jun 2nd 23:31:34.604 UTC 3 15 40 237 227 31287 1035.41 0 911.7028 733.3525 0 0 38 0 0 552
Jun 2nd 23:31:21.660 UTC 2 13 39 245 238 31813 1055.633 0 985.9826 815.2165 0 0 23 0 0 1026
Jun 2nd 23:30:34.613 UTC 3 13 40 236 225 31227 1028.801 0 911.73 731.6896 0 0 38 0 0 543
Jun 2nd 23:30:20.503 UTC 2 15 40 243 233 31624 1030.12 0 984.9363 813.1459 0 0 22 0 0 1019
Jun 2nd 23:29:34.613 UTC 3 15 39 232 223 30840 1024.525 0 910.2867 731.6896 0 0 38 0 0 536
Jun 2nd 23:29:20.498 UTC 2 15 39 243 232 31624 1026.731 0 984.9363 812.5524 0 0 22 0 0 1009
Jun 2nd 23:28:34.602 UTC 3 15 39 226 221 30026 1015.992 0 908.2626 730.9384 0 0 38 0 0 531
Jun 2nd 23:28:19.190 UTC 2 15 40 240 229 31164 1012.189 0 983.5087 810.3414 0 0 21 0 0 1002
Jun 2nd 23:27:34.602 UTC 3 15 33 223 219 29655 1005.624 0 907.2242 730.4821 0 0 38 0 0 523
Jun 2nd 23:27:19.191 UTC 2 15 40 235 229 30468 1012.189 0 981.0168 810.3414 0 0 21 0 0 993
Jun 2nd 23:26:33.298 UTC 3 13 36 223 217 29655 996.4558 0 907.2242 729.7891 0 0 37 0 0 521
Jun 2nd 23:26:19.201 UTC 2 15 40 232 228 30149 1008.455 0 979.698 809.8505 0 0 21 0 0 980
Jun 2nd 23:25:31.531 UTC 3 14 37 220 213 29147 969.9983 0 904.8278 728.6996 0 0 35 0 0 517
Jun 2nd 23:25:19.200 UTC 2 15 39 232 226 30149 997.216 0 979.698 809.2791 0 0 21 0 0 969
Jun 2nd 23:24:29.889 UTC 3 12 35 218 211 28767 957.6583 0 903.9361 726.2219 0 0 33 0 0 509
Jun 2nd 23:24:19.201 UTC 2 15 40 229 221 29778 979.8148 0 977.412 807.3716 0 0 21 0 0 962
Jun 2nd 23:23:28.001 UTC 3 12 39 218 207 28767 932.4835 0 903.9361 722.5314 0 0 31 0 0 507
Jun 2nd 23:23:19.202 UTC 2 15 39 227 219 29375 970.0531 0 977.1052 806.5054 0 0 21 0 0 948
Jun 2nd 23:22:25.939 UTC 3 14 40 218 204 28767 918.8574 0 903.9361 721.2264 0 0 29 0 0 501
Jun 2nd 23:22:19.199 UTC 2 15 39 226 217 29198 958.9959 0 977.0303 805.7104 0 0 21 0 0 940
Jun 2nd 23:21:25.933 UTC 3 15 40 215 203 28473 912.8709 0 901.3882 721.2264 0 0 29 0 0 495
Jun 2nd 23:21:19.190 UTC 2 15 40 223 213 28684 940.2672 0 975.5971 803.8336 0 0 21 0 0 932
Jun 2nd 23:20:25.948 UTC 3 15 40 211 202 27950 911.3104 0 898.2712 720.1165 0 0 29 0 0 489
Jun 2nd 23:20:19.191 UTC 2 14 40 220 213 28299 940.2672 0 971.7103 803.4553 0 0 21 0 0 921
Jun 2nd 23:19:25.949 UTC 3 15 40 208 201 27598 906.578 0 895.6325 719.2 0 0 29 0 0 486
Jun 2nd 23:19:18.262 UTC 2 15 40 217 210 27972 926.7145 0 968.7435 802.5019 0 0 20 0 0 910
Jun 2nd 23:18:25.938 UTC 3 15 40 205 201 27301 906.578 0 892.0723 719.2 0 0 29 0 0 479
Jun 2nd 23:18:18.264 UTC 2 14 40 216 208 27863 924.6785 0 968.379 800.3774 0 0 20 0 0 903
Jun 2nd 23:17:25.940 UTC 3 15 35 202 200 26978 905.0622 0 887.8341 718.5262 0 0 29 0 0 472
Jun 2nd 23:17:18.253 UTC 2 14 40 210 206 26944 912.4183 0 963.7051 798.7106 0 0 20 0 0 893
Jun 2nd 23:16:24.603 UTC 3 14 37 201 197 26898 894.8825 0 887.4895 716.8728 0 0 28 0 0 469
Jun 2nd 23:16:16.857 UTC 2 14 40 210 201 26944 889.455 0 963.7051 793.5153 0 0 19 0 0 881
Jun 2nd 23:15:24.613 UTC 3 14 40 200 193 26650 874.3701 0 886.3465 714.2819 0 0 28 0 0 466
Jun 2nd 23:15:16.847 UTC 2 15 40 208 199 26804 877.9478 0 961.5837 792.234 0 0 19 0 0 869
Jun 2nd 23:14:24.614 UTC 3 15 38 199 191 26473 868.1569 0 885.8174 713.4654 0 0 28 0 0 461
Jun 2nd 23:14:16.855 UTC 2 15 40 206 197 26541 872.8994 0 960.2441 790.5032 0 0 19 0 0 860
Jun 2nd 23:13:23.413 UTC 3 12 38 195 190 26099 863.4947 0 883.5477 709.8821 0 0 27 0 0 456
Jun 2nd 23:13:16.848 UTC 2 15 40 205 195 26461 861.4943 0 959.5607 789.0346 0 0 19 0 0 849
Jun 2nd 23:12:22.144 UTC 3 15 40 193 184 25939 839.7592 0 881.8027 706.6982 0 0 26 0 0 454
Jun 2nd 23:12:16.855 UTC 2 15 40 198 194 25417 854.694 0 952.5372 788.2659 0 0 19 0 0 837
Jun 2nd 23:11:22.143 UTC 3 14 39 191 183 25608 838.1061 0 880.2977 704.9857 0 0 26 0 0 448
Jun 2nd 23:11:16.858 UTC 2 14 40 197 192 25357 844.7026 0 950.7762 785.8663 0 0 19 0 0 828
Jun 2nd 23:10:22.143 UTC 3 15 40 188 179 25019 819.052 0 878.4603 702.3478 0 0 26 0 0 442
Jun 2nd 23:10:14.558 UTC 2 15 40 197 188 25357 827.5728 0 950.7762 783.3561 0 0 17 0 0 819
Jun 2nd 23:09:22.144 UTC 3 15 40 185 176 24605 801.686 0 875.5884 699.5486 0 0 26 0 0 437
Jun 2nd 23:09:14.578 UTC 2 15 40 195 187 25188 821.4043 0 948.9219 782.4535 0 0 17 0 0 809
Jun 2nd 23:08:20.891 UTC 3 15 40 182 173 24214 791.2574 0 871.653 696.1072 0 0 25 0 0 430
Jun 2nd 23:08:14.568 UTC 2 14 38 193 185 24931 811.3299 0 946.0623 779.9723 0 0 17 0 0 801
Jun 2nd 23:07:20.910 UTC 3 14 40 181 171 24134 779.6705 0 869.9247 692.576 0 0 25 0 0 423
Jun 2nd 23:07:13.437 UTC 2 14 40 189 182 24314 793.6543 0 940.6728 776.4152 0 0 16 0 0 793
Jun 2nd 23:06:20.903 UTC 3 15 40 178 169 23471 772.1937 0 867.7268 691.1958 0 0 25 0 0 418
Jun 2nd 23:06:13.451 UTC 2 14 40 189 180 24314 781.3653 0 940.6728 773.5048 0 0 16 0 0 782
Jun 2nd 23:05:20.900 UTC 3 15 40 176 168 23110 766.5198 0 865.9131 690.2048 0 0 25 0 0 412
Jun 2nd 23:05:12.408 UTC 2 14 40 188 178 24205 771.9196 0 939.6232 770.8463 0 0 15 0 0 775
Jun 2nd 23:04:20.891 UTC 3 15 38 173 167 22683 760.7216 0 861.5275 689.4667 0 0 25 0 0 407
Jun 2nd 23:04:12.408 UTC 2 14 40 186 176 23900 761.9792 0 937.3841 768.5415 0 0 15 0 0 763
Jun 2nd 23:03:20.061 UTC 3 11 40 169 167 22122 760.7216 0 855.0961 686.1028 0 0 24 0 0 404
Jun 2nd 23:03:12.401 UTC 2 15 40 182 174 23394 753.6728 0 931.6109 767.3501 0 0 15 0 0 753
Jun 2nd 23:02:19.237 UTC 3 15 39 169 160 22122 732.8184 0 855.0961 682.531 0 0 23 0 0 397
Jun 2nd 23:02:12.413 UTC 2 15 40 180 173 23137 747.5172 0 928.4102 766.295 0 0 15 0 0 743
Jun 2nd 23:01:19.245 UTC 3 15 40 167 159 21768 728.4465 0 852.7084 681.3859 0 0 23 0 0 395
Jun 2nd 23:01:12.409 UTC 2 14 40 177 173 22839 747.5172 0 924.5457 765.4853 0 0 15 0 0 731
Jun 2nd 23:00:19.246 UTC 3 14 40 165 158 21531 721.825 0 848.8704 679.2186 0 0 23 0 0 388
Jun 2nd 23:00:12.397 UTC 2 15 40 175 168 22719 726.9664 0 920.6083 761.7209 0 0 15 0 0 723
Jun 2nd 22:59:19.235 UTC 3 15 40 161 155 20975 709.0573 0 841.4094 676.5062 0 0 23 0 0 380
Jun 2nd 22:59:12.418 UTC 2 15 40 174 167 22639 724.2698 0 918.6262 760.7977 0 0 15 0 0 715
Jun 2nd 22:58:19.245 UTC 3 14 40 160 153 20798 699.5956 0 839.4756 671.6785 0 0 23 0 0 374
Jun 2nd 22:58:11.448 UTC 2 13 39 172 166 22308 720.766 0 915.6422 757.0505 0 0 14 0 0 707
Jun 2nd 22:57:18.264 UTC 3 12 39 158 152 20617 697.6266 0 835.4311 666.1041 0 0 22 0 0 366
Jun 2nd 22:57:11.441 UTC 2 15 40 169 160 21900 695.3966 0 911.5266 750.5438 0 0 14 0 0 700
Jun 2nd 22:56:17.428 UTC 3 13 38 155 148 20293 684.0069 0 830.528 659.9333 0 0 21 0 0 361
Jun 2nd 22:56:11.439 UTC 2 15 40 166 159 21341 691.9565 0 907.3606 748.8817 0 0 14 0 0 689
Jun 2nd 22:55:17.432 UTC 3 14 40 152 144 19898 669.05 0 824.1247 653.7391 0 0 21 0 0 358
Jun 2nd 22:55:11.442 UTC 2 13 40 163 157 20950 678.9846 0 903.8323 742.6973 0 0 14 0 0 678
Jun 2nd 22:54:17.430 UTC 3 15 39 149 141 19581 658.1492 0 818.8754 649.6127 0 0 21 0 0 353
Jun 2nd 22:54:10.459 UTC 2 15 40 161 153 20713 656.9116 0 901.5137 739.5185 0 0 13 0 0 668
Jun 2nd 22:53:17.430 UTC 3 15 40 147 138 19344 644.6635 0 814.1315 643.5475 0 0 21 0 0 349
Jun 2nd 22:53:10.460 UTC 2 15 40 159 150 20524 647.1148 0 899.0397 735.3209 0 0 13 0 0 657
Jun 2nd 22:52:17.440 UTC 3 14 40 143 136 18749 634.2318 0 805.1063 636.6055 0 0 21 0 0 342
Jun 2nd 22:52:10.455 UTC 2 15 40 159 147 20524 632.1133 0 899.0397 731.1656 0 0 13 0 0 649
Jun 2nd 22:51:17.422 UTC 3 15 39 141 134 18609 625.3572 0 800.7094 634.4565 0 0 21 0 0 335
Jun 2nd 22:51:10.448 UTC 2 15 40 155 146 19870 625.9704 0 895.8337 730.032 0 0 13 0 0 640
Jun 2nd 22:50:17.440 UTC 3 13 40 138 132 18221 608.789 0 793.6057 625.1523 0 0 21 0 0 330
Jun 2nd 22:50:10.460 UTC 2 15 40 150 146 19352 625.9704 0 890.3065 730.032 0 0 13 0 0 631
Jun 2nd 22:49:16.662 UTC 3 14 40 136 130 17867 593.4717 0 789.1254 622.7108 0 0 20 0 0 327
Jun 2nd 22:49:10.458 UTC 2 15 40 149 144 19243 621.4677 0 888.3277 728.4888 0 0 13 0 0 618
Jun 2nd 22:48:16.663 UTC 3 15 40 136 126 17867 572.4869 0 789.1254 615.3184 0 0 20 0 0 323
Jun 2nd 22:48:10.460 UTC 2 13 39 149 142 19243 609.7116 0 888.3277 725.6699 0 0 13 0 0 608
Jun 2nd 22:47:16.665 UTC 3 14 40 135 123 17787 553.0562 0 786.8102 605.3904 0 0 20 0 0 315
Jun 2nd 22:47:10.462 UTC 2 15 40 145 137 18713 581.9935 0 884.3474 722.8533 0 0 13 0 0 602
Jun 2nd 22:46:16.653 UTC 3 15 40 133 122 17459 549.5236 0 782.2204 605.3904 0 0 20 0 0 308
Jun 2nd 22:46:10.452 UTC 2 15 40 143 135 18301 571.849 0 882.1855 720.8289 0 0 13 0 0 593
Jun 2nd 22:45:16.674 UTC 3 15 40 131 120 17166 540.4066 0 778.3894 600.8339 0 0 20 0 0 305
Jun 2nd 22:45:10.451 UTC 2 15 40 143 132 18301 557.9133 0 882.1855 717.2315 0 0 13 0 0 580
Jun 2nd 22:44:16.664 UTC 3 15 39 126 119 16606 535.8433 0 766.7836 598.5708 0 0 20 0 0 300
Jun 2nd 22:44:10.448 UTC 2 15 40 141 130 18003 550.8737 0 880.5347 714.6176 0 0 13 0 0 570
Jun 2nd 22:43:15.846 UTC 3 15 40 124 118 16437 532.1703 0 760.3015 596.3859 0 0 19 0 0 297
Jun 2nd 22:43:10.470 UTC 2 15 40 138 129 17562 545.302 0 879.4501 713.3323 0 0 13 0 0 558
Jun 2nd 22:42:15.858 UTC 3 14 40 122 118 16207 532.1703 0 756.272 594.5465 0 0 19 0 0 290
Jun 2nd 22:42:10.450 UTC 2 15 40 133 128 16971 541.3354 0 874.9806 712.4763 0 0 13 0 0 550
Jun 2nd 22:41:15.852 UTC 3 15 39 119 115 15567 521.0429 0 746.6246 590.9719 0 0 19 0 0 286
Jun 2nd 22:41:09.305 UTC 2 15 40 131 126 16685 535.585 0 872.0176 711.2816 0 0 12 0 0 539
Jun 2nd 22:40:15.001 UTC 3 15 40 118 112 15413 508.3901 0 744.7888 585.28 0 0 18 0 0 280
Jun 2nd 22:40:09.303 UTC 2 15 40 130 123 16576 522.0802 0 869.9078 710.0407 0 0 12 0 0 531
Jun 2nd 22:39:14.339 UTC 3 15 38 116 111 15102 500.6293 0 741.254 583.349 0 0 17 0 0 274
Jun 2nd 22:39:09.314 UTC 2 15 40 127 121 16185 517.5839 0 865.8048 709.3834 0 0 12 0 0 521
Jun 2nd 22:38:14.330 UTC 3 15 39 115 106 14948 477.7968 0 739.2327 573.2644 0 0 17 0 0 268
Jun 2nd 22:38:09.314 UTC 2 15 40 124 117 15771 505.8342 0 863.0621 706.6461 0 0 12 0 0 513
Jun 2nd 22:37:14.331 UTC 3 15 40 113 103 14711 461.4934 0 734.2028 566.4682 0 0 17 0 0 266
Jun 2nd 22:37:08.335 UTC 2 15 40 123 114 15662 494.71 0 861.2205 702.1409 0 0 11 0 0 501
Jun 2nd 22:36:14.330 UTC 3 15 38 111 102 14497 458.7874 0 730.5073 563.9545 0 0 17 0 0 259
Jun 2nd 22:36:07.161 UTC 2 14 40 120 111 15291 482.5294 0 857.6166 696.2833 0 0 10 0 0 491
Jun 2nd 22:35:14.339 UTC 3 13 39 109 99 14211 444.5486 0 725.0514 550.7327 0 0 17 0 0 252
Jun 2nd 22:35:07.171 UTC 2 15 40 114 107 14509 464.9113 0 847.6946 691.4615 0 0 10 0 0 483
Jun 2nd 22:34:14.332 UTC 3 15 40 106 96 13894 432.2245 0 717.4875 547.7896 0 0 17 0 0 246
Jun 2nd 22:34:07.175 UTC 2 15 40 113 103 14355 449.4407 0 846.6272 683.6237 0 0 10 0 0 474
Jun 2nd 22:33:14.329 UTC 3 15 39 104 95 13705 430.1822 0 711.0929 545.1477 0 0 17 0 0 239
Jun 2nd 22:33:07.162 UTC 2 15 40 112 100 14275 437.0176 0 844.0572 677.5348 0 0 10 0 0 467
Jun 2nd 22:32:13.443 UTC 3 15 37 98 94 12942 428.226 0 689.1259 542.9713 0 0 16 0 0 235
Jun 2nd 22:32:07.162 UTC 2 15 40 108 99 13835 432.4799 0 835.1008 675.5859 0 0 10 0 0 456
Jun 2nd 22:31:13.440 UTC 3 13 35 97 92 12808 417.6442 0 686.441 531.2003 0 0 16 0 0 229
Jun 2nd 22:31:07.173 UTC 2 15 40 104 97 13319 422.6672 0 825.457 672.5301 0 0 10 0 0 446
Jun 2nd 22:30:11.704 UTC 3 15 40 94 87 12343 401.7811 0 675.1725 521.5549 0 0 14 0 0 228
Jun 2nd 22:30:07.171 UTC 2 15 40 102 96 13179 416.9168 0 819.3714 670.5735 0 0 10 0 0 433
Jun 2nd 22:29:11.696 UTC 3 15 39 94 85 12343 393.6788 0 675.1725 515.0753 0 0 14 0 0 221
Jun 2nd 22:29:06.099 UTC 2 15 40 98 94 12677 407.2572 0 807.977 666.1307 0 0 9 0 0 424
Jun 2nd 22:28:11.686 UTC 3 15 39 90 83 11793 388.5507 0 662.0292 508.9872 0 0 14 0 0 217
Jun 2nd 22:28:06.099 UTC 2 14 40 98 91 12677 396.3244 0 807.977 655.8234 0 0 9 0 0 414
Jun 2nd 22:27:11.704 UTC 3 14 40 88 80 11352 379.1656 0 652.007 494.5876 0 0 14 0 0 214
Jun 2nd 22:27:04.683 UTC 2 15 40 98 86 12677 370.7221 0 807.977 644.6993 0 0 8 0 0 402
Jun 2nd 22:26:11.695 UTC 3 15 40 84 77 10859 367.1064 0 637.3679 486.2776 0 0 14 0 0 207
Jun 2nd 22:26:04.693 UTC 2 15 40 94 84 12142 361.8987 0 794.8666 639.043 0 0 8 0 0 394
Jun 2nd 22:25:11.685 UTC 3 14 39 81 74 10511 346.5269 0 622.9405 470.7003 0 0 14 0 0 201
Jun 2nd 22:25:04.692 UTC 2 14 40 92 83 11867 356.4099 0 789.059 633.1942 0 0 8 0 0 385
Jun 2nd 22:24:11.695 UTC 3 15 39 80 70 10377 321.2022 0 618.2906 455.6229 0 0 14 0 0 195
Jun 2nd 22:24:04.682 UTC 2 15 40 87 82 11547 354.4474 0 769.3459 633.1942 0 0 8 0 0 375
Jun 2nd 22:23:11.696 UTC 3 15 40 78 66 10143 299.6015 0 606.4935 433.3291 0 0 14 0 0 189
Jun 2nd 22:23:04.683 UTC 2 15 40 85 81 11261 350.2542 0 762.2893 630.4392 0 0 8 0 0 366
Jun 2nd 22:22:11.685 UTC 3 15 40 76 65 9832 298.6442 0 595.8996 427.9137 0 0 14 0 0 187
Jun 2nd 22:22:04.699 UTC 2 13 40 84 78 11084 339.3661 0 758.022 614.9634 0 0 8 0 0 353
Jun 2nd 22:21:11.703 UTC 3 14 37 73 65 9353 298.6442 0 579.7004 423.1461 0 0 14 0 0 182
Jun 2nd 22:21:02.798 UTC 2 15 40 82 71 10659 309.2132 0 747.7742 594.1525 0 0 7 0 0 343
Jun 2nd 22:20:07.622 UTC 3 15 40 71 62 9067 287.7146 0 566.4737 411.3952 0 0 11 0 0 178
Jun 2nd 22:20:02.809 UTC 2 15 40 79 71 10212 309.2132 0 737.0328 594.1525 0 0 7 0 0 333
Jun 2nd 22:19:07.612 UTC 3 15 40 68 60 8724 279.2709 0 545.938 398.3667 0 0 11 0 0 173
Jun 2nd 22:19:02.798 UTC 2 14 40 76 69 9963 301.1269 0 724.532 583.3977 0 0 7 0 0 324
Jun 2nd 22:18:07.622 UTC 3 15 40 66 59 8426 277.4168 0 528.6927 391.9666 0 0 11 0 0 167
Jun 2nd 22:18:01.744 UTC 2 14 40 74 67 9675 290.2771 0 714.0976 576.1063 0 0 6 0 0 313
Jun 2nd 22:17:07.622 UTC 3 15 39 61 57 7561 268.8965 0 493.592 380.355 0 0 11 0 0 161
Jun 2nd 22:17:01.732 UTC 2 15 40 73 61 9595 262.6899 0 708.6696 550.4484 0 0 6 0 0 304
Jun 2nd 22:16:06.708 UTC 3 15 39 60 54 7427 260.7783 0 487.0963 361.9656 0 0 10 0 0 157
Jun 2nd 22:16:01.745 UTC 2 15 40 69 61 8969 262.6899 0 686.7688 550.4484 0 0 6 0 0 293
Jun 2nd 22:15:05.524 UTC 3 15 39 58 50 7238 242.991 0 473.2354 334.2115 0 0 9 0 0 149
Jun 2nd 22:15:01.741 UTC 2 15 40 68 60 8790 256.1992 0 680.6064 545.4717 0 0 6 0 0 286
Jun 2nd 22:14:05.508 UTC 3 14 40 57 48 7084 227.112 0 467.2235 312.3509 0 0 9 0 0 146
Jun 2nd 22:14:01.742 UTC 2 14 40 64 59 8384 251.9837 0 650.7413 535.9304 0 0 6 0 0 274
Jun 2nd 22:13:05.522 UTC 3 15 40 54 46 6717 218.4864 0 448.7801 305.4065 0 0 9 0 0 140
Jun 2nd 22:13:01.733 UTC 2 15 39 61 56 8135 242.8092 0 625.5604 526.2184 0 0 6 0 0 266
Jun 2nd 22:12:05.524 UTC 3 14 40 53 44 6540 213.9614 0 442.0442 284.6513 0 0 9 0 0 134
Jun 2nd 22:12:00.752 UTC 2 15 38 60 52 8075 223.7582 0 619.9006 503.5622 0 0 5 0 0 257
Jun 2nd 22:11:03.737 UTC 3 15 40 49 40 5989 188.6973 0 416.0952 262.7974 0 0 7 0 0 127
Jun 2nd 22:11:00.750 UTC 2 15 40 59 48 7891 201.9182 0 612.0517 472.5055 0 0 5 0 0 248
Jun 2nd 22:10:03.748 UTC 3 15 40 46 39 5409 181.8077 0 396.7151 255.5697 0 0 7 0 0 121
Jun 2nd 22:10:00.761 UTC 2 15 39 57 47 7459 197.84 0 595.0848 464.5181 0 0 5 0 0 239
Jun 2nd 22:09:03.747 UTC 3 15 39 45 38 5349 172.93 0 388.2126 248.5219 0 0 7 0 0 114
Jun 2nd 22:09:00.751 UTC 2 15 40 55 45 7241 192.2044 0 579.8801 448.9784 0 0 5 0 0 231
Jun 2nd 22:08:03.748 UTC 3 14 39 43 35 5209 156.2149 0 374.0425 222.4329 0 0 7 0 0 110
Jun 2nd 22:08:00.752 UTC 2 15 40 51 43 6834 183.247 0 544.6225 432.9535 0 0 5 0 0 220
Jun 2nd 22:07:03.747 UTC 3 15 40 42 31 5032 141.59 0 367.1135 200.6496 0 0 7 0 0 104
Jun 2nd 22:07:00.751 UTC 2 15 39 47 42 6337 177.5125 0 506.2929 425.5014 0 0 5 0 0 212
Jun 2nd 22:06:03.738 UTC 3 15 39 39 30 4602 137.5437 0 350.088 193.6179 0 0 7 0 0 96
Jun 2nd 22:06:00.753 UTC 2 15 40 44 38 5994 161.8984 0 475.808 391.2971 0 0 5 0 0 205
Jun 2nd 22:05:02.330 UTC 3 15 40 37 27 4339 121.0647 0 339.0252 170.7505 0 0 6 0 0 92
Jun 2nd 22:04:59.534 UTC 2 14 39 43 37 5746 155.8384 0 466.7852 373.8308 0 0 4 0 0 193
Jun 2nd 22:04:02.327 UTC 3 15 39 35 26 4199 114.3666 0 323.1155 163.2302 0 0 6 0 0 86
Jun 2nd 22:03:57.920 UTC 2 14 40 42 32 5637 136.2354 0 457.6104 325.9739 0 0 3 0 0 186
Jun 2nd 22:03:02.317 UTC 3 15 36 31 25 3748 111.4467 0 293.4792 156.434 0 0 6 0 0 82
Jun 2nd 22:02:57.921 UTC 2 15 40 38 29 5264 121.8977 0 422.3787 305.6679 0 0 3 0 0 173
Jun 2nd 22:02:02.320 UTC 3 15 32 29 24 3608 104.7486 0 278.8579 150.7237 0 0 6 0 0 77
Jun 2nd 22:01:57.930 UTC 2 14 40 36 28 5095 116.2366 0 403.9731 285.9036 0 0 3 0 0 164
Jun 2nd 22:01:02.317 UTC 3 13 28 27 24 3394 104.7486 0 262.4766 142.1076 0 0 6 0 0 71
Jun 2nd 22:00:57.927 UTC 2 15 39 32 26 4397 105.039 0 366.824 276.933 0 0 3 0 0 155
Jun 2nd 22:00:02.316 UTC 3 14 25 27 19 3394 78.88136 0 262.4766 120.4718 0 0 6 0 0 64
Jun 2nd 21:59:57.918 UTC 2 15 40 31 23 4288 90.52898 0 357.4054 249.451 0 0 3 0 0 147
Jun 2nd 21:59:01.447 UTC 3 13 24 25 17 3157 61.47703 0 245.0153 98.80858 0 0 5 0 0 59
Jun 2nd 21:58:57.920 UTC 2 14 40 30 21 4208 86.14435 0 348.8565 221.943 0 0 3 0 0 136
Jun 2nd 21:58:01.447 UTC 3 15 18 24 14 3097 49.04123 0 240.2735 89.96937 0 0 5 0 0 52
Jun 2nd 21:57:57.917 UTC 2 14 40 26 19 3734 78.76647 0 317.4002 204.1392 0 0 3 0 0 128
Jun 2nd 21:57:01.447 UTC 3 15 18 21 13 2731 46.82657 0 226.196 82.85496 0 0 5 0 0 51
Jun 2nd 21:56:57.919 UTC 2 15 39 23 17 3485 66.35303 0 290.2006 195.7147 0 0 3 0 0 114
Jun 2nd 21:56:01.441 UTC 3 15 13 19 11 2530 36.08846 0 213.5051 70.60564 0 0 5 0 0 44
Jun 2nd 21:55:57.921 UTC 2 15 39 21 15 3199 56.9839 0 271.5209 178.9816 0 0 3 0 0 106
Jun 2nd 21:55:01.439 UTC 3 15 13 17 8 2244 21.79224 0 207.843 54.01822 0 0 5 0 0 41
Jun 2nd 21:54:57.922 UTC 2 15 40 19 12 2690 45.28206 0 250.8956 156.1566 0 0 3 0 0 94
Jun 2nd 21:54:01.449 UTC 3 15 12 15 6 2026 17.41401 0 198.8228 43.29245 0 0 5 0 0 38
Jun 2nd 21:53:57.920 UTC 2 15 39 17 8 2472 25.44606 0 233.9829 123.0172 0 0 3 0 0 82
Jun 2nd 21:53:01.453 UTC 3 13 12 11 5 1429 13.70592 0 167.8107 30.48335 0 0 5 0 0 35
Jun 2nd 21:52:57.922 UTC 2 14 40 15 5 2080 12.68477 0 219.359 82.87038 0 0 3 0 0 71
Jun 2nd 21:52:01.439 UTC 3 13 9 10 2 1308 3.905963 0 169.7923 17.62084 0 0 5 0 0 29
Jun 2nd 21:51:57.920 UTC 2 15 40 14 3 1854 6.864141 0 212.3807 70.93521 0 0 3 0 0 62
Jun 2nd 21:51:01.440 UTC 3 15 3 6 0 812 0 0 132.4336 17.62084 0 0 5 0 0 23
Jun 2nd 21:50:56.890 UTC 2 15 34 12 2 1568 3.095423 0 202.577 60.8878 0 0 2 0 0 53
Jun 2nd 21:50:01.449 UTC 3 13 1 1 0 109 0 0 166.5686 17.98036 0 0 5 0 0 19
Jun 2nd 21:49:56.885 UTC 2 15 22 3 2 278 3.095423 0 112.6956 60.8878 0 0 2 0 0 41
Jun 2nd 21:48:58.154 UTC 3 9 4 0 0 0 0 0 NaN 12.5346 0 0 3 0 0 16
Jun 2nd 21:48:56.892 UTC 2 14 12 3 1 278 1.378583 0 112.6956 55.83781 0 0 2 0 0 29
Jun 2nd 21:47:55.605 UTC 2 10 12 2 0 169 0 0 87.00371 39.29985 0 0 1 0 0 23
Jun 2nd 21:47:55.552 UTC 3 5 1 0 0 0 0 0 NaN 6.698648 0 0 1 0 0 7
Jun 2nd 21:46:55.553 UTC 3 1 0 0 0 0 0 0 NaN 7.798308 0 0 1 0 0 2
Jun 2nd 21:46:54.404 UTC 2 5 8 0 0 0 0 0 NaN 24.49833 0 0 0 0 0 13
Jun 2nd 21:45:54.714 UTC 3 0 0 0 0 0 0 0 NaN NaN 0 0 0 0 0 0
Jun 2nd 21:45:54.562 UTC 2 0 0 0 0 0 0 0 NaN NaN 0 0 0 0 0 0