dt1 dt2 dt3 dt4 controller drones queue deliveries fullTrips revenue costs penalties avgDelTime avgWaitTime fDel fRet fLaunch collisions unknown total
Jun 5th 23:19:49.679 UTC 3 15 39 827 819 108001 3726.132 12.86 1038.319 858.0586 2 0 117 0 0 1974
Jun 5th 23:19:07.313 UTC 2 15 40 876 869 116265 3774.195 0 1068.398 898.3831 0 0 52 0 0 3477
Jun 5th 23:18:48.768 UTC 3 15 37 824 817 107590 3719.319 12.86 1038.217 858.0787 2 0 116 0 0 1967
Jun 5th 23:18:07.312 UTC 2 13 40 876 868 116265 3772.631 0 1068.398 898.353 0 0 52 0 0 3464
Jun 5th 23:17:47.015 UTC 3 15 40 823 815 107406 3713.565 12.86 1038.149 858.0254 2 0 114 0 0 1964
Jun 5th 23:17:07.301 UTC 2 14 40 872 864 115512 3753.239 0 1068.391 898.2499 0 0 52 0 0 3454
Jun 5th 23:16:47.026 UTC 3 15 37 820 814 106940 3709.723 12.86 1037.753 858.0161 2 0 114 0 0 1958
Jun 5th 23:16:07.312 UTC 2 15 39 871 861 115335 3738.563 0 1068.331 898.1846 0 0 52 0 0 3443
Jun 5th 23:15:47.025 UTC 3 14 40 817 810 106432 3689.999 12.86 1037.767 857.9403 2 0 114 0 0 1953
Jun 5th 23:15:07.311 UTC 2 15 40 868 860 115086 3732.93 0 1068.095 898.1049 0 0 52 0 0 3433
Jun 5th 23:14:47.025 UTC 3 14 39 816 808 106323 3683.464 12.86 1037.637 857.8194 2 0 114 0 0 1950
Jun 5th 23:14:07.310 UTC 2 15 40 865 859 114484 3727.349 0 1068.071 898.0366 0 0 52 0 0 3423
Jun 5th 23:13:47.015 UTC 3 15 40 815 804 106169 3675.61 12.86 1037.533 857.6219 2 0 114 0 0 1946
Jun 5th 23:13:07.301 UTC 2 15 40 864 855 114375 3713.56 0 1067.984 897.8465 0 0 52 0 0 3415
Jun 5th 23:12:46.288 UTC 3 14 38 808 803 105066 3668.028 12.86 1037.254 857.4966 2 0 113 0 0 1939
Jun 5th 23:12:07.301 UTC 2 14 39 861 853 113893 3709.172 0 1067.898 897.7841 0 0 52 0 0 3402
Jun 5th 23:11:46.289 UTC 3 15 40 805 798 104675 3648.888 12.86 1037.009 856.9692 2 0 113 0 0 1936
Jun 5th 23:11:07.322 UTC 2 15 40 859 850 113656 3700.528 0 1067.635 897.629 0 0 52 0 0 3392
Jun 5th 23:10:46.279 UTC 3 14 40 803 796 104535 3634.161 12.86 1037.01 856.6071 2 0 113 0 0 1932
Jun 5th 23:10:07.311 UTC 2 15 38 854 849 112950 3695.042 0 1067.574 897.6056 0 0 52 0 0 3380
Jun 5th 23:09:46.278 UTC 3 14 40 802 794 104381 3628.806 12.86 1037.074 856.4977 2 0 113 0 0 1925
Jun 5th 23:09:07.311 UTC 2 15 40 850 846 112499 3684.856 0 1067.518 897.5605 0 0 52 0 0 3374
Jun 5th 23:08:46.289 UTC 3 15 40 799 791 103967 3619.223 12.86 1037.089 856.3973 2 0 113 0 0 1919
Jun 5th 23:08:07.313 UTC 2 15 40 849 842 112390 3673.811 0 1067.642 897.5964 0 0 52 0 0 3366
Jun 5th 23:07:46.288 UTC 3 15 40 797 786 103565 3594.587 12.86 1036.95 856.0089 2 0 113 0 0 1914
Jun 5th 23:07:07.313 UTC 2 15 40 849 836 112390 3646.157 0 1067.642 897.2349 0 0 52 0 0 3352
Jun 5th 23:06:46.278 UTC 3 15 40 793 784 103022 3585.901 12.86 1036.792 855.8138 2 0 113 0 0 1912
Jun 5th 23:06:07.303 UTC 2 15 40 845 834 111954 3633.909 0 1067.697 896.9907 0 0 52 0 0 3344
Jun 5th 23:05:46.278 UTC 3 15 40 792 783 102888 3584.414 12.86 1036.879 855.7796 2 0 113 0 0 1904
Jun 5th 23:05:07.302 UTC 2 15 40 841 831 111508 3621.218 0 1067.719 896.8386 0 0 52 0 0 3335
Jun 5th 23:04:46.289 UTC 3 15 38 787 782 102298 3582.698 12.86 1036.852 855.7903 2 0 113 0 0 1897
Jun 5th 23:04:07.313 UTC 2 15 40 839 830 111339 3615.857 0 1067.676 896.8043 0 0 52 0 0 3324
Jun 5th 23:03:46.289 UTC 3 14 40 785 780 102084 3570.214 12.86 1036.88 855.7676 2 0 113 0 0 1896
Jun 5th 23:03:06.271 UTC 2 15 39 836 828 110829 3604.864 0 1067.512 896.7994 0 0 51 0 0 3313
Jun 5th 23:02:46.278 UTC 3 13 39 782 777 101525 3552.497 12.86 1036.717 855.6727 2 0 113 0 0 1890
Jun 5th 23:02:06.276 UTC 2 15 40 834 826 110566 3595.265 0 1067.21 896.7231 0 0 51 0 0 3305
Jun 5th 23:01:46.289 UTC 3 15 39 782 773 101525 3536.701 12.86 1036.717 855.5404 2 0 113 0 0 1883
Jun 5th 23:01:06.275 UTC 2 15 40 831 823 110249 3579.584 0 1066.844 896.5927 0 0 51 0 0 3296
Jun 5th 23:00:46.289 UTC 3 15 40 781 771 101416 3529.106 12.86 1036.909 855.4366 2 0 113 0 0 1879
Jun 5th 23:00:06.272 UTC 2 15 40 829 822 110080 3576.606 0 1066.671 896.5314 0 0 51 0 0 3284
Jun 5th 22:59:46.277 UTC 3 13 40 779 770 101157 3523.64 12.86 1036.742 855.5462 2 0 113 0 0 1874
Jun 5th 22:59:06.278 UTC 2 15 40 828 821 109854 3573.38 0 1066.659 896.4245 0 0 51 0 0 3275
Jun 5th 22:58:45.503 UTC 3 14 40 775 767 100682 3510.674 12.86 1036.501 855.6036 2 0 112 0 0 1869
Jun 5th 22:58:06.262 UTC 2 15 40 824 819 109377 3563.366 0 1066.448 896.3059 0 0 51 0 0 3263
Jun 5th 22:57:45.512 UTC 3 15 40 769 765 99941 3497.374 12.86 1035.983 855.546 2 0 112 0 0 1866
Jun 5th 22:57:06.279 UTC 2 14 40 821 815 109177 3545.139 0 1066.193 896.0624 0 0 51 0 0 3255
Jun 5th 22:56:45.502 UTC 3 15 40 769 762 99941 3483.652 12.86 1035.983 855.384 2 0 112 0 0 1860
Jun 5th 22:56:06.261 UTC 2 15 40 821 812 109177 3534.365 0 1066.193 895.9613 0 0 51 0 0 3243
Jun 5th 22:55:45.505 UTC 3 13 39 768 762 99764 3483.652 12.86 1035.901 855.3499 2 0 112 0 0 1854
Jun 5th 22:55:06.262 UTC 2 14 40 818 811 108666 3529.946 0 1066.152 895.9542 0 0 51 0 0 3234
Jun 5th 22:54:44.596 UTC 3 14 39 766 757 99501 3463.816 12.86 1035.918 854.9189 2 0 111 0 0 1849
Jun 5th 22:54:06.273 UTC 2 14 40 815 808 108203 3520.318 0 1065.811 895.8524 0 0 51 0 0 3226
Jun 5th 22:53:43.707 UTC 3 14 40 766 754 99501 3456.735 12.86 1035.918 854.5369 2 0 110 0 0 1843
Jun 5th 22:53:06.272 UTC 2 15 40 813 803 108034 3503.029 0 1065.627 895.4807 0 0 51 0 0 3218
Jun 5th 22:52:43.708 UTC 3 15 38 760 753 98692 3452.325 12.86 1036.047 854.5369 2 0 110 0 0 1835
Jun 5th 22:52:06.275 UTC 2 15 40 809 801 107705 3497.323 0 1064.65 895.2274 0 0 51 0 0 3207
Jun 5th 22:51:43.696 UTC 3 14 40 755 750 98126 3444.283 12.86 1034.94 854.3955 2 0 110 0 0 1833
Jun 5th 22:51:06.277 UTC 2 14 40 805 800 107208 3496.11 0 1063.99 894.9825 0 0 51 0 0 3196
Jun 5th 22:50:43.708 UTC 3 15 39 753 746 97889 3425.857 12.86 1034.799 854.1713 2 0 110 0 0 1829
Jun 5th 22:50:06.273 UTC 2 15 39 803 796 106965 3475.244 0 1063.857 894.4836 0 0 51 0 0 3182
Jun 5th 22:49:43.707 UTC 3 15 40 751 744 97554 3413.747 12.86 1034.77 853.9543 2 0 110 0 0 1824
Jun 5th 22:49:06.275 UTC 2 14 39 800 793 106648 3462.08 0 1063.14 893.634 0 0 51 0 0 3175
Jun 5th 22:48:42.923 UTC 3 15 39 750 742 97494 3402.265 12.86 1034.749 853.7071 2 0 109 0 0 1817
Jun 5th 22:48:06.271 UTC 2 15 40 799 790 106539 3445.279 0 1063.039 893.0993 0 0 51 0 0 3166
Jun 5th 22:47:42.943 UTC 3 15 39 747 741 97060 3397.89 12.86 1034.502 853.5746 2 0 109 0 0 1813
Jun 5th 22:47:06.276 UTC 2 13 40 798 788 106479 3432.352 0 1062.842 892.1118 0 0 51 0 0 3154
Jun 5th 22:46:41.994 UTC 3 15 40 747 738 97060 3381.74 12.86 1034.502 853.3023 2 0 108 0 0 1808
Jun 5th 22:46:06.277 UTC 2 15 40 795 785 106259 3417.325 0 1062.123 891.9345 0 0 51 0 0 3147
Jun 5th 22:45:41.994 UTC 3 14 38 744 735 96746 3364.952 12.86 1034.132 852.9499 2 0 108 0 0 1801
Jun 5th 22:45:06.280 UTC 2 15 40 791 783 105876 3409.676 0 1061.27 891.476 0 0 51 0 0 3135
Jun 5th 22:44:41.168 UTC 3 15 40 741 732 96391 3351.491 12.86 1033.901 852.7275 2 0 107 0 0 1799
Jun 5th 22:44:06.277 UTC 2 15 40 789 782 105565 3406.816 0 1060.581 891.2622 0 0 51 0 0 3123
Jun 5th 22:43:41.156 UTC 3 15 40 740 731 96331 3350.068 12.86 1033.743 852.6038 2 0 107 0 0 1797
Jun 5th 22:43:06.272 UTC 2 15 40 787 781 105308 3405.339 0 1060.108 891.1259 0 0 51 0 0 3111
Jun 5th 22:42:41.157 UTC 3 15 40 738 730 95906 3346.443 12.86 1033.488 852.5199 2 0 107 0 0 1791
Jun 5th 22:42:05.271 UTC 2 15 40 783 778 104905 3392.558 0 1059.092 890.6212 0 0 50 0 0 3104
Jun 5th 22:41:41.148 UTC 3 15 40 733 728 95301 3338.986 12.86 1033.368 852.4186 2 0 107 0 0 1785
Jun 5th 22:41:05.270 UTC 2 15 39 781 775 104594 3379.06 0 1058.758 889.8798 0 0 50 0 0 3096
Jun 5th 22:40:41.167 UTC 3 15 40 731 725 95038 3322.082 12.86 1032.766 852.2185 2 0 107 0 0 1777
Jun 5th 22:40:05.260 UTC 2 15 40 780 772 104440 3360.283 0 1058.636 889.0869 0 0 50 0 0 3086
Jun 5th 22:39:41.159 UTC 3 15 40 730 723 94978 3310.642 12.86 1032.701 852.14 2 0 107 0 0 1770
Jun 5th 22:39:05.270 UTC 2 15 40 779 769 104263 3345.783 0 1058.546 888.3977 0 0 50 0 0 3079
Jun 5th 22:38:41.158 UTC 3 15 40 727 720 94353 3298.484 12.86 1032.504 852.0568 2 0 107 0 0 1763
Jun 5th 22:38:05.270 UTC 2 14 40 776 769 103919 3345.783 0 1058.364 888.2324 0 0 50 0 0 3071
Jun 5th 22:37:41.150 UTC 3 15 37 727 717 94353 3290.053 12.86 1032.504 851.6841 2 0 107 0 0 1756
Jun 5th 22:37:05.260 UTC 2 15 40 775 766 103859 3328.382 0 1058.239 887.9285 0 0 50 0 0 3061
Jun 5th 22:36:40.310 UTC 3 14 39 725 714 93984 3276.111 12.86 1032.305 851.1325 2 0 106 0 0 1753
Jun 5th 22:36:05.271 UTC 2 15 40 771 763 103159 3315.592 0 1057.992 887.6178 0 0 50 0 0 3050
Jun 5th 22:35:40.320 UTC 3 15 40 721 712 93344 3268.2 12.86 1032.243 850.9665 2 0 106 0 0 1748
Jun 5th 22:35:05.271 UTC 2 15 40 768 761 102820 3304.299 0 1057.793 887.5037 0 0 50 0 0 3040
Jun 5th 22:34:40.310 UTC 3 15 40 718 709 92956 3251.906 12.86 1031.333 850.5209 2 0 106 0 0 1742
Jun 5th 22:34:05.261 UTC 2 15 40 767 760 102666 3299.129 0 1057.697 887.48 0 0 50 0 0 3029
Jun 5th 22:33:40.310 UTC 3 13 40 714 709 92461 3251.906 12.86 1030.699 850.3811 2 0 106 0 0 1737
Jun 5th 22:33:05.270 UTC 2 15 40 765 757 102384 3282.478 0 1057.475 887.3568 0 0 50 0 0 3023
Jun 5th 22:32:39.638 UTC 3 15 40 713 706 92284 3240.224 12.86 1030.537 850.2747 2 0 105 0 0 1729
Jun 5th 22:32:05.271 UTC 2 15 40 763 756 102244 3280.598 0 1057.257 887.3483 0 0 50 0 0 3013
Jun 5th 22:31:39.637 UTC 3 15 39 711 704 92047 3230.593 12.86 1030.458 850.086 2 0 105 0 0 1726
Jun 5th 22:31:05.262 UTC 2 15 40 762 753 102018 3266.538 0 1057.125 887.2422 0 0 50 0 0 3002
Jun 5th 22:30:38.790 UTC 3 14 39 708 701 91602 3217.404 12.86 1029.69 849.4954 2 0 104 0 0 1720
Jun 5th 22:30:05.271 UTC 2 15 40 758 752 101601 3260.507 0 1057.114 887.1996 0 0 50 0 0 2992
Jun 5th 22:29:38.801 UTC 3 15 40 707 697 91425 3194.687 12.86 1029.431 848.7812 2 0 104 0 0 1717
Jun 5th 22:29:05.271 UTC 2 15 40 756 748 101364 3242.403 0 1057.029 887.0781 0 0 50 0 0 2982
Jun 5th 22:28:38.788 UTC 3 15 39 704 697 90924 3194.687 12.86 1028.748 848.7812 2 0 104 0 0 1712
Jun 5th 22:28:05.260 UTC 2 15 40 754 745 100982 3226.952 0 1057.109 886.8777 0 0 50 0 0 2970
Jun 5th 22:27:38.789 UTC 3 13 40 701 695 90552 3187.522 12.86 1027.885 848.0732 2 0 104 0 0 1709
Jun 5th 22:27:05.261 UTC 2 15 39 753 744 100734 3224.488 0 1057.155 886.8606 0 0 50 0 0 2960
Jun 5th 22:26:38.779 UTC 3 15 39 700 691 90375 3169.55 12.86 1027.588 847.4899 2 0 104 0 0 1702
Jun 5th 22:26:05.271 UTC 2 15 40 751 741 100565 3211.612 0 1056.75 886.7905 0 0 50 0 0 2949
Jun 5th 22:25:38.800 UTC 3 15 40 697 689 90047 3156.897 12.86 1027.202 846.9205 2 0 104 0 0 1698
Jun 5th 22:25:05.261 UTC 2 15 40 747 740 100188 3208.801 0 1056.715 886.7891 0 0 50 0 0 2940
Jun 5th 22:24:38.789 UTC 3 15 40 694 685 89733 3142.333 12.86 1025.967 845.8504 2 0 104 0 0 1693
Jun 5th 22:24:05.261 UTC 2 15 40 743 739 99720 3202.993 0 1056.161 886.9044 0 0 50 0 0 2930
Jun 5th 22:23:38.788 UTC 3 15 40 693 683 89556 3132.281 12.86 1025.573 845.2745 2 0 104 0 0 1688
Jun 5th 22:23:05.270 UTC 2 14 40 741 736 99295 3190.88 0 1055.995 887.0514 0 0 50 0 0 2921
Jun 5th 22:22:38.778 UTC 3 15 39 690 683 89145 3132.281 12.86 1024.473 845.2745 2 0 104 0 0 1682
Jun 5th 22:22:05.271 UTC 2 15 40 741 732 99295 3175.585 0 1055.995 886.8312 0 0 50 0 0 2910
Jun 5th 22:21:37.923 UTC 3 15 39 686 681 88738 3123.174 12.86 1023.044 844.9043 2 0 103 0 0 1678
Jun 5th 22:21:04.364 UTC 2 15 40 737 729 98617 3162.271 0 1055.626 886.502 0 0 49 0 0 2899
Jun 5th 22:20:37.932 UTC 3 15 40 684 678 88524 3105.456 12.86 1021.89 843.7223 2 0 103 0 0 1675
Jun 5th 22:20:03.526 UTC 2 15 40 734 724 97999 3143.798 0 1055.337 885.6917 0 0 48 0 0 2889
Jun 5th 22:19:37.932 UTC 3 15 40 683 675 88415 3087.005 12.86 1021.629 842.5287 2 0 103 0 0 1670
Jun 5th 22:19:03.518 UTC 2 15 40 734 722 97999 3131.857 0 1055.337 885.39 0 0 48 0 0 2880
Jun 5th 22:18:37.932 UTC 3 13 40 682 673 88231 3070.967 12.86 1021.379 840.986 2 0 103 0 0 1662
Jun 5th 22:18:03.516 UTC 2 15 39 728 721 97397 3127.555 0 1054.411 885.2671 0 0 48 0 0 2872
Jun 5th 22:17:37.104 UTC 3 15 40 679 669 87982 3052.557 12.86 1020.072 840.12 2 0 102 0 0 1653
Jun 5th 22:17:03.531 UTC 2 15 40 727 717 97317 3112.27 0 1054.202 884.5097 0 0 48 0 0 2866
Jun 5th 22:16:36.258 UTC 3 14 40 678 669 87873 3052.557 12.86 1019.598 839.6973 2 0 101 0 0 1646
Jun 5th 22:16:03.528 UTC 2 15 40 724 716 96805 3109.009 0 1053.842 884.3574 0 0 48 0 0 2858
Jun 5th 22:15:36.258 UTC 3 15 40 676 667 87684 3043.6 12.86 1019.003 839.2324 2 0 101 0 0 1640
Jun 5th 22:15:03.519 UTC 2 14 40 720 715 96330 3106.302 0 1053.114 884.1365 0 0 48 0 0 2849
Jun 5th 22:14:36.247 UTC 3 15 40 675 666 87624 3040.01 12.86 1018.845 838.8862 2 0 101 0 0 1632
Jun 5th 22:14:02.538 UTC 2 15 40 718 712 95976 3088.866 0 1052.563 883.8731 0 0 47 0 0 2842
Jun 5th 22:13:36.258 UTC 3 15 40 670 663 86805 3029.415 12.86 1016.313 837.8046 2 0 101 0 0 1625
Jun 5th 22:13:02.537 UTC 2 15 40 716 710 95645 3077.608 0 1052.349 883.5338 0 0 47 0 0 2832
Jun 5th 22:12:36.249 UTC 3 15 40 668 660 86364 3007.316 12.86 1015.256 836.7605 2 0 101 0 0 1621
Jun 5th 22:12:02.538 UTC 2 15 40 715 707 95468 3059.983 0 1052.162 883.1972 0 0 47 0 0 2822
Jun 5th 22:11:36.248 UTC 3 15 38 665 660 85927 3007.316 12.86 1014.888 836.7605 2 0 101 0 0 1618
Jun 5th 22:11:02.544 UTC 2 13 40 714 705 95408 3049.488 0 1052.065 882.4526 0 0 47 0 0 2808
Jun 5th 22:10:35.351 UTC 3 14 40 664 658 85701 2998.742 12.86 1014.45 836.1228 2 0 100 0 0 1616
Jun 5th 22:10:02.546 UTC 2 15 40 714 701 95408 3030.191 0 1052.065 882.0436 0 0 47 0 0 2799
Jun 5th 22:09:35.349 UTC 3 15 40 663 656 85517 2988.479 12.86 1014.005 835.8465 2 0 100 0 0 1610
Jun 5th 22:09:02.536 UTC 2 15 40 709 700 94734 3025.609 0 1051.877 881.9347 0 0 47 0 0 2787
Jun 5th 22:08:35.359 UTC 3 14 40 661 654 85397 2982.537 12.86 1013.075 834.8215 2 0 100 0 0 1603
Jun 5th 22:08:01.628 UTC 2 15 40 708 699 94674 3021.077 0 1051.915 881.89 0 0 46 0 0 2782
Jun 5th 22:07:35.350 UTC 3 14 40 659 651 85154 2966.448 12.86 1012.82 833.725 2 0 100 0 0 1597
Jun 5th 22:07:01.618 UTC 2 15 40 703 698 93744 3015.512 0 1051.425 881.8423 0 0 46 0 0 2771
Jun 5th 22:06:35.360 UTC 3 14 39 656 649 84954 2959.261 12.86 1011.784 833.1821 2 0 100 0 0 1590
Jun 5th 22:06:01.621 UTC 2 15 40 702 697 93518 3010.875 0 1051.218 881.9012 0 0 46 0 0 2764
Jun 5th 22:05:35.350 UTC 3 14 40 654 646 84720 2939.196 12.86 1011.321 832.4144 2 0 100 0 0 1585
Jun 5th 22:05:01.618 UTC 2 15 38 700 694 93255 2997.948 0 1050.934 882.0057 0 0 46 0 0 2754
Jun 5th 22:04:35.351 UTC 3 15 40 653 644 84566 2929.364 12.86 1010.825 832.0752 2 0 100 0 0 1576
Jun 5th 22:04:01.608 UTC 2 15 40 698 690 92998 2981.424 0 1050.893 881.9412 0 0 46 0 0 2749
Jun 5th 22:03:35.361 UTC 3 15 40 651 644 84397 2929.364 12.86 1010.653 832.0752 2 0 100 0 0 1570
Jun 5th 22:03:01.619 UTC 2 13 40 697 689 92889 2976.522 0 1050.827 881.7677 0 0 46 0 0 2740
Jun 5th 22:02:35.351 UTC 3 15 40 648 643 84119 2927.593 12.86 1009.544 831.9047 2 0 100 0 0 1564
Jun 5th 22:02:00.699 UTC 2 15 39 694 685 92369 2959.14 0 1051.046 881.5446 0 0 45 0 0 2730
Jun 5th 22:01:35.352 UTC 3 14 40 646 641 83950 2918.523 12.86 1008.72 831.5085 2 0 100 0 0 1558
Jun 5th 22:01:00.710 UTC 2 15 40 692 683 92132 2950.978 0 1050.776 881.4576 0 0 45 0 0 2720
Jun 5th 22:00:35.342 UTC 3 14 40 645 637 83890 2897.816 12.86 1008.551 830.5307 2 0 100 0 0 1552
Jun 5th 22:00:00.710 UTC 2 15 40 687 681 91286 2941.653 0 1050.43 881.4939 0 0 45 0 0 2710
Jun 5th 21:59:35.361 UTC 3 15 40 643 634 83438 2881.95 12.86 1007.504 829.8331 2 0 100 0 0 1548
Jun 5th 21:59:00.699 UTC 2 15 38 686 679 91226 2934.945 0 1050.478 881.5649 0 0 45 0 0 2703
Jun 5th 21:58:34.649 UTC 3 15 40 642 632 83378 2872.744 12.86 1007.226 829.1403 2 0 99 0 0 1536
Jun 5th 21:58:00.710 UTC 2 15 39 683 676 90932 2923.071 0 1050.249 881.4449 0 0 45 0 0 2696
Jun 5th 21:57:34.644 UTC 3 15 40 637 631 82743 2869.415 12.86 1005.492 828.8325 2 0 99 0 0 1533
Jun 5th 21:57:00.711 UTC 2 14 40 681 674 90675 2915.176 0 1050.14 881.1611 0 0 45 0 0 2686
Jun 5th 21:56:33.696 UTC 3 15 40 635 629 82623 2854.829 12.86 1004.891 828.1736 2 0 98 0 0 1526
Jun 5th 21:56:00.699 UTC 2 15 40 679 670 90159 2901.467 0 1050.111 880.9185 0 0 45 0 0 2677
Jun 5th 21:55:33.708 UTC 3 14 40 634 627 82489 2846.911 12.86 1004.579 827.1418 2 0 98 0 0 1518
Jun 5th 21:55:00.711 UTC 2 15 39 677 669 89965 2895.091 0 1049.577 880.8557 0 0 45 0 0 2671
Jun 5th 21:54:33.693 UTC 3 14 39 633 623 82429 2825.004 12.86 1004.39 825.7266 2 0 98 0 0 1510
Jun 5th 21:54:00.711 UTC 2 15 40 671 666 89271 2881.654 0 1048.561 880.6633 0 0 45 0 0 2665
Jun 5th 21:53:33.708 UTC 3 15 40 630 620 82126 2809.869 12.86 1003.602 824.9634 2 0 98 0 0 1502
Jun 5th 21:52:59.356 UTC 2 14 39 671 663 89271 2866.569 0 1048.561 880.3431 0 0 44 0 0 2654
Jun 5th 21:52:33.698 UTC 3 15 40 629 618 81942 2799.265 12.86 1003.438 824.4569 2 0 98 0 0 1497
Jun 5th 21:51:59.346 UTC 2 15 40 669 659 89053 2852.662 0 1048.257 879.627 0 0 44 0 0 2645
Jun 5th 21:51:33.697 UTC 3 15 40 626 617 81625 2795.155 12.86 1003.158 824.2686 2 0 98 0 0 1493
Jun 5th 21:50:59.344 UTC 2 14 40 665 657 88539 2843.973 0 1047.866 878.857 0 0 44 0 0 2635
Jun 5th 21:50:33.689 UTC 3 15 40 622 616 81271 2786.688 12.86 1002.833 824.1092 2 0 98 0 0 1489
Jun 5th 21:49:59.343 UTC 2 14 39 663 656 88345 2842.221 0 1047.629 878.6615 0 0 44 0 0 2625
Jun 5th 21:49:32.870 UTC 3 15 38 620 613 81034 2771.323 12.86 1002.325 823.6738 2 0 97 0 0 1482
Jun 5th 21:48:59.354 UTC 2 15 40 660 653 87837 2824.488 0 1047.396 878.3255 0 0 44 0 0 2616
Jun 5th 21:48:32.870 UTC 3 13 39 619 611 80702 2762.232 12.86 1002.364 823.1965 2 0 97 0 0 1479
Jun 5th 21:47:59.342 UTC 2 15 40 657 650 87440 2816.989 0 1046.943 877.9939 0 0 44 0 0 2601
Jun 5th 21:47:32.258 UTC 3 15 40 617 608 80414 2749.349 12.86 1002.331 823.0827 2 0 96 0 0 1476
Jun 5th 21:46:59.342 UTC 2 15 40 655 649 87037 2812.975 0 1046.8 877.9338 0 0 44 0 0 2592
Jun 5th 21:46:32.258 UTC 3 15 39 615 606 80171 2736.074 12.86 1002.188 822.9769 2 0 96 0 0 1470
Jun 5th 21:45:59.352 UTC 2 13 40 654 645 86928 2791.779 0 1046.715 877.4086 0 0 44 0 0 2581
Jun 5th 21:45:32.258 UTC 3 14 39 613 605 79908 2729.252 12.86 1002.432 823.0197 2 0 96 0 0 1468
Jun 5th 21:44:59.342 UTC 2 15 40 651 640 86630 2770.801 0 1046.436 876.8752 0 0 44 0 0 2571
Jun 5th 21:44:32.269 UTC 3 15 39 610 603 79523 2718.162 12.86 1002.165 823.0461 2 0 96 0 0 1462
Jun 5th 21:43:59.342 UTC 2 15 40 649 639 86429 2769.199 0 1046.079 876.7054 0 0 44 0 0 2559
Jun 5th 21:43:32.258 UTC 3 15 40 609 601 79414 2714.036 12.86 1002.07 823.0928 2 0 96 0 0 1457
Jun 5th 21:42:59.352 UTC 2 14 40 647 639 86289 2769.199 0 1045.936 876.6179 0 0 44 0 0 2553
Jun 5th 21:42:32.258 UTC 3 15 38 608 601 79237 2714.036 12.86 1001.866 823.0928 2 0 96 0 0 1449
Jun 5th 21:41:59.342 UTC 2 15 40 641 637 85225 2759.246 0 1045.382 876.5669 0 0 44 0 0 2542
Jun 5th 21:41:32.269 UTC 3 15 40 603 597 78539 2697.717 12.86 1001.993 823.2784 2 0 96 0 0 1446
Jun 5th 21:40:59.343 UTC 2 15 40 639 633 84968 2735.609 0 1044.971 876.374 0 0 44 0 0 2534
Jun 5th 21:40:32.258 UTC 3 13 40 602 596 78479 2694.248 12.86 1001.685 823.3182 2 0 96 0 0 1439
Jun 5th 21:39:59.334 UTC 2 15 40 639 629 84968 2718.186 0 1044.971 875.778 0 0 44 0 0 2524
Jun 5th 21:39:32.269 UTC 3 15 40 600 593 78261 2683.558 12.86 1001.546 823.3167 2 0 96 0 0 1434
Jun 5th 21:38:59.353 UTC 2 15 40 637 629 84657 2718.186 0 1044.929 875.778 0 0 44 0 0 2515
Jun 5th 21:38:32.258 UTC 3 15 40 598 590 78101 2673.812 12.86 1001.337 823.4865 2 0 96 0 0 1428
Jun 5th 21:37:59.352 UTC 2 15 40 635 624 84300 2698.337 0 1044.751 875.2231 0 0 44 0 0 2504
Jun 5th 21:37:32.269 UTC 3 15 39 595 588 77708 2667.988 12.86 1001.235 823.5069 2 0 96 0 0 1421
Jun 5th 21:36:59.342 UTC 2 15 40 632 623 84003 2693.129 0 1044.478 875.0936 0 0 44 0 0 2496
Jun 5th 21:36:31.421 UTC 3 12 40 593 587 77316 2660.311 12.86 1000.8 823.1103 2 0 95 0 0 1416
Jun 5th 21:35:59.343 UTC 2 15 40 629 622 83637 2686.98 0 1044.29 875.0358 0 0 44 0 0 2488
Jun 5th 21:35:30.770 UTC 3 15 40 588 581 76716 2643.209 12.86 1000.078 822.5928 2 0 94 0 0 1409
Jun 5th 21:34:59.352 UTC 2 15 40 627 620 83276 2681.185 0 1044.013 874.9544 0 0 44 0 0 2479
Jun 5th 21:34:29.997 UTC 3 14 38 586 580 76362 2640.488 12.86 999.9957 822.2213 2 0 93 0 0 1402
Jun 5th 21:33:59.341 UTC 2 15 40 623 618 82881 2675.278 0 1043.563 874.9295 0 0 44 0 0 2469
Jun 5th 21:33:29.994 UTC 3 13 39 583 576 75996 2624.344 12.86 999.48 821.1788 2 0 93 0 0 1395
Jun 5th 21:32:59.342 UTC 2 13 38 621 616 82667 2668.459 0 1043.469 874.7391 0 0 44 0 0 2461
Jun 5th 21:32:29.985 UTC 3 12 40 581 573 75876 2609.215 12.86 998.7081 820.2523 2 0 93 0 0 1390
Jun 5th 21:31:57.998 UTC 2 15 40 619 611 82313 2649.826 0 1043.082 874.5259 0 0 43 0 0 2454
Jun 5th 21:31:28.881 UTC 3 15 39 580 567 75816 2579.429 12.86 998.312 818.9994 2 0 92 0 0 1382
Jun 5th 21:30:57.988 UTC 2 14 40 617 608 82099 2632.278 0 1043.059 873.9354 0 0 43 0 0 2445
Jun 5th 21:30:28.872 UTC 3 15 40 576 566 75242 2572.08 12.86 996.9564 818.4623 2 0 92 0 0 1377
Jun 5th 21:29:57.988 UTC 2 15 40 614 605 81838 2617.63 0 1042.756 873.584 0 0 43 0 0 2435
Jun 5th 21:29:28.873 UTC 3 15 39 573 566 74845 2572.08 12.86 996.3577 818.4623 2 0 92 0 0 1371
Jun 5th 21:28:57.997 UTC 2 15 40 613 603 81758 2607.531 0 1042.62 873.2563 0 0 43 0 0 2427
Jun 5th 21:28:28.865 UTC 3 15 40 570 563 74479 2561.038 12.86 995.3912 817.3979 2 0 92 0 0 1365
Jun 5th 21:27:57.996 UTC 2 14 40 610 602 81392 2605.769 0 1042.214 872.9588 0 0 43 0 0 2418
Jun 5th 21:27:28.883 UTC 3 15 40 569 560 74399 2548.293 12.86 995.0867 816.435 2 0 92 0 0 1359
Jun 5th 21:26:57.991 UTC 2 14 40 606 598 80917 2586.236 0 1041.934 872.4136 0 0 43 0 0 2410
Jun 5th 21:26:28.875 UTC 3 15 40 568 558 74067 2539.064 12.86 994.9808 815.886 2 0 92 0 0 1352
Jun 5th 21:25:56.323 UTC 2 15 40 603 596 80454 2576.669 0 1041.566 872.2708 0 0 42 0 0 2403
Jun 5th 21:25:28.864 UTC 3 15 38 563 556 73400 2528.02 12.86 993.3483 815.3538 2 0 92 0 0 1346
Jun 5th 21:24:56.326 UTC 2 15 40 603 595 80454 2569.799 0 1041.566 872.1436 0 0 42 0 0 2389
Jun 5th 21:24:28.885 UTC 3 14 40 561 554 73231 2520.173 12.86 992.9286 814.5854 2 0 92 0 0 1342
Jun 5th 21:23:56.313 UTC 2 13 40 600 594 80160 2564.798 0 1041.241 872.0131 0 0 42 0 0 2383
Jun 5th 21:23:28.874 UTC 3 15 40 560 552 73122 2509.951 12.86 992.827 814.3434 2 0 92 0 0 1333
Jun 5th 21:22:55.009 UTC 2 15 40 597 591 79746 2550.611 0 1041.049 872.0199 0 0 41 0 0 2377
Jun 5th 21:22:28.872 UTC 3 15 40 558 550 72953 2497.219 12.86 992.438 813.8169 2 0 92 0 0 1327
Jun 5th 21:21:55.006 UTC 2 14 40 596 588 79666 2539.419 0 1040.964 871.8248 0 0 41 0 0 2365
Jun 5th 21:21:28.862 UTC 3 15 39 555 549 72372 2494.583 12.86 991.911 813.5593 2 0 92 0 0 1324
Jun 5th 21:20:54.996 UTC 2 15 40 595 585 79557 2527.015 0 1041.099 871.7647 0 0 41 0 0 2356
Jun 5th 21:20:28.881 UTC 3 15 39 553 545 72252 2477.284 12.86 991.3931 812.8997 2 0 92 0 0 1316
Jun 5th 21:19:54.996 UTC 2 15 39 590 584 78968 2524.163 0 1040.871 871.6511 0 0 41 0 0 2348
Jun 5th 21:19:28.268 UTC 3 14 40 549 544 71671 2473.107 12.86 991.2517 812.557 2 0 91 0 0 1308
Jun 5th 21:18:55.007 UTC 2 15 39 587 581 78669 2509.563 0 1040.978 871.5829 0 0 41 0 0 2343
Jun 5th 21:18:28.268 UTC 3 14 39 548 541 71445 2460.039 12.86 991.2391 812.0903 2 0 91 0 0 1298
Jun 5th 21:17:55.006 UTC 2 15 40 586 579 78515 2498.098 0 1041.01 871.6122 0 0 41 0 0 2335
Jun 5th 21:17:27.433 UTC 3 15 40 548 538 71445 2440.427 12.86 991.2391 811.8892 2 0 90 0 0 1294
Jun 5th 21:16:54.996 UTC 2 15 40 585 574 78455 2482.834 0 1040.913 871.5426 0 0 41 0 0 2326
Jun 5th 21:16:27.424 UTC 3 13 40 544 535 71072 2427.324 12.86 990.7694 811.2208 2 0 90 0 0 1286
Jun 5th 21:15:55.007 UTC 2 15 40 583 572 78099 2474.869 0 1040.947 871.412 0 0 41 0 0 2322
Jun 5th 21:15:27.434 UTC 3 15 40 542 532 70734 2408.509 12.86 990.6827 810.9885 2 0 90 0 0 1278
Jun 5th 21:14:55.006 UTC 2 15 40 578 571 77611 2468.646 0 1041.404 871.4351 0 0 41 0 0 2308
Jun 5th 21:14:27.423 UTC 3 14 40 541 532 70557 2408.509 12.86 990.7986 810.8502 2 0 90 0 0 1276
Jun 5th 21:13:55.006 UTC 2 15 40 573 567 76963 2449.078 0 1041.511 871.5697 0 0 41 0 0 2297
Jun 5th 21:13:27.422 UTC 3 15 40 538 530 70023 2398.562 12.86 990.7164 810.7589 2 0 90 0 0 1270
Jun 5th 21:12:54.995 UTC 2 15 39 573 566 76963 2443.121 0 1041.511 871.6277 0 0 41 0 0 2289
Jun 5th 21:12:27.413 UTC 3 14 40 535 530 69632 2398.562 12.86 990.4948 810.8028 2 0 90 0 0 1261
Jun 5th 21:11:55.008 UTC 2 14 40 572 563 76854 2429.048 0 1041.418 871.8098 0 0 41 0 0 2283
Jun 5th 21:11:26.545 UTC 3 14 39 532 527 69216 2379.278 12.86 990.0469 810.9884 2 0 89 0 0 1253
Jun 5th 21:10:55.006 UTC 2 15 40 570 560 76568 2417.375 0 1041.351 871.9035 0 0 41 0 0 2274
Jun 5th 21:10:26.544 UTC 3 13 40 532 524 69216 2369.305 12.86 990.0469 811.0999 2 0 89 0 0 1249
Jun 5th 21:09:54.142 UTC 2 15 40 567 558 76177 2411.563 0 1041.138 871.9456 0 0 40 0 0 2265
Jun 5th 21:09:25.861 UTC 3 14 39 531 521 69082 2356.602 12.86 989.5433 810.9512 2 0 88 0 0 1243
Jun 5th 21:08:54.143 UTC 2 14 39 562 556 75369 2404.584 0 1041.061 871.8512 0 0 40 0 0 2253
Jun 5th 21:08:25.848 UTC 3 15 38 527 519 68482 2345.979 12.86 989.6594 810.8801 2 0 88 0 0 1238
Jun 5th 21:07:53.292 UTC 2 15 40 560 552 75135 2387.199 0 1040.899 871.502 0 0 39 0 0 2243
Jun 5th 21:07:25.176 UTC 3 15 40 524 517 67893 2337.321 12.86 989.5328 810.84 2 0 87 0 0 1234
Jun 5th 21:06:53.292 UTC 2 15 38 557 551 74808 2385.569 0 1040.515 871.4094 0 0 39 0 0 2234
Jun 5th 21:06:25.176 UTC 3 15 40 523 516 67813 2335.805 12.86 989.5648 810.8562 2 0 87 0 0 1226
Jun 5th 21:05:53.282 UTC 2 15 40 556 547 74728 2370.577 0 1040.31 871.1144 0 0 39 0 0 2229
Jun 5th 21:05:24.419 UTC 3 15 40 519 512 67459 2313.512 12.86 989.5518 810.8472 2 0 86 0 0 1219
Jun 5th 21:04:53.293 UTC 2 15 40 552 545 74247 2359.236 0 1039.477 871.137 0 0 39 0 0 2219
Jun 5th 21:04:24.411 UTC 3 13 39 518 511 67379 2309.172 12.86 989.0365 810.8654 2 0 86 0 0 1213
Jun 5th 21:03:53.294 UTC 2 15 40 551 542 74113 2346.053 0 1039.52 870.889 0 0 39 0 0 2210
Jun 5th 21:03:23.462 UTC 3 13 39 515 507 67064 2297.391 12.86 988.6578 810.2759 2 0 85 0 0 1206
Jun 5th 21:02:51.947 UTC 2 15 40 548 539 73677 2333.563 0 1038.481 870.3639 0 0 38 0 0 2202
Jun 5th 21:02:20.998 UTC 3 15 40 513 503 66850 2274.086 12.86 988.1342 809.7682 2 0 83 0 0 1198
Jun 5th 21:01:51.946 UTC 2 15 40 546 538 73440 2329.804 0 1037.796 870.1876 0 0 38 0 0 2194
Jun 5th 21:01:20.997 UTC 3 15 38 510 503 66650 2274.086 12.86 986.9354 809.7682 2 0 83 0 0 1195
Jun 5th 21:00:51.937 UTC 2 14 40 543 535 73137 2322.42 0 1036.933 869.0498 0 0 38 0 0 2181
Jun 5th 21:00:21.008 UTC 3 15 40 508 500 66258 2267.599 12.86 986.6002 809.0941 2 0 83 0 0 1192
Jun 5th 20:59:51.945 UTC 2 15 40 539 532 72494 2312.004 0 1035.827 868.2096 0 0 38 0 0 2172
Jun 5th 20:59:20.996 UTC 3 15 38 506 499 66044 2263.096 12.86 985.9908 808.8882 2 0 83 0 0 1185
Jun 5th 20:58:51.936 UTC 2 15 40 536 529 72058 2298.579 0 1034.733 867.1158 0 0 38 0 0 2164
Jun 5th 20:58:20.280 UTC 3 13 40 502 496 65382 2247.207 12.86 984.1458 807.597 2 0 82 0 0 1181
Jun 5th 20:57:51.946 UTC 2 15 40 534 526 71869 2282.722 0 1033.931 866.0508 0 0 38 0 0 2153
Jun 5th 20:57:19.238 UTC 3 14 40 501 492 65273 2228.434 12.86 983.7899 806.296 2 0 81 0 0 1174
Jun 5th 20:56:51.945 UTC 2 14 40 532 524 71444 2274.585 0 1033.271 865.1188 0 0 38 0 0 2146
Jun 5th 20:56:19.238 UTC 3 15 39 499 491 64863 2221.787 12.86 983.123 806.296 2 0 81 0 0 1164
Jun 5th 20:55:51.936 UTC 2 15 40 530 522 71137 2265.235 0 1032.647 864.704 0 0 38 0 0 2137
Jun 5th 20:55:19.238 UTC 3 15 40 496 488 64357 2210.085 12.86 981.3685 805.0013 2 0 81 0 0 1162
Jun 5th 20:54:51.945 UTC 2 15 40 529 521 70960 2261.006 0 1032.255 864.3474 0 0 38 0 0 2127
Jun 5th 20:54:19.251 UTC 3 15 38 494 486 64046 2204.842 12.86 980.3666 804.2475 2 0 81 0 0 1154
Jun 5th 20:53:51.944 UTC 2 15 40 525 516 70341 2234.364 0 1030.558 862.7021 0 0 38 0 0 2117
Jun 5th 20:53:18.414 UTC 3 14 40 493 484 63892 2190.421 12.86 980.0255 802.9326 2 0 80 0 0 1150
Jun 5th 20:52:51.935 UTC 2 15 40 523 516 70152 2234.364 0 1029.781 862.7021 0 0 38 0 0 2107
Jun 5th 20:52:17.538 UTC 3 15 40 488 481 63027 2173.081 12.86 977.1399 801.8682 2 0 79 0 0 1146
Jun 5th 20:51:51.944 UTC 2 15 40 520 514 69790 2219.991 0 1028.924 862.0437 0 0 38 0 0 2098
Jun 5th 20:51:17.536 UTC 3 14 40 487 480 62850 2166.064 12.86 976.3082 800.9725 2 0 79 0 0 1140
Jun 5th 20:50:51.942 UTC 2 11 40 520 512 69790 2212.089 0 1028.924 859.7783 0 0 38 0 0 2090
Jun 5th 20:50:16.585 UTC 3 15 40 485 476 62632 2143.984 12.86 975.2713 799.1468 2 0 78 0 0 1131
Jun 5th 20:49:51.017 UTC 2 15 40 517 507 69492 2189.841 0 1027.799 859.3988 0 0 37 0 0 2081
Jun 5th 20:49:16.598 UTC 3 15 40 485 475 62632 2142.351 12.86 975.2713 798.5495 2 0 78 0 0 1127
Jun 5th 20:48:51.025 UTC 2 15 40 515 505 69051 2180.711 0 1027.333 858.7048 0 0 37 0 0 2070
Jun 5th 20:48:16.577 UTC 3 14 40 480 474 61932 2135.311 12.86 972.2711 797.4854 2 0 78 0 0 1120
Jun 5th 20:47:51.027 UTC 2 15 40 512 504 68462 2174.393 0 1026.823 858.3788 0 0 37 0 0 2064
Jun 5th 20:47:16.598 UTC 3 15 40 479 471 61852 2118.462 12.86 972.0264 796.466 2 0 78 0 0 1115
Jun 5th 20:46:51.016 UTC 2 15 39 511 502 68285 2164.223 0 1026.697 857.8122 0 0 37 0 0 2053
Jun 5th 20:46:16.585 UTC 3 13 40 477 469 61411 2109.061 12.86 970.3022 794.3985 2 0 78 0 0 1108
Jun 5th 20:45:51.027 UTC 2 14 40 507 500 67965 2155.31 0 1025.475 856.983 0 0 37 0 0 2043
Jun 5th 20:45:16.595 UTC 3 15 40 475 467 61147 2103.99 12.86 969.2319 794.3985 2 0 78 0 0 1102
Jun 5th 20:44:51.027 UTC 2 15 40 506 498 67788 2145.625 0 1025.022 856.7357 0 0 37 0 0 2034
Jun 5th 20:44:15.748 UTC 3 14 40 473 466 60745 2096.472 12.86 967.9854 793.3408 2 0 77 0 0 1099
Jun 5th 20:43:51.016 UTC 2 15 40 502 497 67357 2139.938 0 1024.004 856.5616 0 0 37 0 0 2025
Jun 5th 20:43:15.748 UTC 3 15 40 470 463 60313 2079.013 12.86 966.893 792.2213 2 0 77 0 0 1092
Jun 5th 20:42:51.018 UTC 2 15 40 500 495 67026 2129.456 0 1023.501 856.4353 0 0 37 0 0 2013
Jun 5th 20:42:15.737 UTC 3 15 40 467 461 59801 2066.941 12.86 965.1487 791.3326 2 0 77 0 0 1090
Jun 5th 20:41:51.030 UTC 2 15 40 499 492 66872 2116.653 0 1023.282 855.9929 0 0 37 0 0 2003
Jun 5th 20:41:14.859 UTC 3 15 40 467 458 59801 2047.175 12.86 965.1487 789.6215 2 0 76 0 0 1084
Jun 5th 20:40:51.018 UTC 2 15 40 498 489 66624 2103.132 0 1023.116 855.3231 0 0 37 0 0 1993
Jun 5th 20:40:14.861 UTC 3 15 40 466 457 59721 2042.472 12.86 964.6844 789.0919 2 0 76 0 0 1079
Jun 5th 20:39:51.017 UTC 2 14 40 495 486 66184 2085.345 0 1022.724 854.4788 0 0 37 0 0 1983
Jun 5th 20:39:14.871 UTC 3 15 40 464 457 59552 2042.472 12.86 963.839 789.0919 2 0 76 0 0 1073
Jun 5th 20:38:51.028 UTC 2 15 40 493 484 65927 2078.682 0 1022.478 854.2916 0 0 37 0 0 1974
Jun 5th 20:38:14.880 UTC 3 12 38 461 456 59323 2039.998 12.86 962.4506 787.5502 2 0 76 0 0 1065
Jun 5th 20:37:51.026 UTC 2 15 39 491 483 65713 2076.774 0 1022.344 854.1881 0 0 37 0 0 1966
Jun 5th 20:37:14.096 UTC 3 15 39 461 452 59323 2019.18 12.86 962.4506 787.0652 2 0 75 0 0 1062
Jun 5th 20:36:50.119 UTC 2 14 40 487 480 65207 2057.321 0 1021.683 853.952 0 0 36 0 0 1954
Jun 5th 20:36:14.096 UTC 3 15 40 459 449 59183 2008.078 12.86 961.9633 785.902 2 0 75 0 0 1058
Jun 5th 20:35:50.119 UTC 2 15 40 485 478 64921 2048.083 0 1021.175 853.8021 0 0 36 0 0 1945
Jun 5th 20:35:13.392 UTC 3 15 40 455 448 58499 2002.094 12.86 958.8369 785.5618 2 0 74 0 0 1052
Jun 5th 20:34:50.120 UTC 2 15 39 483 476 64781 2044.818 0 1020.516 853.5249 0 0 36 0 0 1935
Jun 5th 20:34:13.382 UTC 3 14 40 453 446 58240 1990.912 12.86 958.3872 784.6364 2 0 74 0 0 1046
Jun 5th 20:33:50.128 UTC 2 15 40 481 474 64600 2036.058 0 1020.398 853.1226 0 0 36 0 0 1925
Jun 5th 20:33:13.391 UTC 3 15 40 449 444 57792 1978.193 12.86 956.9405 784.3142 2 0 74 0 0 1043
Jun 5th 20:32:50.118 UTC 2 15 40 480 470 64466 2023.233 0 1020.416 852.5394 0 0 36 0 0 1915
Jun 5th 20:32:13.393 UTC 3 15 40 448 441 57638 1963.265 12.86 956.7617 783.3478 2 0 74 0 0 1034
Jun 5th 20:31:50.117 UTC 2 15 40 475 467 63785 2010.201 0 1017.896 852.0415 0 0 36 0 0 1908
Jun 5th 20:31:12.607 UTC 3 14 40 448 441 57638 1963.265 12.86 956.7617 783.0331 2 0 73 0 0 1031
Jun 5th 20:30:50.116 UTC 2 15 40 472 464 63351 1992.33 0 1017.643 851.2243 0 0 36 0 0 1896
Jun 5th 20:30:12.616 UTC 3 14 40 448 438 57638 1949.54 12.86 956.7617 782.1378 2 0 73 0 0 1025
Jun 5th 20:29:50.127 UTC 2 14 40 471 463 63242 1989.828 0 1017.474 850.7479 0 0 36 0 0 1889
Jun 5th 20:29:11.780 UTC 3 14 40 443 436 56958 1938.316 12.86 954.7084 781.5665 2 0 72 0 0 1019
Jun 5th 20:28:50.110 UTC 2 14 39 469 460 62999 1975.031 0 1016.654 849.6522 0 0 36 0 0 1879
Jun 5th 20:28:11.769 UTC 3 15 40 440 434 56645 1928.775 12.86 953.8976 781.3321 2 0 72 0 0 1014
Jun 5th 20:27:49.199 UTC 2 15 39 467 457 62587 1963.489 0 1016.159 848.681 0 0 35 0 0 1870
Jun 5th 20:27:11.770 UTC 3 15 40 438 433 56359 1925 12.86 953.3318 781.0346 2 0 72 0 0 1005
Jun 5th 20:26:49.190 UTC 2 15 40 463 456 61995 1962.557 0 1014.32 848.2369 0 0 35 0 0 1862
Jun 5th 20:26:11.779 UTC 3 14 39 438 431 56359 1912.963 12.86 953.3318 780.5457 2 0 72 0 0 1001
Jun 5th 20:25:49.190 UTC 2 15 40 458 454 61364 1951.085 0 1013.406 847.616 0 0 35 0 0 1851
Jun 5th 20:25:11.066 UTC 3 15 40 435 427 55968 1895.587 12.86 952.1079 779.5549 2 0 71 0 0 996
Jun 5th 20:24:49.179 UTC 2 15 39 457 453 61187 1945.169 0 1013.015 847.3163 0 0 35 0 0 1840
Jun 5th 20:24:11.064 UTC 3 15 40 434 426 55791 1891.493 12.86 951.5893 779.1653 2 0 71 0 0 990
Jun 5th 20:23:48.240 UTC 2 14 40 456 449 61053 1928.75 0 1012.561 846.2742 0 0 34 0 0 1832
Jun 5th 20:23:11.063 UTC 3 13 39 431 425 55443 1882.172 12.86 950.4587 778.22 2 0 71 0 0 984
Jun 5th 20:22:48.250 UTC 2 14 40 456 445 61053 1910.848 0 1012.561 845.0011 0 0 34 0 0 1823
Jun 5th 20:22:10.411 UTC 3 15 40 429 421 55274 1865.543 12.86 949.7047 777.4123 2 0 70 0 0 978
Jun 5th 20:21:48.240 UTC 2 15 40 452 443 60578 1897.953 0 1011.789 844.5974 0 0 34 0 0 1812
Jun 5th 20:21:10.401 UTC 3 13 40 426 421 55013 1865.543 12.86 948.5319 776.8435 2 0 70 0 0 976
Jun 5th 20:20:48.240 UTC 2 15 40 449 439 60250 1883.376 0 1011.146 843.3357 0 0 34 0 0 1803
Jun 5th 20:20:08.583 UTC 3 14 40 424 416 54853 1843.687 12.86 947.4528 775.2993 2 0 68 0 0 969
Jun 5th 20:19:48.241 UTC 2 15 40 448 439 60116 1883.376 0 1011.001 843.3357 0 0 34 0 0 1792
Jun 5th 20:19:08.576 UTC 3 14 40 423 414 54732 1834.474 12.86 947.0486 774.4107 2 0 68 0 0 963
Jun 5th 20:18:48.251 UTC 2 15 40 443 439 59384 1883.376 0 1009.486 843.3357 0 0 34 0 0 1784
Jun 5th 20:18:07.697 UTC 3 15 39 422 412 54623 1823.541 12.86 946.7816 773.9656 2 0 67 0 0 958
Jun 5th 20:17:48.241 UTC 2 14 40 441 435 59150 1863.664 0 1009.108 842.595 0 0 34 0 0 1772
Jun 5th 20:17:07.697 UTC 3 14 40 420 410 54380 1813.601 12.86 946.1621 772.7024 2 0 67 0 0 954
Jun 5th 20:16:48.241 UTC 2 14 40 440 432 59041 1846.582 0 1008.892 841.6627 0 0 34 0 0 1763
Jun 5th 20:16:07.686 UTC 3 15 40 414 408 53617 1810.378 12.86 942.11 772.2679 2 0 67 0 0 949
Jun 5th 20:15:48.231 UTC 2 15 40 439 429 58981 1830.489 0 1008.583 841.0988 0 0 34 0 0 1755
Jun 5th 20:15:07.707 UTC 3 14 39 412 407 53360 1805.757 12.86 941.4059 771.3928 2 0 67 0 0 942
Jun 5th 20:14:47.353 UTC 2 13 40 437 429 58738 1830.489 0 1008.571 840.7197 0 0 33 0 0 1745
Jun 5th 20:14:06.849 UTC 3 15 39 411 402 53300 1779.835 12.86 941.1941 769.4235 2 0 66 0 0 937
Jun 5th 20:13:47.354 UTC 2 15 40 435 426 58557 1813.95 0 1008.469 840.4859 0 0 33 0 0 1735
Jun 5th 20:13:06.852 UTC 3 15 40 408 400 52812 1766.947 12.86 939.7133 768.5121 2 0 66 0 0 932
Jun 5th 20:12:47.353 UTC 2 15 40 431 424 58109 1807.137 0 1007.71 840.3566 0 0 33 0 0 1724
Jun 5th 20:12:06.840 UTC 3 15 39 406 398 52672 1759.457 12.86 938.2577 767.8619 2 0 66 0 0 928
Jun 5th 20:11:47.352 UTC 2 15 40 429 423 57706 1802.634 0 1007.359 840.3487 0 0 33 0 0 1712
Jun 5th 20:11:06.840 UTC 3 14 40 406 396 52672 1751.438 12.86 938.2577 766.2945 2 0 66 0 0 924
Jun 5th 20:10:47.342 UTC 2 15 40 427 422 57413 1797.633 0 1007.254 840.4184 0 0 33 0 0 1704
Jun 5th 20:10:06.851 UTC 3 15 40 403 394 52306 1744.829 12.86 936.7318 765.5155 2 0 66 0 0 920
Jun 5th 20:09:46.415 UTC 2 15 39 424 420 56991 1787.294 0 1006.505 840.5038 0 0 32 0 0 1694
Jun 5th 20:09:06.839 UTC 3 15 40 399 392 51734 1733.248 12.86 934.7394 764.2592 2 0 66 0 0 913
Jun 5th 20:08:46.417 UTC 2 13 40 422 416 56705 1770.011 0 1006.335 840.2377 0 0 32 0 0 1683
Jun 5th 20:08:06.860 UTC 3 15 40 396 390 51242 1725.73 12.86 932.5284 763.1968 2 0 66 0 0 911
Jun 5th 20:07:45.467 UTC 2 14 40 422 412 56705 1752.016 0 1006.335 839.7239 0 0 31 0 0 1671
Jun 5th 20:07:06.849 UTC 3 15 39 394 388 50931 1715.534 12.86 931.5302 762.2871 2 0 66 0 0 907
Jun 5th 20:06:45.467 UTC 2 15 40 421 410 56645 1742.296 0 1006.03 839.5308 0 0 31 0 0 1659
Jun 5th 20:06:06.147 UTC 3 14 39 394 386 50931 1711.076 12.86 931.5302 760.7937 2 0 65 0 0 902
Jun 5th 20:05:45.465 UTC 2 15 40 418 407 56351 1734.369 0 1005.987 839.149 0 0 31 0 0 1648
Jun 5th 20:05:06.148 UTC 3 15 40 389 383 50144 1695.96 12.86 929.3527 759.7454 2 0 65 0 0 898
Jun 5th 20:04:44.518 UTC 2 15 40 413 405 55658 1726.072 0 1006.091 839.1362 0 0 30 0 0 1640
Jun 5th 20:04:06.137 UTC 3 14 39 388 380 50084 1680.238 12.86 928.9846 757.9019 2 0 65 0 0 893
Jun 5th 20:03:44.529 UTC 2 15 40 409 402 55274 1714.958 0 1005.075 838.6226 0 0 30 0 0 1627
Jun 5th 20:03:06.153 UTC 3 15 40 387 377 49907 1672.493 12.86 928.6197 756.7412 2 0 65 0 0 891
Jun 5th 20:02:44.529 UTC 2 14 40 408 401 55097 1710.008 0 1004.94 838.4143 0 0 30 0 0 1617
Jun 5th 20:02:06.152 UTC 3 14 40 385 374 49693 1661.381 12.86 927.6481 754.7894 2 0 65 0 0 887
Jun 5th 20:01:44.529 UTC 2 15 40 406 398 54937 1697.933 0 1004.576 838.2087 0 0 30 0 0 1603
Jun 5th 20:01:06.140 UTC 3 15 38 381 373 49076 1658.828 12.86 926.4604 754.7894 2 0 65 0 0 885
Jun 5th 20:00:44.519 UTC 2 14 39 401 397 54327 1692.92 0 1004.017 838.1569 0 0 30 0 0 1590
Jun 5th 20:00:06.150 UTC 3 15 40 377 370 48384 1644.618 12.86 925.0142 753.6987 2 0 65 0 0 882
Jun 5th 19:59:44.520 UTC 2 15 40 401 392 54327 1676.802 0 1004.017 838.1552 0 0 30 0 0 1580
Jun 5th 19:59:06.154 UTC 3 15 40 374 368 48038 1634.723 12.86 924.0803 753.222 2 0 65 0 0 875
Jun 5th 19:58:43.436 UTC 2 15 40 399 390 53895 1667.282 0 1003.45 837.9048 0 0 29 0 0 1571
Jun 5th 19:58:06.151 UTC 3 14 38 372 367 47781 1627.463 12.86 923.4363 752.7543 2 0 65 0 0 871
Jun 5th 19:57:43.435 UTC 2 15 40 396 387 53413 1651.726 0 1002.389 836.9551 0 0 29 0 0 1562
Jun 5th 19:57:06.151 UTC 3 14 39 372 362 47781 1597.403 12.86 923.4363 750.5193 2 0 65 0 0 867
Jun 5th 19:56:43.425 UTC 2 15 40 392 384 52947 1642.663 0 1001.059 835.9108 0 0 29 0 0 1550
Jun 5th 19:56:06.153 UTC 3 15 40 370 359 47567 1585.101 12.86 923.187 749.629 2 0 65 0 0 861
Jun 5th 19:55:43.436 UTC 2 15 40 390 383 52616 1637.145 0 1000.628 835.5341 0 0 29 0 0 1542
Jun 5th 19:55:06.143 UTC 3 15 40 368 357 47333 1576.329 12.86 922.9649 749.022 2 0 65 0 0 856
Jun 5th 19:54:43.427 UTC 2 15 40 387 380 52225 1624.978 0 999.0591 834.7062 0 0 29 0 0 1533
Jun 5th 19:54:06.148 UTC 3 15 40 366 357 46965 1576.329 12.86 923.0961 749.022 2 0 65 0 0 849
Jun 5th 19:53:43.428 UTC 2 15 40 384 376 51638 1606.59 0 997.1042 833.1292 0 0 29 0 0 1524
Jun 5th 19:53:06.160 UTC 3 15 40 360 356 46251 1575.071 12.86 921.9896 748.9935 2 0 65 0 0 844
Jun 5th 19:52:43.439 UTC 2 15 40 382 374 51352 1597.729 0 996.1646 832.2772 0 0 29 0 0 1515
Jun 5th 19:52:06.156 UTC 3 15 40 357 353 45977 1560.418 12.86 920.8088 749.056 2 0 65 0 0 836
Jun 5th 19:51:43.426 UTC 2 14 39 380 374 51044 1597.729 0 995.1324 831.9019 0 0 29 0 0 1507
Jun 5th 19:51:06.148 UTC 3 14 40 357 349 45977 1548.735 12.86 920.8088 748.5313 2 0 65 0 0 829
Jun 5th 19:50:42.406 UTC 2 13 39 379 370 50984 1581.524 0 994.3584 828.9939 0 0 28 0 0 1500
Jun 5th 19:50:06.145 UTC 3 15 40 356 347 45800 1540.339 12.86 920.2352 748.3229 2 0 65 0 0 823
Jun 5th 19:49:42.417 UTC 2 14 40 375 367 50452 1569.564 0 991.8384 827.6298 0 0 28 0 0 1490
Jun 5th 19:49:06.146 UTC 3 14 37 351 346 45218 1534.949 12.86 920.1008 748.2727 2 0 65 0 0 816
Jun 5th 19:48:42.417 UTC 2 15 40 372 366 50174 1563.296 0 990.6229 827.6298 0 0 28 0 0 1480
Jun 5th 19:48:05.321 UTC 3 13 40 348 342 44895 1518.729 12.86 918.6475 747.2907 2 0 64 0 0 813
Jun 5th 19:47:41.486 UTC 2 14 40 370 363 49985 1543.91 0 989.5476 825.5479 0 0 27 0 0 1472
Jun 5th 19:47:05.331 UTC 3 14 39 347 340 44835 1508.39 12.86 918.4799 746.9898 2 0 64 0 0 806
Jun 5th 19:46:41.507 UTC 2 14 40 368 360 49680 1528.612 0 988.3073 823.8234 0 0 27 0 0 1461
Jun 5th 19:46:05.319 UTC 3 15 39 345 334 44478 1483.955 12.86 918.1493 745.0116 2 0 64 0 0 800
Jun 5th 19:45:40.600 UTC 2 15 40 367 356 49503 1506.654 0 987.4747 822.1411 0 0 26 0 0 1452
Jun 5th 19:45:05.330 UTC 3 14 38 342 333 44155 1481.434 12.86 916.8583 744.1765 2 0 64 0 0 797
Jun 5th 19:44:40.609 UTC 2 15 40 365 355 49228 1504.542 0 986.3578 821.4985 0 0 26 0 0 1439
Jun 5th 19:44:04.661 UTC 3 15 39 340 330 43898 1469.924 12.86 915.9279 743.1416 2 0 63 0 0 794
Jun 5th 19:43:40.599 UTC 2 15 40 363 355 48942 1504.542 0 985.2787 821.4985 0 0 26 0 0 1429
Jun 5th 19:43:03.789 UTC 3 15 40 336 329 43353 1465.277 12.86 914.7192 742.5617 2 0 62 0 0 789
Jun 5th 19:42:40.602 UTC 2 15 40 358 353 48310 1494.03 0 982.4288 820.4478 0 0 26 0 0 1417
Jun 5th 19:42:03.779 UTC 3 15 38 332 328 42804 1461.965 12.86 911.7789 742.2013 2 0 62 0 0 783
Jun 5th 19:41:40.591 UTC 2 15 40 357 350 48133 1477.525 0 981.5762 818.8692 0 0 26 0 0 1409
Jun 5th 19:41:02.994 UTC 3 14 38 331 325 42627 1446.325 12.86 910.699 740.8369 2 0 61 0 0 778
Jun 5th 19:40:40.611 UTC 2 15 40 355 348 47798 1470.214 0 980.0527 817.8333 0 0 26 0 0 1399
Jun 5th 19:40:02.155 UTC 3 11 39 330 323 42506 1438.172 12.86 909.9676 738.4728 2 0 60 0 0 773
Jun 5th 19:39:40.603 UTC 2 15 39 354 347 47689 1464.726 0 979.5144 817.3637 0 0 26 0 0 1388
Jun 5th 19:39:01.258 UTC 3 15 40 327 318 42086 1417.631 12.86 908.4032 737.8171 2 0 59 0 0 767
Jun 5th 19:38:40.611 UTC 2 15 40 352 343 47432 1446.562 0 978.8066 815.4139 0 0 26 0 0 1378
Jun 5th 19:38:01.278 UTC 3 15 39 325 317 41748 1416.086 12.86 907.7901 737.3611 2 0 59 0 0 765
Jun 5th 19:37:40.601 UTC 2 15 40 351 341 47255 1435.511 0 978.4059 814.3104 0 0 26 0 0 1366
Jun 5th 19:37:01.267 UTC 3 15 40 323 314 41485 1395.676 12.86 906.6962 735.5668 2 0 59 0 0 762
Jun 5th 19:36:40.598 UTC 2 15 40 347 338 46921 1421.16 0 977.2894 812.6826 0 0 26 0 0 1357
Jun 5th 19:36:01.278 UTC 3 14 39 320 312 41132 1384.928 12.86 904.8342 733.5021 2 0 59 0 0 755
Jun 5th 19:35:40.590 UTC 2 15 40 344 337 46407 1414.488 0 976.9418 812.361 0 0 26 0 0 1346
Jun 5th 19:35:01.277 UTC 3 15 40 317 309 40718 1369.863 12.86 901.9123 732.1823 2 0 59 0 0 754
Jun 5th 19:34:40.609 UTC 2 15 40 344 336 46407 1411.581 0 976.9418 812.0604 0 0 26 0 0 1334
Jun 5th 19:34:01.268 UTC 3 14 40 316 307 40638 1363.678 12.86 901.2719 730.2718 2 0 59 0 0 749
Jun 5th 19:33:40.599 UTC 2 15 39 340 334 45832 1404.123 0 976.1923 811.8324 0 0 26 0 0 1325
Jun 5th 19:33:01.258 UTC 3 15 40 313 306 40292 1354.041 12.86 900.0359 730.2718 2 0 59 0 0 740
Jun 5th 19:32:40.599 UTC 2 14 40 337 331 45415 1393.005 0 975.6905 811.4847 0 0 26 0 0 1317
Jun 5th 19:32:01.268 UTC 3 14 40 312 303 40108 1339.403 12.86 899.3905 727.6107 2 0 59 0 0 733
Jun 5th 19:31:40.609 UTC 2 14 40 336 329 45355 1384.839 0 975.938 811.3018 0 0 26 0 0 1308
Jun 5th 19:31:00.605 UTC 3 14 39 309 302 39791 1337.122 12.86 895.9475 726.9845 2 0 58 0 0 729
Jun 5th 19:30:40.600 UTC 2 14 40 332 325 44902 1370.508 0 975.3691 810.8708 0 0 26 0 0 1298
Jun 5th 19:30:00.603 UTC 3 14 40 307 299 39463 1331.32 12.86 894.9633 724.9482 2 0 58 0 0 723
Jun 5th 19:29:40.600 UTC 2 14 39 330 323 44616 1360.711 0 974.7239 810.8828 0 0 26 0 0 1289
Jun 5th 19:29:00.602 UTC 3 15 40 303 296 38963 1320.879 12.86 891.8743 723.7009 2 0 58 0 0 716
Jun 5th 19:28:40.589 UTC 2 15 40 328 317 44476 1334.547 0 974.3293 809.5488 0 0 26 0 0 1282
Jun 5th 19:28:00.614 UTC 3 14 40 300 295 38714 1314.634 12.86 889.8427 722.7914 2 0 58 0 0 711
Jun 5th 19:27:40.609 UTC 2 15 40 324 317 43974 1334.547 0 973.4453 809.5488 0 0 26 0 0 1271
Jun 5th 19:26:58.993 UTC 3 15 40 297 292 38348 1294.345 12.86 887.0247 721.4479 2 0 56 0 0 705
Jun 5th 19:26:40.600 UTC 2 15 40 322 315 43785 1326.103 0 972.9238 808.947 0 0 26 0 0 1263
Jun 5th 19:25:58.992 UTC 3 14 40 297 287 38348 1270.976 12.86 887.0247 716.0299 2 0 56 0 0 698
Jun 5th 19:25:40.599 UTC 2 15 40 321 312 43725 1316.393 0 972.5517 808.3027 0 0 26 0 0 1253
Jun 5th 19:24:59.003 UTC 3 14 40 296 286 38214 1268.171 12.86 886.2393 715.1901 2 0 56 0 0 693
Jun 5th 19:24:40.598 UTC 2 14 40 317 312 43485 1316.393 0 971.387 808.2734 0 0 26 0 0 1246
Jun 5th 19:23:59.003 UTC 3 15 39 294 284 37906 1262.118 12.86 884.985 714.4306 2 0 56 0 0 688
Jun 5th 19:23:40.588 UTC 2 14 40 314 306 43305 1286.75 0 970.5625 806.2874 0 0 26 0 0 1234
Jun 5th 19:22:58.228 UTC 3 14 39 291 283 37411 1258.004 12.86 883.0748 712.8528 2 0 55 0 0 685
Jun 5th 19:22:40.609 UTC 2 15 40 312 305 43066 1282.264 0 970.2144 806.2874 0 0 26 0 0 1220
Jun 5th 19:21:58.227 UTC 3 15 39 287 280 36936 1241.541 12.86 879.4351 711.384 2 0 55 0 0 680
Jun 5th 19:21:40.598 UTC 2 15 40 311 304 42912 1280.448 0 970.1627 806.1696 0 0 26 0 0 1211
Jun 5th 19:20:58.218 UTC 3 15 40 284 278 36667 1230.826 12.86 876.9372 709.9296 2 0 55 0 0 675
Jun 5th 19:20:40.600 UTC 2 13 39 310 302 42832 1267.658 0 969.7653 805.5514 0 0 26 0 0 1202
Jun 5th 19:19:58.218 UTC 3 14 39 282 277 36320 1223.457 12.86 875.6312 708.3871 2 0 55 0 0 668
Jun 5th 19:19:38.773 UTC 2 14 39 304 297 41940 1245.397 0 966.0043 804.7056 0 0 24 0 0 1193
Jun 5th 19:18:58.218 UTC 3 15 40 282 272 36320 1195.998 12.86 875.6312 705.3896 2 0 55 0 0 664
Jun 5th 19:18:36.200 UTC 2 15 40 304 295 41940 1236.688 0 966.0043 804.3018 0 0 21 0 0 1184
Jun 5th 19:17:58.228 UTC 3 13 40 282 272 36320 1195.998 12.86 875.6312 704.0522 2 0 55 0 0 658
Jun 5th 19:17:36.200 UTC 2 15 40 302 294 41654 1232.042 0 965.3115 803.8631 0 0 21 0 0 1176
Jun 5th 19:16:58.227 UTC 3 15 40 277 269 35533 1187.413 12.86 871.117 703.2542 2 0 55 0 0 647
Jun 5th 19:16:35.200 UTC 2 14 40 300 292 41366 1220.484 0 964.3245 802.3926 0 0 20 0 0 1170
Jun 5th 19:15:58.218 UTC 3 15 39 274 267 35122 1177.824 12.86 868.1693 702.0282 2 0 55 0 0 643
Jun 5th 19:15:35.189 UTC 2 15 40 297 287 41000 1197.922 0 962.8173 799.8698 0 0 20 0 0 1159
Jun 5th 19:14:57.592 UTC 3 14 40 272 265 34768 1162.437 12.86 865.8698 699.3141 2 0 54 0 0 637
Jun 5th 19:14:35.199 UTC 2 15 40 293 286 40412 1191.731 0 961.3182 799.3721 0 0 20 0 0 1151
Jun 5th 19:13:57.604 UTC 3 15 37 270 262 34482 1148.025 12.86 863.0839 697.4153 2 0 54 0 0 628
Jun 5th 19:13:35.199 UTC 2 15 40 292 285 40258 1185.869 0 961.144 798.9371 0 0 20 0 0 1143
Jun 5th 19:12:56.849 UTC 3 15 40 268 259 33966 1133.787 12.86 861.7706 694.649 2 0 53 0 0 626
Jun 5th 19:12:35.199 UTC 2 15 40 290 284 40025 1180.617 0 960.5135 798.5863 0 0 20 0 0 1130
Jun 5th 19:11:56.859 UTC 3 14 39 267 259 33886 1133.787 12.86 859.9795 693.8325 2 0 53 0 0 624
Jun 5th 19:11:35.199 UTC 2 15 40 287 279 39756 1159.128 0 959.4168 797.0338 0 0 20 0 0 1117
Jun 5th 19:10:56.860 UTC 3 14 40 264 256 33657 1122.471 12.86 855.8677 691.2208 2 0 53 0 0 620
Jun 5th 19:10:35.200 UTC 2 15 40 286 277 39696 1152.742 0 959.5876 796.4733 0 0 20 0 0 1110
Jun 5th 19:09:56.033 UTC 3 15 40 262 254 33468 1113.545 12.86 854.0751 690.0655 2 0 52 0 0 612
Jun 5th 19:09:35.199 UTC 2 15 39 284 276 39403 1147.94 0 958.5775 796.2006 0 0 20 0 0 1100
Jun 5th 19:08:56.043 UTC 3 14 39 259 253 33131 1109.601 12.86 850.8771 687.6884 2 0 52 0 0 605
Jun 5th 19:08:35.209 UTC 2 15 40 281 274 38961 1138.606 0 958.0783 795.9885 0 0 20 0 0 1092
Jun 5th 19:07:55.279 UTC 3 15 40 256 249 32472 1090.729 12.86 845.3322 683.8809 2 0 51 0 0 602
Jun 5th 19:07:34.252 UTC 2 15 40 278 271 38667 1122.041 0 956.631 795.6749 0 0 19 0 0 1081
Jun 5th 19:06:54.501 UTC 3 13 40 255 248 32288 1084.429 12.86 844.5739 680.2833 2 0 50 0 0 595
Jun 5th 19:06:34.241 UTC 2 15 38 276 270 38226 1120.962 0 955.6769 795.4847 0 0 19 0 0 1072
Jun 5th 19:05:54.501 UTC 3 15 39 253 245 32148 1069.527 12.86 841.4986 679.0887 2 0 50 0 0 587
Jun 5th 19:05:33.333 UTC 2 15 40 274 266 37899 1103.5 0 955.2325 794.4828 0 0 18 0 0 1065
Jun 5th 19:04:54.511 UTC 3 15 40 249 243 31504 1053.274 12.86 835.9901 676.9257 2 0 50 0 0 582
Jun 5th 19:04:33.322 UTC 2 15 40 273 263 37790 1090.142 0 954.8082 793.2523 0 0 18 0 0 1056
Jun 5th 19:03:53.909 UTC 3 15 40 249 240 31504 1045.265 12.86 835.9901 673.8301 2 0 49 0 0 577
Jun 5th 19:03:33.332 UTC 2 14 40 268 262 37204 1083.725 0 953.4391 792.6392 0 0 18 0 0 1044
Jun 5th 19:02:53.911 UTC 3 14 39 248 239 31395 1040.615 12.86 834.4147 671.3044 2 0 49 0 0 574
Jun 5th 19:02:33.322 UTC 2 15 40 268 258 37204 1064.823 0 953.4391 791.5634 0 0 18 0 0 1032
Jun 5th 19:01:53.924 UTC 3 14 40 244 236 30781 1029.577 12.86 828.7123 666.2585 2 0 49 0 0 572
Jun 5th 19:01:33.324 UTC 2 15 40 266 256 37035 1056.788 0 953.019 790.8454 0 0 18 0 0 1021
Jun 5th 19:00:53.915 UTC 3 15 40 242 232 30524 1009.818 12.86 825.8695 661.3667 2 0 49 0 0 566
Jun 5th 19:00:33.321 UTC 2 15 40 260 254 36304 1048.881 0 950.3315 790.5331 0 0 18 0 0 1011
Jun 5th 18:59:53.903 UTC 3 15 40 240 232 30267 1009.818 12.86 823.2838 661.3667 2 0 49 0 0 561
Jun 5th 18:59:33.333 UTC 2 13 40 259 253 36224 1043.909 0 949.8097 789.7213 0 0 18 0 0 1002
Jun 5th 18:58:53.923 UTC 3 15 40 236 231 29819 1005.749 12.86 818.5055 660.077 2 0 49 0 0 555
Jun 5th 18:58:32.407 UTC 2 15 40 257 249 35870 1034.052 0 948.7577 789.0762 0 0 17 0 0 992
Jun 5th 18:57:53.912 UTC 3 14 37 233 230 29473 1002.625 12.86 815.4546 657.6514 2 0 49 0 0 549
Jun 5th 18:57:32.415 UTC 2 15 40 254 246 35472 1025.161 0 947.6922 787.6342 0 0 17 0 0 982
Jun 5th 18:56:53.921 UTC 3 13 39 233 226 29473 982.2689 12.86 815.4546 652.1176 2 0 49 0 0 546
Jun 5th 18:56:32.405 UTC 2 14 40 250 243 34843 1011.28 0 945.3488 785.7163 0 0 17 0 0 971
Jun 5th 18:55:53.913 UTC 3 15 40 231 222 29304 955.8114 6.09 814.2448 648.4835 1 0 49 0 0 540
Jun 5th 18:55:31.323 UTC 2 15 39 247 241 34226 1002.578 0 943.5562 785.2392 0 0 16 0 0 962
Jun 5th 18:54:53.912 UTC 3 15 40 230 220 29224 946.8667 6.09 812.2836 646.3573 1 0 49 0 0 534
Jun 5th 18:54:31.333 UTC 2 15 40 246 237 34117 985.8976 0 943.1827 783.5311 0 0 16 0 0 953
Jun 5th 18:53:53.924 UTC 3 15 40 228 219 28980 944.2053 6.09 811.7136 645.5762 1 0 49 0 0 531
Jun 5th 18:53:31.333 UTC 2 14 40 245 235 34037 977.7443 0 942.355 781.6317 0 0 16 0 0 942
Jun 5th 18:52:53.914 UTC 3 15 40 225 217 28609 934.348 6.09 810.9977 644.1996 1 0 49 0 0 524
Jun 5th 18:52:30.365 UTC 2 13 40 241 234 33405 971.7673 0 939.6829 779.9863 0 0 15 0 0 933
Jun 5th 18:51:53.913 UTC 3 15 40 221 217 28152 934.348 6.09 807.1704 644.1996 1 0 49 0 0 521
Jun 5th 18:51:30.374 UTC 2 15 40 238 232 33165 961.945 0 937.1277 779.9863 0 0 15 0 0 922
Jun 5th 18:50:53.911 UTC 3 14 36 219 216 27983 928.02 6.09 807.0791 643.7136 1 0 49 0 0 512
Jun 5th 18:50:30.373 UTC 2 14 39 236 231 32931 957.5859 0 935.5657 778.8607 0 0 15 0 0 915
Jun 5th 18:49:53.922 UTC 3 14 35 219 213 27983 920.9835 6.09 807.0791 643.4141 1 0 49 0 0 508
Jun 5th 18:49:30.373 UTC 2 15 40 235 226 32754 938.0148 0 934.6415 776.1053 0 0 15 0 0 904
Jun 5th 18:48:53.922 UTC 3 10 38 217 211 27695 906.5629 6.09 804.1638 639.459 1 0 49 0 0 505
Jun 5th 18:48:30.373 UTC 2 15 40 232 223 32334 923.6834 0 932.2472 773.9747 0 0 15 0 0 891
Jun 5th 18:47:52.451 UTC 3 15 39 215 204 27451 874.8655 6.09 802.2648 636.9062 1 0 47 0 0 501
Jun 5th 18:47:30.363 UTC 2 14 39 229 222 31864 918.9733 0 929.0889 772.4672 0 0 15 0 0 880
Jun 5th 18:46:52.463 UTC 3 14 40 212 203 26950 872.0637 6.09 800.1005 634.3936 1 0 47 0 0 496
Jun 5th 18:46:30.363 UTC 2 15 40 227 217 31650 898.2502 0 927.4333 769.038 0 0 15 0 0 871
Jun 5th 18:45:52.463 UTC 3 14 40 211 202 26796 868.2822 6.09 799.7332 633.4656 1 0 47 0 0 492
Jun 5th 18:45:30.373 UTC 2 15 40 224 216 31012 891.2712 0 924.3283 768.3939 0 0 15 0 0 860
Jun 5th 18:44:52.451 UTC 3 15 40 208 201 26308 864.5581 6.09 797.1332 633.4656 1 0 47 0 0 488
Jun 5th 18:44:30.373 UTC 2 15 40 222 212 30714 877.0325 0 921.6371 764.28 0 0 15 0 0 850
Jun 5th 18:43:52.454 UTC 3 15 38 203 199 25593 855.84 6.09 790.174 632.3372 1 0 47 0 0 480
Jun 5th 18:43:30.363 UTC 2 15 40 218 211 30143 874.5274 0 917.1685 762.9898 0 0 15 0 0 841
Jun 5th 18:42:51.881 UTC 3 15 40 201 197 25356 846.6049 6.09 786.6588 631.3077 1 0 46 0 0 475
Jun 5th 18:42:30.374 UTC 2 15 40 215 209 29804 868.9333 0 913.681 760.8571 0 0 15 0 0 832
Jun 5th 18:41:51.036 UTC 3 13 37 201 196 25356 844.8721 6.09 786.6588 629.0264 1 0 45 0 0 468
Jun 5th 18:41:30.374 UTC 2 14 40 213 206 29560 850.2015 0 911.977 756.7117 0 0 15 0 0 824
Jun 5th 18:40:48.504 UTC 3 13 40 198 193 24904 830.2217 6.09 782.3798 625.8165 1 0 42 0 0 464
Jun 5th 18:40:29.456 UTC 2 15 40 211 202 29232 828.7891 0 909.0459 753.2121 0 0 14 0 0 814
Jun 5th 18:39:47.657 UTC 3 14 39 196 187 24690 807.0413 6.09 779.6301 619.0936 1 0 41 0 0 457
Jun 5th 18:39:29.475 UTC 2 15 39 210 200 29078 824.1077 0 907.4899 750.3131 0 0 14 0 0 804
Jun 5th 18:38:46.494 UTC 3 13 40 194 185 24397 797.2126 6.09 776.8804 613.8471 1 0 39 0 0 450
Jun 5th 18:38:29.464 UTC 2 15 40 208 198 28747 816.4522 0 905.5345 747.9229 0 0 14 0 0 797
Jun 5th 18:37:46.485 UTC 3 15 40 193 181 24317 774.7663 6.09 775.827 610.2028 1 0 39 0 0 447
Jun 5th 18:37:29.465 UTC 2 15 39 203 197 27895 811.9623 0 899.1489 746.8383 0 0 14 0 0 785
Jun 5th 18:36:46.484 UTC 3 15 40 192 180 24237 766.3417 6.09 774.7401 608.7253 1 0 39 0 0 440
Jun 5th 18:36:29.455 UTC 2 15 39 200 196 27364 807.0096 0 895.1989 745.6392 0 0 14 0 0 777
Jun 5th 18:35:46.484 UTC 3 15 40 186 179 23498 759.5287 6.09 766.4102 607.3146 1 0 39 0 0 435
Jun 5th 18:35:29.467 UTC 2 15 40 199 192 27187 786.3567 0 893.2875 741.0938 0 0 14 0 0 766
Jun 5th 18:34:46.495 UTC 3 14 40 184 178 23148 749.7639 6.09 763.3967 604.9341 1 0 39 0 0 428
Jun 5th 18:34:29.466 UTC 2 15 39 197 189 26950 770.3085 0 890.6472 737.7001 0 0 14 0 0 757
Jun 5th 18:33:46.486 UTC 3 14 40 182 176 22794 737.3887 6.09 760.3353 602.4304 1 0 39 0 0 422
Jun 5th 18:33:29.455 UTC 2 14 40 196 187 26841 757.9174 0 889.2481 734.2151 0 0 14 0 0 750
Jun 5th 18:32:46.486 UTC 3 15 40 181 175 22568 734.7784 6.09 758.5754 602.4304 1 0 39 0 0 418
Jun 5th 18:32:28.435 UTC 2 14 40 194 186 26681 752.2213 0 886.7293 732.8969 0 0 13 0 0 740
Jun 5th 18:31:46.484 UTC 3 15 39 181 170 22568 708.959 6.09 758.5754 597.0809 1 0 39 0 0 411
Jun 5th 18:31:28.435 UTC 2 15 40 191 183 26173 736.9709 0 883.2229 730.4326 0 0 13 0 0 730
Jun 5th 18:30:44.799 UTC 3 15 40 178 167 22245 699.6154 6.09 754.8091 592.9337 1 0 37 0 0 406
Jun 5th 18:30:28.425 UTC 2 14 39 190 181 26064 727.9145 0 881.9252 726.7081 0 0 13 0 0 720
Jun 5th 18:29:44.799 UTC 3 15 40 176 167 22125 699.6154 6.09 753.4137 592.9337 1 0 37 0 0 399
Jun 5th 18:29:28.443 UTC 2 15 40 189 178 25943 710.5516 0 880.6948 724.209 0 0 13 0 0 712
Jun 5th 18:28:44.179 UTC 3 14 39 175 166 21877 696.8328 6.09 752.6308 591.1111 1 0 36 0 0 395
Jun 5th 18:28:28.434 UTC 2 15 40 185 177 25218 708.6976 0 876.1064 723.0754 0 0 13 0 0 701
Jun 5th 18:27:43.248 UTC 3 15 40 170 164 21270 691.1749 6.09 745.7543 590.0488 1 0 35 0 0 388
Jun 5th 18:27:27.514 UTC 2 15 40 181 176 24806 706.8978 0 870.683 722.0029 0 0 12 0 0 693
Jun 5th 18:26:42.401 UTC 3 15 40 165 161 20592 679.2465 6.09 740.2015 587.7286 1 0 34 0 0 382
Jun 5th 18:26:27.514 UTC 2 14 39 178 176 24340 706.8978 0 867.8137 721.2459 0 0 12 0 0 685
Jun 5th 18:25:42.411 UTC 3 15 38 165 160 20592 671.2017 0 740.2015 585.9969 0 0 34 0 0 377
Jun 5th 18:25:27.524 UTC 2 15 39 176 171 24103 686.3947 0 864.4442 717.9851 0 0 12 0 0 673
Jun 5th 18:24:42.412 UTC 3 15 40 164 156 20458 648.7809 0 738.2115 582.3898 0 0 34 0 0 371
Jun 5th 18:24:27.516 UTC 2 15 40 176 166 24103 663.2942 0 864.4442 712.7397 0 0 12 0 0 665
Jun 5th 18:23:41.585 UTC 3 15 40 162 154 20289 643.8761 0 735.5957 580.1909 0 0 33 0 0 365
Jun 5th 18:23:27.527 UTC 2 15 40 174 166 23772 663.2942 0 862.4786 712.7397 0 0 12 0 0 657
Jun 5th 18:22:41.599 UTC 3 15 39 160 153 20014 640.3595 0 731.5467 579.0659 0 0 33 0 0 358
Jun 5th 18:22:27.516 UTC 2 15 39 173 163 23638 655.5174 0 861.3868 709.5419 0 0 12 0 0 648
Jun 5th 18:21:41.594 UTC 3 12 40 157 150 19509 631.3445 0 725.9786 569.891 0 0 33 0 0 350
Jun 5th 18:21:27.520 UTC 2 15 40 167 159 22691 633.0104 0 853.8873 704.4312 0 0 12 0 0 641
Jun 5th 18:20:40.819 UTC 3 15 40 154 145 19170 614.6007 0 719.6049 565.5956 0 0 32 0 0 344
Jun 5th 18:20:27.518 UTC 2 15 40 165 158 22360 630.5596 0 852.4561 703.2553 0 0 12 0 0 631
Jun 5th 18:19:40.829 UTC 3 15 40 152 144 19001 610.5576 0 716.709 563.6212 0 0 32 0 0 343
Jun 5th 18:19:27.508 UTC 2 15 38 163 156 22049 618.0823 0 850.1362 701.1431 0 0 12 0 0 618
Jun 5th 18:18:40.830 UTC 3 14 40 148 141 18672 595.2242 0 707.494 555.7731 0 0 32 0 0 335
Jun 5th 18:18:27.520 UTC 2 15 40 161 152 21718 601.8427 0 848.6796 696.9466 0 0 12 0 0 612
Jun 5th 18:17:40.818 UTC 3 15 40 145 138 18398 586.2189 0 701.1074 551.5417 0 0 32 0 0 329
Jun 5th 18:17:27.519 UTC 2 15 40 159 149 21461 591.012 0 846.1999 693.2836 0 0 12 0 0 602
Jun 5th 18:16:39.902 UTC 3 13 39 142 137 18081 581.4354 0 695.2894 545.663 0 0 31 0 0 323
Jun 5th 18:16:27.519 UTC 2 15 40 155 148 20938 589.2952 0 843.8933 692.2628 0 0 12 0 0 594
Jun 5th 18:15:38.718 UTC 3 15 39 140 132 17720 560.7792 0 690.6868 539.1815 0 0 30 0 0 318
Jun 5th 18:15:26.182 UTC 2 14 40 152 146 20698 583.0597 0 841.7043 690.0454 0 0 11 0 0 582
Jun 5th 18:14:38.707 UTC 3 15 40 139 128 17640 533.5112 0 688.9471 530.7345 0 0 30 0 0 314
Jun 5th 18:14:26.190 UTC 2 15 40 149 143 20420 569.3027 0 838.2656 688.6428 0 0 11 0 0 573
Jun 5th 18:13:37.669 UTC 3 15 39 135 125 17146 525.8716 0 677.4221 522.5026 0 0 29 0 0 309
Jun 5th 18:13:26.184 UTC 2 15 39 145 140 19919 549.8752 0 835.0838 686.2322 0 0 11 0 0 562
Jun 5th 18:12:37.668 UTC 3 15 40 132 123 16906 511.3265 0 668.3341 515.9897 0 0 29 0 0 303
Jun 5th 18:12:26.179 UTC 2 15 40 145 137 19919 539.1818 0 835.0838 684.108 0 0 11 0 0 554
Jun 5th 18:11:37.659 UTC 3 15 40 130 121 16688 504.5453 0 663.0398 509.918 0 0 29 0 0 297
Jun 5th 18:11:26.181 UTC 2 14 39 144 135 19839 525.4791 0 834.2487 682.1936 0 0 11 0 0 544
Jun 5th 18:10:37.658 UTC 3 14 39 129 120 16440 501.1531 0 660.2569 503.871 0 0 29 0 0 292
Jun 5th 18:10:26.190 UTC 2 15 40 142 131 19478 513.4964 0 832.6392 679.4053 0 0 11 0 0 534
Jun 5th 18:09:36.922 UTC 3 15 40 127 117 16201 483.4392 0 654.1072 497.4194 0 0 28 0 0 288
Jun 5th 18:09:26.183 UTC 2 15 40 138 129 18884 505.5856 0 829.1309 676.6212 0 0 11 0 0 523
Jun 5th 18:08:36.923 UTC 3 15 40 123 115 15795 478.0781 0 639.662 491.406 0 0 28 0 0 282
Jun 5th 18:08:25.131 UTC 2 15 40 135 127 18538 498.2556 0 826.9725 674.5051 0 0 10 0 0 515
Jun 5th 18:07:36.912 UTC 3 15 40 120 115 15400 478.0781 0 632.1111 491.406 0 0 28 0 0 275
Jun 5th 18:07:25.133 UTC 2 15 40 132 126 18123 496.4079 0 824.8954 673.6162 0 0 10 0 0 506
Jun 5th 18:06:36.913 UTC 3 15 40 118 113 15018 472.082 0 625.2321 486.742 0 0 28 0 0 270
Jun 5th 18:06:25.131 UTC 2 14 40 129 124 17777 485.3857 0 821.0006 672.2338 0 0 10 0 0 497
Jun 5th 18:05:36.924 UTC 3 15 39 116 111 14593 467.0304 0 619.2107 481.587 0 0 28 0 0 265
Jun 5th 18:05:25.122 UTC 2 14 40 127 121 17543 479.4502 0 819.1859 670.5534 0 0 10 0 0 486
Jun 5th 18:04:35.891 UTC 3 14 40 114 109 14473 459.5696 0 612.3771 473.6363 0 0 27 0 0 262
Jun 5th 18:04:25.122 UTC 2 14 40 124 117 17246 463.9796 0 817.8582 668.3453 0 0 10 0 0 474
Jun 5th 18:03:35.881 UTC 3 15 39 111 105 14085 451.8565 0 603.857 465.6325 0 0 27 0 0 257
Jun 5th 18:03:25.124 UTC 2 15 40 122 114 16892 458.0186 0 817.2817 667.0194 0 0 10 0 0 463
Jun 5th 18:02:35.891 UTC 3 15 40 109 101 13797 421.4708 0 599.2692 454.4183 0 0 27 0 0 252
Jun 5th 18:02:24.160 UTC 2 14 40 120 111 16649 442.8129 0 814.907 663.3287 0 0 9 0 0 455
Jun 5th 18:01:35.889 UTC 3 12 40 105 100 13448 412.9282 0 585.9652 442.7253 0 0 27 0 0 247
Jun 5th 18:01:23.014 UTC 2 15 40 114 107 15786 425.4692 0 805.3671 659.529 0 0 8 0 0 446
Jun 5th 18:00:34.942 UTC 3 14 40 105 93 13448 380.433 0 585.9652 425.2612 0 0 26 0 0 239
Jun 5th 18:00:23.010 UTC 2 13 39 112 106 15453 419.2944 0 803.6143 656.0249 0 0 8 0 0 436
Jun 5th 17:59:34.953 UTC 3 15 39 105 92 13448 378.263 0 585.9652 425.2612 0 0 26 0 0 231
Jun 5th 17:59:21.791 UTC 2 14 40 112 102 15453 405.1609 0 803.6143 651.3398 0 0 7 0 0 429
Jun 5th 17:58:34.942 UTC 3 15 40 101 90 13058 371.1819 0 573.1389 417.0693 0 0 26 0 0 227
Jun 5th 17:58:21.781 UTC 2 13 40 109 100 15118 398.3351 0 798.5104 646.6179 0 0 7 0 0 419
Jun 5th 17:57:34.951 UTC 3 14 40 95 90 12280 371.1819 0 550.0571 413.5432 0 0 26 0 0 222
Jun 5th 17:57:21.782 UTC 2 15 40 105 96 14670 386.7928 0 789.5116 642.7218 0 0 7 0 0 411
Jun 5th 17:56:34.953 UTC 3 15 38 94 87 12159 363.0987 0 544.0646 406.2637 0 0 26 0 0 214
Jun 5th 17:56:21.771 UTC 2 15 40 103 95 14433 384.3069 0 787.0211 641.0387 0 0 7 0 0 402
Jun 5th 17:55:34.135 UTC 3 15 39 93 85 12050 360.1469 0 537.8864 398.6929 0 0 25 0 0 210
Jun 5th 17:55:21.783 UTC 2 15 40 98 94 13828 381.9454 0 774.3882 639.8386 0 0 7 0 0 391
Jun 5th 17:54:34.146 UTC 3 13 39 88 83 11304 352.9987 0 519.5756 384.2334 0 0 25 0 0 206
Jun 5th 17:54:20.579 UTC 2 13 40 96 91 13497 368.3608 0 767.9114 631.1067 0 0 6 0 0 381
Jun 5th 17:53:33.350 UTC 3 15 40 84 78 10761 333.718 0 495.8004 372.3361 0 0 24 0 0 200
Jun 5th 17:53:20.569 UTC 2 14 40 94 86 13316 350.2289 0 761.2711 621.8362 0 0 6 0 0 371
Jun 5th 17:52:33.349 UTC 3 14 40 84 76 10761 322.0002 0 495.8004 357.6195 0 0 24 0 0 193
Jun 5th 17:52:20.582 UTC 2 15 39 92 83 13176 336.3538 0 755.8661 615.1626 0 0 6 0 0 363
Jun 5th 17:51:33.359 UTC 3 14 40 82 75 10430 315.2159 0 487.3328 353.16 0 0 24 0 0 185
Jun 5th 17:51:20.580 UTC 2 14 40 91 80 12844 325.6572 0 753.1637 601.8355 0 0 6 0 0 358
Jun 5th 17:50:32.627 UTC 3 12 40 79 72 10152 304.1427 0 471.4228 328.2878 0 0 23 0 0 179
Jun 5th 17:50:20.574 UTC 2 15 40 86 77 12147 317.6251 0 737.2446 594.7695 0 0 6 0 0 348
Jun 5th 17:49:30.798 UTC 3 15 40 78 69 9975 293.8768 0 465.6056 328.2878 0 0 21 0 0 173
Jun 5th 17:49:20.585 UTC 2 15 40 82 76 11439 312.0374 0 721.911 591.2849 0 0 6 0 0 339
Jun 5th 17:48:30.157 UTC 3 15 38 75 67 9603 278.7509 0 449.7873 317.8639 0 0 20 0 0 168
Jun 5th 17:48:19.650 UTC 2 12 40 79 75 10927 308.607 0 706.9041 578.9601 0 0 5 0 0 329
Jun 5th 17:47:29.452 UTC 3 14 39 72 64 9196 265.7535 0 433.4862 294.8124 0 0 19 0 0 164
Jun 5th 17:47:19.646 UTC 2 15 40 78 68 10773 279.7688 0 701.4773 563.2056 0 0 5 0 0 317
Jun 5th 17:46:28.768 UTC 3 14 40 69 62 8841 259.5468 0 415.1093 283.4275 0 0 18 0 0 159
Jun 5th 17:46:19.651 UTC 2 15 40 76 68 10516 279.7688 0 693.2374 563.2056 0 0 5 0 0 307
Jun 5th 17:45:28.757 UTC 3 15 40 68 60 8761 248.6491 0 409.7588 278.094 0 0 18 0 0 153
Jun 5th 17:45:19.652 UTC 2 14 40 73 64 10125 263.092 0 677.3129 540.5225 0 0 5 0 0 298
Jun 5th 17:44:28.758 UTC 3 14 40 65 59 8331 242.168 0 394.4065 267.9745 0 0 18 0 0 151
Jun 5th 17:44:18.689 UTC 2 15 40 70 62 9660 253.0751 0 661.2653 534.9728 0 0 4 0 0 286
Jun 5th 17:43:28.769 UTC 3 15 40 64 56 8154 234.0688 0 388.777 257.1 0 0 18 0 0 144
Jun 5th 17:43:18.682 UTC 2 15 40 67 60 9224 241.8871 0 640.9067 524.2559 0 0 4 0 0 278
Jun 5th 17:42:28.015 UTC 3 13 39 59 54 7088 221.5916 0 361.8397 235.5494 0 0 17 0 0 137
Jun 5th 17:42:18.689 UTC 2 15 40 65 57 8980 224.7061 0 627.0388 508.3831 0 0 4 0 0 269
Jun 5th 17:41:27.361 UTC 3 13 38 58 52 6934 213.4127 0 355.8488 224.964 0 0 16 0 0 133
Jun 5th 17:41:18.681 UTC 2 15 40 64 55 8803 214.8615 0 619.3556 496.9978 0 0 4 0 0 257
Jun 5th 17:40:26.544 UTC 3 15 40 57 48 6761 195.8201 0 350.4652 213.7697 0 0 15 0 0 125
Jun 5th 17:40:17.751 UTC 2 14 40 62 53 8521 208.4314 0 603.8185 478.5114 0 0 3 0 0 251
Jun 5th 17:39:26.533 UTC 3 15 40 54 46 6373 188.7964 0 334.8596 204.3992 0 0 15 0 0 118
Jun 5th 17:39:17.741 UTC 2 15 40 60 50 8332 195.8807 0 589.8281 464.0392 0 0 3 0 0 243
Jun 5th 17:38:25.707 UTC 3 13 39 51 46 6027 188.7964 0 318.2849 195.7628 0 0 14 0 0 113
Jun 5th 17:38:17.751 UTC 2 15 40 56 48 7599 186.9009 0 556.4272 449.061 0 0 3 0 0 233
Jun 5th 17:37:25.014 UTC 3 15 39 50 41 5918 163.8674 0 312.7937 179.476 0 0 13 0 0 109
Jun 5th 17:37:17.751 UTC 2 15 40 53 48 7165 186.9009 0 531.0558 449.061 0 0 3 0 0 222
Jun 5th 17:36:25.003 UTC 3 14 40 48 38 5798 146.9545 0 303.5794 156.2986 0 0 13 0 0 106
Jun 5th 17:36:17.751 UTC 2 14 40 50 45 6619 177.0435 0 503.8308 421.3489 0 0 3 0 0 210
Jun 5th 17:35:24.392 UTC 3 15 40 46 36 5561 140.502 0 292.442 150.3477 0 0 12 0 0 103
Jun 5th 17:35:17.741 UTC 2 15 39 49 41 6393 162.6898 0 495.8125 397.1077 0 0 3 0 0 198
Jun 5th 17:34:23.464 UTC 3 15 35 42 33 5115 125.6856 0 272.4197 133.2993 0 0 11 0 0 94
Jun 5th 17:34:17.751 UTC 2 14 40 45 37 5768 149.7753 0 462.432 353.9363 0 0 3 0 0 192
Jun 5th 17:33:23.462 UTC 3 15 32 40 32 4690 120.6341 0 263.4216 128.3105 0 0 11 0 0 90
Jun 5th 17:33:17.753 UTC 2 15 40 42 34 5327 137.1704 0 436.243 335.1232 0 0 3 0 0 180
Jun 5th 17:32:22.606 UTC 3 14 32 38 30 4340 113.9678 0 252.3265 112.8009 0 0 10 0 0 86
Jun 5th 17:32:17.750 UTC 2 14 40 41 30 5173 121.9647 0 427.097 287.358 0 0 3 0 0 171
Jun 5th 17:31:22.607 UTC 3 15 24 36 29 4081 109.6662 0 240.2523 112.8009 0 0 10 0 0 78
Jun 5th 17:31:17.761 UTC 2 15 40 38 29 4782 116.5589 0 401.8345 287.358 0 0 3 0 0 164
Jun 5th 17:30:21.811 UTC 3 14 24 33 27 3733 97.39634 0 225.1184 99.75217 0 0 9 0 0 74
Jun 5th 17:30:17.760 UTC 2 15 40 34 28 4473 110.9234 0 366.0276 278.4621 0 0 3 0 0 151
Jun 5th 17:29:21.811 UTC 3 15 22 30 24 3342 83.31074 0 207.7242 91.08324 0 0 9 0 0 70
Jun 5th 17:29:17.751 UTC 2 15 40 32 26 4187 101.0852 0 347.3376 262.833 0 0 3 0 0 141
Jun 5th 17:28:21.820 UTC 3 15 18 28 22 3056 69.87614 0 199.5158 82.72068 0 0 9 0 0 64
Jun 5th 17:28:17.751 UTC 2 15 39 29 23 3666 89.5844 0 319.7105 238.1731 0 0 3 0 0 131
Jun 5th 17:27:21.820 UTC 3 14 13 28 21 3056 63.02801 0 199.5158 76.65874 0 0 9 0 0 57
Jun 5th 17:27:17.750 UTC 2 14 40 29 19 3666 73.06396 0 319.7105 194.8872 0 0 3 0 0 123
Jun 5th 17:26:21.821 UTC 3 13 15 26 17 2936 49.74015 0 192.1394 56.17897 0 0 9 0 0 54
Jun 5th 17:26:17.740 UTC 2 14 40 26 18 3252 69.38778 0 298.3693 186.9184 0 0 3 0 0 112
Jun 5th 17:25:21.810 UTC 3 15 11 25 14 2876 43.26214 0 185.5088 51.1641 0 0 9 0 0 49
Jun 5th 17:25:17.760 UTC 2 15 40 22 14 2849 49.08908 0 266.9136 160.546 0 0 3 0 0 101
Jun 5th 17:24:21.808 UTC 3 15 7 19 13 2126 36.41082 0 181.1087 48.50323 0 0 9 0 0 44
Jun 5th 17:24:17.750 UTC 2 15 40 19 12 2328 38.36374 0 240.9873 144.819 0 0 3 0 0 92
Jun 5th 17:23:20.543 UTC 3 15 10 16 10 1780 23.66548 0 165.4142 42.44118 0 0 7 0 0 42
Jun 5th 17:23:17.751 UTC 2 15 39 19 10 2328 32.68672 0 240.9873 128.1766 0 0 3 0 0 78
Jun 5th 17:22:19.646 UTC 3 12 8 14 9 1566 22.59006 0 142.5822 34.73282 0 0 6 0 0 35
Jun 5th 17:22:16.781 UTC 2 15 40 15 6 1688 15.34298 0 211.4078 96.61731 0 0 2 0 0 70
Jun 5th 17:21:17.952 UTC 3 13 8 13 4 1457 8.641613 0 143.1563 20.81189 0 0 4 0 0 29
Jun 5th 17:21:16.781 UTC 2 15 40 12 4 1365 8.839458 0 188.6414 78.27699 0 0 2 0 0 61
Jun 5th 17:20:17.951 UTC 3 15 4 10 1 1237 2.217843 0 145.7819 16.30705 0 0 4 0 0 24
Jun 5th 17:20:16.771 UTC 2 13 32 11 4 1256 8.839458 0 182.1961 63.38593 0 0 2 0 0 51
Jun 5th 17:19:17.966 UTC 3 14 0 4 1 457 2.217843 0 129.846 17.33455 0 0 4 0 0 19
Jun 5th 17:19:16.771 UTC 2 15 23 7 1 735 1.404112 0 156.1521 56.35635 0 0 2 0 0 41
Jun 5th 17:18:17.043 UTC 3 10 3 1 0 134 0 0 96.73136 12.61325 0 0 3 0 0 16
Jun 5th 17:18:16.781 UTC 2 14 12 3 1 229 1.404112 0 115.5326 53.85649 0 0 2 0 0 29
Jun 5th 17:17:16.772 UTC 2 9 10 1 0 60 0 0 75.94368 35.41267 0 0 2 0 0 21
Jun 5th 17:17:15.431 UTC 3 6 2 1 0 134 0 0 96.73136 6.495188 0 0 1 0 0 9
Jun 5th 17:16:14.594 UTC 3 2 1 0 0 0 0 0 NaN 10.70698 0 0 0 0 0 3
Jun 5th 17:16:14.535 UTC 2 5 7 0 0 0 0 0 NaN 21.45636 0 0 0 0 0 12
Jun 5th 17:15:14.730 UTC 3 0 0 0 0 0 0 0 NaN NaN 0 0 0 0 0 0
Jun 5th 17:15:14.729 UTC 2 0 0 0 0 0 0 0 NaN NaN 0 0 0 0 0 0