dt1 dt2 dt3 dt4 controller drones queue deliveries fullTrips revenue costs penalties avgDelTime avgWaitTime fDel fRet fLaunch collisions unknown total
Jun 5th 22:59:58.264 UTC 2 15 1 854 846 112148 3730.359 0 193.1099 20.00236 0 1 57 0 0 3443
Jun 5th 22:59:02.472 UTC 3 15 0 790 784 104953 3552.747 5.6 192.9874 13.88351 1 0 137 0 0 1953
Jun 5th 22:58:57.151 UTC 2 15 1 853 844 112088 3719.468 0 193.0171 20.00524 0 1 56 0 0 3432
Jun 5th 22:58:01.534 UTC 3 14 0 789 782 104844 3543.55 5.6 192.9023 13.91831 1 0 136 0 0 1949
Jun 5th 22:57:57.160 UTC 2 15 1 849 844 111636 3719.468 0 192.9387 20.00524 0 1 56 0 0 3421
Jun 5th 22:57:00.633 UTC 3 15 1 788 779 104723 3532.786 5.6 192.78 13.93864 1 0 135 0 0 1944
Jun 5th 22:56:57.158 UTC 2 15 1 847 841 111379 3707.894 0 192.7828 20.01075 0 1 56 0 0 3412
Jun 5th 22:56:00.622 UTC 3 15 1 785 777 104386 3524.904 5.6 192.892 13.91304 1 0 135 0 0 1938
Jun 5th 22:55:57.162 UTC 2 15 0 846 838 111258 3686.788 0 192.793 20.03272 0 1 56 0 0 3403
Jun 5th 22:55:00.633 UTC 3 15 1 782 774 103973 3511.942 5.6 192.8384 13.89588 1 0 135 0 0 1931
Jun 5th 22:54:57.151 UTC 2 15 1 844 836 110878 3679.008 0 192.9528 20.00992 0 1 56 0 0 3394
Jun 5th 22:54:00.633 UTC 3 15 1 779 773 103676 3509.016 5.6 193.0225 13.87788 1 0 135 0 0 1924
Jun 5th 22:53:56.171 UTC 2 15 1 843 833 110818 3663.79 0 192.8617 20.04848 0 1 55 0 0 3387
Jun 5th 22:53:00.632 UTC 3 11 1 778 773 103567 3509.016 5.6 192.9392 13.93026 1 0 135 0 0 1918
Jun 5th 22:52:56.183 UTC 2 15 1 841 829 110490 3650.406 0 192.8851 20.08771 0 1 55 0 0 3379
Jun 5th 22:52:00.632 UTC 3 13 0 775 769 103318 3494.107 5.6 193.0427 13.95802 1 0 135 0 0 1914
Jun 5th 22:51:56.171 UTC 2 15 1 839 827 110136 3642.565 0 192.9307 20.06717 0 1 55 0 0 3366
Jun 5th 22:51:00.622 UTC 3 13 1 773 766 102987 3482.108 5.6 192.9925 13.98577 1 0 135 0 0 1912
Jun 5th 22:50:56.170 UTC 2 15 1 835 826 109571 3640.737 0 192.9008 19.99629 0 1 55 0 0 3354
Jun 5th 22:50:00.632 UTC 3 13 1 771 764 102753 3470.202 5.6 193.2316 14.0035 1 0 135 0 0 1910
Jun 5th 22:49:56.181 UTC 2 15 1 829 823 108956 3634.287 0 192.894 19.9971 0 1 55 0 0 3342
Jun 5th 22:49:00.622 UTC 3 12 1 769 761 102445 3450.073 5.6 193.4434 14.04445 1 0 135 0 0 1903
Jun 5th 22:48:56.173 UTC 2 15 1 828 821 108802 3627.346 0 193.0597 20.00725 0 1 55 0 0 3333
Jun 5th 22:47:58.818 UTC 3 13 0 767 758 102127 3437.365 5.6 193.4222 14.06702 1 0 133 0 0 1897
Jun 5th 22:47:56.170 UTC 2 13 1 825 819 108268 3620.511 0 192.9934 20.06606 0 1 55 0 0 3323
Jun 5th 22:46:58.808 UTC 3 15 1 767 754 102127 3424.017 5.6 193.4222 13.97322 1 0 133 0 0 1889
Jun 5th 22:46:55.242 UTC 2 15 1 823 815 107865 3601.55 0 193.189 20.07881 0 1 54 0 0 3316
Jun 5th 22:45:58.808 UTC 3 15 0 762 754 101733 3424.017 5.6 193.6431 13.97322 1 0 133 0 0 1886
Jun 5th 22:45:55.255 UTC 2 15 1 823 810 107865 3585.489 0 193.189 20.08566 0 1 54 0 0 3304
Jun 5th 22:44:58.006 UTC 3 14 1 757 752 100975 3420.235 5.6 193.4902 13.9967 1 0 132 0 0 1879
Jun 5th 22:44:55.255 UTC 2 15 1 820 809 107487 3583.545 0 193.2069 20.08606 0 1 54 0 0 3297
Jun 5th 22:43:58.002 UTC 3 15 1 755 749 100550 3404.791 5.6 193.2204 13.95126 1 0 132 0 0 1874
Jun 5th 22:43:55.259 UTC 2 14 1 815 807 107020 3573.48 0 193.5073 20.09453 0 1 54 0 0 3286
Jun 5th 22:42:58.004 UTC 3 13 0 752 748 100233 3399.758 5.6 193.3689 13.98112 1 0 132 0 0 1867
Jun 5th 22:42:55.245 UTC 2 15 1 811 803 106358 3558.386 0 193.7159 20.06156 0 1 54 0 0 3278
Jun 5th 22:41:58.013 UTC 3 15 1 751 744 99985 3371.102 5.6 193.4425 13.94589 1 0 132 0 0 1865
Jun 5th 22:41:55.246 UTC 2 15 0 809 802 106140 3552.917 0 193.8005 20.06682 0 1 54 0 0 3265
Jun 5th 22:40:58.010 UTC 3 13 1 751 743 99985 3368.782 5.6 193.4425 13.97849 1 0 132 0 0 1860
Jun 5th 22:40:55.255 UTC 2 14 1 807 798 105883 3534.312 0 193.9246 20.14009 0 1 54 0 0 3256
Jun 5th 22:39:58.001 UTC 3 14 1 749 740 99816 3357.954 5.6 193.3001 13.95228 1 0 132 0 0 1855
Jun 5th 22:39:54.253 UTC 2 15 1 806 793 105635 3515.801 0 193.8552 20.20133 0 1 53 0 0 3246
Jun 5th 22:38:57.999 UTC 3 12 1 746 739 99519 3356.27 5.6 193.6018 13.9732 1 0 132 0 0 1851
Jun 5th 22:38:54.253 UTC 2 15 0 803 793 105240 3515.801 0 193.8285 20.20133 0 1 53 0 0 3235
Jun 5th 22:37:58.012 UTC 3 13 0 742 737 99039 3346.891 5.6 193.6509 13.98728 1 0 132 0 0 1848
Jun 5th 22:37:54.263 UTC 2 15 1 798 791 104465 3505.714 0 194.0429 20.15286 0 1 53 0 0 3222
Jun 5th 22:36:57.154 UTC 3 12 1 741 735 98813 3336.516 5.6 193.4289 14.01339 1 0 131 0 0 1843
Jun 5th 22:36:54.254 UTC 2 14 0 797 790 104288 3499.97 0 193.9951 20.18618 0 1 53 0 0 3213
Jun 5th 22:35:57.153 UTC 3 15 0 739 730 98556 3313.231 5.6 193.1442 14.03609 1 0 131 0 0 1838
Jun 5th 22:35:54.253 UTC 2 15 1 795 785 104074 3476.822 0 193.9144 20.22078 0 1 53 0 0 3202
Jun 5th 22:34:57.154 UTC 3 15 1 738 728 98308 3303.233 5.6 193.1353 13.97563 1 0 131 0 0 1832
Jun 5th 22:34:54.261 UTC 2 14 1 793 784 103739 3470.666 0 193.9012 20.18938 0 1 53 0 0 3193
Jun 5th 22:33:57.153 UTC 3 14 1 736 727 97906 3295.926 5.6 193.3858 13.99839 1 0 131 0 0 1825
Jun 5th 22:33:54.251 UTC 2 15 1 789 782 103385 3466.594 0 194.0692 20.13729 0 1 53 0 0 3186
Jun 5th 22:32:56.544 UTC 3 15 1 732 725 97198 3289.799 5.6 193.5223 13.93912 1 0 130 0 0 1819
Jun 5th 22:32:54.261 UTC 2 14 1 786 780 103071 3460.62 0 194.1798 20.1664 0 1 53 0 0 3176
Jun 5th 22:31:56.541 UTC 3 15 1 730 722 96890 3276.712 5.6 193.3056 13.93928 1 0 130 0 0 1812
Jun 5th 22:31:54.251 UTC 2 15 0 785 775 102894 3436.428 0 194.0945 20.24689 0 1 53 0 0 3169
Jun 5th 22:30:56.541 UTC 3 14 1 728 720 96689 3268.712 5.6 193.2813 13.93373 1 0 130 0 0 1803
Jun 5th 22:30:54.247 UTC 2 15 1 783 772 102657 3417.626 0 194.0851 20.18025 0 1 53 0 0 3162
Jun 5th 22:29:56.543 UTC 3 13 1 726 718 96432 3263.947 5.6 193.4539 13.95025 1 0 130 0 0 1797
Jun 5th 22:29:54.264 UTC 2 15 1 781 772 102488 3417.626 0 193.9297 20.18025 0 1 53 0 0 3154
Jun 5th 22:28:55.012 UTC 3 15 1 723 715 96203 3251.847 5.6 193.508 13.94695 1 0 128 0 0 1790
Jun 5th 22:28:54.262 UTC 2 14 1 780 769 102311 3406.068 0 193.987 20.17477 0 1 53 0 0 3145
Jun 5th 22:27:55.022 UTC 3 15 1 719 713 95605 3245.465 5.6 193.457 13.93476 1 0 128 0 0 1787
Jun 5th 22:27:54.251 UTC 2 15 1 775 767 101491 3398.744 0 193.9886 20.15232 0 1 53 0 0 3133
Jun 5th 22:26:55.025 UTC 3 13 0 717 713 95202 3245.465 5.6 193.4902 13.95274 1 0 128 0 0 1783
Jun 5th 22:26:54.252 UTC 2 15 1 772 765 101125 3392.059 0 194.011 20.14308 0 1 53 0 0 3122
Jun 5th 22:25:55.012 UTC 3 13 1 715 708 95001 3231.845 5.6 193.6748 13.95247 1 0 128 0 0 1776
Jun 5th 22:25:54.262 UTC 2 15 1 769 762 100798 3376.719 0 193.9744 20.15742 0 1 53 0 0 3114
Jun 5th 22:24:55.022 UTC 3 14 1 711 705 94192 3218.997 5.6 193.9608 13.9707 1 0 128 0 0 1771
Jun 5th 22:24:54.251 UTC 2 15 1 768 760 100738 3368.831 0 193.8865 20.12498 0 1 53 0 0 3104
Jun 5th 22:23:55.014 UTC 3 12 1 709 704 93906 3214.431 5.6 194.3199 14.00232 1 0 128 0 0 1767
Jun 5th 22:23:54.253 UTC 2 15 0 766 757 100388 3359.481 0 193.9719 20.14707 0 1 53 0 0 3093
Jun 5th 22:22:55.011 UTC 3 9 0 707 702 93595 3201.031 5.6 194.2871 14.06988 1 0 128 0 0 1761
Jun 5th 22:22:54.254 UTC 2 15 1 764 754 100102 3346.193 0 194.0963 20.14601 0 1 53 0 0 3084
Jun 5th 22:21:55.012 UTC 3 13 0 707 697 93595 3171.536 5.6 194.2871 14.0807 1 0 128 0 0 1760
Jun 5th 22:21:54.253 UTC 2 15 1 760 751 99748 3330.046 0 194.1188 20.16841 0 1 53 0 0 3070
Jun 5th 22:20:54.263 UTC 2 15 1 757 750 99528 3326.884 0 193.9949 20.1167 0 1 53 0 0 3058
Jun 5th 22:20:54.154 UTC 3 15 0 705 693 93338 3157.099 5.6 194.1732 14.11086 1 0 127 0 0 1757
Jun 5th 22:19:54.256 UTC 2 15 1 757 747 99528 3313.491 0 193.9949 20.11544 0 1 53 0 0 3046
Jun 5th 22:19:54.153 UTC 3 15 1 703 692 93101 3151.898 5.6 194.1072 13.97329 1 0 127 0 0 1754
Jun 5th 22:18:54.256 UTC 2 15 1 752 744 98946 3296.14 0 194.1186 20.09318 0 1 53 0 0 3038
Jun 5th 22:18:54.144 UTC 3 15 0 700 692 92733 3151.898 5.6 194.3837 13.97329 1 0 127 0 0 1747
Jun 5th 22:17:54.244 UTC 2 14 1 751 742 98769 3289.599 0 194.0118 20.10508 0 1 53 0 0 3027
Jun 5th 22:17:54.153 UTC 3 15 1 696 689 92349 3132.991 5.6 193.9998 13.91563 1 0 127 0 0 1743
Jun 5th 22:16:54.255 UTC 2 14 0 749 740 98512 3280.175 0 194.0298 20.14045 0 1 53 0 0 3018
Jun 5th 22:16:53.246 UTC 3 13 1 692 689 91685 3132.991 5.6 193.7244 13.93668 1 0 126 0 0 1737
Jun 5th 22:15:54.253 UTC 2 15 1 747 738 98226 3268.352 0 193.8792 20.08791 0 1 53 0 0 3007
Jun 5th 22:15:53.236 UTC 3 12 0 692 688 91685 3125.077 5.6 193.7244 13.96325 1 0 126 0 0 1733
Jun 5th 22:14:54.253 UTC 2 15 1 744 735 97854 3256.29 0 193.9304 20.02795 0 1 53 0 0 2997
Jun 5th 22:14:53.257 UTC 3 15 0 691 684 91508 3104.239 5.6 193.7421 13.91087 1 0 126 0 0 1728
Jun 5th 22:13:54.242 UTC 2 14 1 742 735 97694 3256.29 0 193.9851 20.03632 0 1 53 0 0 2987
Jun 5th 22:13:53.246 UTC 3 14 0 690 683 91448 3102.317 5.6 193.8865 13.8974 1 0 126 0 0 1723
Jun 5th 22:12:54.253 UTC 2 15 1 741 731 97540 3232.213 0 194.0114 20.0535 0 1 53 0 0 2977
Jun 5th 22:12:53.237 UTC 3 12 1 687 681 91145 3092.173 5.6 193.6195 13.95081 1 0 126 0 0 1718
Jun 5th 22:11:53.293 UTC 2 15 0 737 728 96950 3211.49 0 193.5114 20.08958 0 1 52 0 0 2970
Jun 5th 22:11:50.952 UTC 3 14 1 687 676 91145 3066.765 5.6 193.6195 13.98452 1 0 123 0 0 1710
Jun 5th 22:10:53.300 UTC 2 14 0 737 727 96950 3204.297 0 193.5114 20.07155 0 1 52 0 0 2963
Jun 5th 22:10:50.940 UTC 3 15 1 684 674 90734 3061.04 5.6 193.3528 13.85223 1 0 123 0 0 1702
Jun 5th 22:09:53.301 UTC 2 15 1 735 725 96687 3194.864 0 193.3519 20.01797 0 1 52 0 0 2953
Jun 5th 22:09:50.960 UTC 3 15 0 680 674 90208 3061.04 5.6 193.4448 13.85223 1 0 123 0 0 1697
Jun 5th 22:08:53.289 UTC 2 15 1 734 724 96578 3190.422 0 193.3005 19.9643 0 1 52 0 0 2938
Jun 5th 22:08:50.950 UTC 3 15 1 678 673 89816 3059.237 5.6 193.4149 13.79212 1 0 123 0 0 1697
Jun 5th 22:07:53.292 UTC 2 15 1 732 722 96345 3182.837 0 193.0927 19.88353 0 1 52 0 0 2932
Jun 5th 22:07:50.951 UTC 3 12 1 674 671 89293 3052.766 5.6 193.4331 13.83389 1 0 123 0 0 1688
Jun 5th 22:06:53.304 UTC 2 15 1 728 721 95780 3176.726 0 192.8394 19.89185 0 1 52 0 0 2922
Jun 5th 22:06:50.941 UTC 3 12 0 673 669 89116 3045.008 5.6 193.3513 13.85904 1 0 123 0 0 1683
Jun 5th 22:05:53.295 UTC 2 15 1 724 719 95266 3169.393 0 192.6418 19.89211 0 1 52 0 0 2915
Jun 5th 22:05:50.951 UTC 3 15 0 672 664 89036 3017.645 5.6 193.5122 13.84893 1 0 123 0 0 1675
Jun 5th 22:04:53.294 UTC 2 15 1 724 717 95266 3159.286 0 192.6418 19.88155 0 1 52 0 0 2905
Jun 5th 22:04:50.961 UTC 3 14 0 670 662 88730 3010.184 5.6 193.6836 13.8839 1 0 123 0 0 1670
Jun 5th 22:03:53.305 UTC 2 13 0 722 715 94998 3153.613 0 192.7231 19.93145 0 1 52 0 0 2894
Jun 5th 22:03:50.948 UTC 3 13 1 669 659 88621 2995.901 5.6 193.8442 13.91724 1 0 123 0 0 1666
Jun 5th 22:02:53.294 UTC 2 15 1 721 709 94938 3127.468 0 192.8446 19.91025 0 1 52 0 0 2882
Jun 5th 22:02:49.989 UTC 3 13 1 666 658 88207 2994.449 5.6 194.0177 13.93603 1 0 122 0 0 1663
Jun 5th 22:01:53.305 UTC 2 14 0 717 709 94523 3127.468 0 192.7888 19.92978 0 1 52 0 0 2872
Jun 5th 22:01:49.103 UTC 3 11 0 664 657 87850 2991.522 5.6 194.0483 13.98809 1 0 121 0 0 1657
Jun 5th 22:00:53.296 UTC 2 15 1 714 705 94229 3107.29 0 192.8409 19.93601 0 1 52 0 0 2860
Jun 5th 22:00:49.094 UTC 3 11 1 660 655 87356 2978.621 5.6 193.7638 14.00776 1 0 121 0 0 1655
Jun 5th 21:59:53.296 UTC 2 15 1 713 703 94149 3097.34 0 192.8365 19.89197 0 1 52 0 0 2851
Jun 5th 21:59:49.097 UTC 3 15 1 658 650 86964 2946.11 5.6 193.8219 13.92156 1 0 121 0 0 1649
Jun 5th 21:58:53.285 UTC 2 15 1 711 700 94009 3085.31 0 192.7196 19.91208 0 1 52 0 0 2841
Jun 5th 21:58:49.084 UTC 3 14 1 656 649 86824 2943.337 5.6 193.9224 13.88992 1 0 121 0 0 1644
Jun 5th 21:57:53.304 UTC 2 15 0 709 699 93698 3082.087 0 192.7531 19.87594 0 1 52 0 0 2832
Jun 5th 21:57:49.096 UTC 3 13 1 655 648 86690 2936.323 5.6 193.9738 13.91851 1 0 121 0 0 1637
Jun 5th 21:56:53.294 UTC 2 15 1 705 697 93123 3075.446 0 192.6155 19.85102 0 1 52 0 0 2821
Jun 5th 21:56:49.095 UTC 3 14 0 654 645 86513 2926.076 5.6 193.9308 13.95331 1 0 121 0 0 1634
Jun 5th 21:55:52.253 UTC 2 15 1 699 694 92020 3056.554 0 192.7103 19.84576 0 1 51 0 0 2810
Jun 5th 21:55:48.203 UTC 3 14 1 652 643 86344 2916.289 5.6 193.7202 13.97883 1 0 120 0 0 1629
Jun 5th 21:54:52.264 UTC 2 14 1 699 693 92020 3050.08 0 192.7103 19.86309 0 1 51 0 0 2802
Jun 5th 21:54:48.203 UTC 3 15 1 650 639 86224 2904.22 5.6 193.5888 13.84895 1 0 120 0 0 1623
Jun 5th 21:53:50.057 UTC 2 14 1 699 690 92020 3028.01 0 192.7103 19.90634 0 0 49 0 0 2791
Jun 5th 21:53:48.215 UTC 3 15 1 648 639 86010 2904.22 5.6 193.4292 13.84895 1 0 120 0 0 1619
Jun 5th 21:52:50.059 UTC 2 14 1 699 686 92020 3007.392 0 192.7103 19.97575 0 0 49 0 0 2781
Jun 5th 21:52:48.213 UTC 3 14 0 642 639 85137 2904.22 5.6 193.6844 13.86128 1 0 120 0 0 1614
Jun 5th 21:51:50.048 UTC 2 15 1 696 684 91605 3003.195 0 192.4137 19.82726 0 0 49 0 0 2773
Jun 5th 21:51:48.204 UTC 3 14 1 640 634 84651 2873.336 5.6 193.6259 13.88039 1 0 120 0 0 1607
Jun 5th 21:50:50.069 UTC 2 15 1 692 684 90848 3003.195 0 192.4852 19.82726 0 0 49 0 0 2764
Jun 5th 21:50:48.204 UTC 3 14 1 639 632 84571 2862.388 5.6 193.3542 13.86525 1 0 120 0 0 1601
Jun 5th 21:49:50.060 UTC 2 15 0 688 683 90368 2998.447 0 192.2993 19.79583 0 0 49 0 0 2757
Jun 5th 21:49:48.213 UTC 3 15 1 639 630 84571 2854.49 5.6 193.3542 13.81276 1 0 120 0 0 1593
Jun 5th 21:48:48.878 UTC 2 14 1 686 682 90208 2994.273 0 192.1591 19.8103 0 0 48 0 0 2749
Jun 5th 21:48:47.533 UTC 3 14 0 636 628 84302 2846.075 5.6 193.6617 13.86371 1 0 119 0 0 1586
Jun 5th 21:47:48.877 UTC 2 14 0 684 679 89922 2980.57 0 191.7808 19.85363 0 0 48 0 0 2739
Jun 5th 21:47:47.524 UTC 3 14 1 634 625 84133 2828.086 5.6 193.901 13.87749 1 0 119 0 0 1581
Jun 5th 21:46:48.896 UTC 2 15 1 683 676 89745 2960.144 0 191.7736 19.83366 0 0 48 0 0 2731
Jun 5th 21:46:45.815 UTC 3 14 0 632 623 83840 2821.688 5.6 193.6236 13.90676 1 0 117 0 0 1574
Jun 5th 21:45:48.887 UTC 2 15 1 681 672 89508 2941.4 0 191.9206 19.81084 0 0 48 0 0 2720
Jun 5th 21:45:44.868 UTC 3 14 1 630 621 83558 2815.383 5.6 193.2289 13.92018 1 0 116 0 0 1570
Jun 5th 21:44:48.886 UTC 2 14 1 680 672 89448 2941.4 0 191.9291 19.8255 0 0 48 0 0 2707
Jun 5th 21:44:44.867 UTC 3 14 0 628 620 83325 2813.059 5.6 193.081 13.93636 1 0 116 0 0 1568
Jun 5th 21:43:48.893 UTC 2 13 1 679 670 89368 2933.617 0 192.1025 19.8287 0 0 48 0 0 2696
Jun 5th 21:43:44.013 UTC 3 15 1 622 618 82344 2806.495 5.6 193.1317 13.84995 1 0 115 0 0 1564
Jun 5th 21:42:48.894 UTC 2 15 1 674 665 88739 2915.823 0 191.8801 19.77313 0 0 48 0 0 2689
Jun 5th 21:42:44.013 UTC 3 15 0 620 617 82016 2802.267 5.6 193.0496 13.86118 1 0 115 0 0 1556
Jun 5th 21:41:48.884 UTC 2 14 1 670 665 88041 2915.823 0 191.8758 19.7879 0 0 48 0 0 2679
Jun 5th 21:41:42.989 UTC 3 13 1 619 615 81684 2792.633 5.6 193.2281 13.91125 1 0 114 0 0 1551
Jun 5th 21:40:48.880 UTC 2 14 1 668 663 87733 2902.724 0 191.8322 19.7437 0 0 48 0 0 2669
Jun 5th 21:40:42.988 UTC 3 14 0 619 610 81684 2773.706 5.6 193.2281 13.97012 1 0 114 0 0 1546
Jun 5th 21:39:48.898 UTC 2 15 1 666 660 87593 2886.876 0 191.7043 19.71107 0 0 48 0 0 2660
Jun 5th 21:39:42.981 UTC 3 15 1 618 605 81507 2740.761 5.6 193.2463 13.9716 1 0 114 0 0 1540
Jun 5th 21:38:48.888 UTC 2 15 1 665 658 87484 2876.438 0 191.6455 19.72874 0 0 48 0 0 2649
Jun 5th 21:38:42.992 UTC 3 15 1 614 604 81104 2735.892 5.6 193.5011 13.87032 1 0 114 0 0 1536
Jun 5th 21:37:47.914 UTC 2 15 1 665 655 87484 2859.008 0 191.6455 19.7794 0 0 47 0 0 2637
Jun 5th 21:37:42.981 UTC 3 14 1 612 604 80818 2735.892 5.6 193.4854 13.88515 1 0 114 0 0 1533
Jun 5th 21:36:47.914 UTC 2 13 0 663 654 87344 2853.587 0 191.4828 19.83941 0 0 47 0 0 2626
Jun 5th 21:36:42.296 UTC 3 12 0 610 603 80584 2732.388 5.6 193.4621 13.918 1 0 113 0 0 1528
Jun 5th 21:35:47.904 UTC 2 15 1 660 651 86978 2846.167 0 191.4741 19.77948 0 0 47 0 0 2616
Jun 5th 21:35:42.288 UTC 3 15 1 607 599 80241 2720.692 5.6 193.2909 13.83657 1 0 113 0 0 1524
Jun 5th 21:34:47.913 UTC 2 14 1 655 649 86376 2839.265 0 191.4507 19.70108 0 0 47 0 0 2607
Jun 5th 21:34:40.459 UTC 3 14 1 601 598 79433 2713.056 5.6 193.7153 13.85234 1 0 111 0 0 1517
Jun 5th 21:33:47.914 UTC 2 15 1 654 648 86316 2836.607 0 191.3982 19.70108 0 0 47 0 0 2599
Jun 5th 21:33:40.450 UTC 3 15 1 600 594 79279 2697.129 5.6 193.429 13.86726 1 0 111 0 0 1511
Jun 5th 21:32:47.903 UTC 2 15 1 650 645 85825 2824.353 0 191.304 19.70386 0 0 47 0 0 2590
Jun 5th 21:32:40.452 UTC 3 13 1 600 592 79279 2691.65 5.6 193.429 13.91809 1 0 111 0 0 1504
Jun 5th 21:31:47.904 UTC 2 13 1 648 643 85457 2819.85 0 191.4244 19.7767 0 0 47 0 0 2581
Jun 5th 21:31:40.443 UTC 3 12 1 597 590 78888 2684.591 5.6 193.6979 13.94999 1 0 111 0 0 1499
Jun 5th 21:30:47.903 UTC 2 14 1 647 639 85125 2800.426 0 191.5671 19.77958 0 0 47 0 0 2571
Jun 5th 21:30:40.462 UTC 3 14 1 595 586 78461 2673.735 5.6 193.791 13.96926 1 0 111 0 0 1494
Jun 5th 21:29:47.914 UTC 2 15 0 643 636 84366 2792.001 0 192.0487 19.80116 0 0 47 0 0 2561
Jun 5th 21:29:40.442 UTC 3 15 1 591 584 77666 2664.2 5.6 194.241 13.87889 1 0 111 0 0 1488
Jun 5th 21:28:46.896 UTC 2 14 0 640 632 84051 2776.253 0 192.2608 19.9098 0 0 46 0 0 2553
Jun 5th 21:28:40.463 UTC 3 14 0 587 583 77215 2662.247 5.6 194.4308 13.87976 1 0 111 0 0 1481
Jun 5th 21:27:46.884 UTC 2 14 1 639 628 83874 2763.731 0 192.4817 19.95754 0 0 46 0 0 2542
Jun 5th 21:27:40.453 UTC 3 14 1 585 579 76947 2642.586 5.6 194.5154 13.93839 1 0 111 0 0 1478
Jun 5th 21:26:46.887 UTC 2 14 1 635 625 83545 2747.922 0 192.3952 19.93348 0 0 46 0 0 2536
Jun 5th 21:26:39.494 UTC 3 14 1 584 574 76887 2624.937 5.6 194.7011 14.01098 1 0 110 0 0 1468
Jun 5th 21:25:46.897 UTC 2 15 1 631 623 83051 2739.242 0 192.4182 19.84286 0 0 46 0 0 2526
Jun 5th 21:25:37.512 UTC 3 14 1 583 572 76778 2611.441 5.6 194.8801 14.02909 1 0 108 0 0 1463
Jun 5th 21:24:46.888 UTC 2 15 1 628 623 82631 2739.242 0 192.4008 19.84286 0 0 46 0 0 2515
Jun 5th 21:24:37.500 UTC 3 15 1 578 569 75822 2602.206 5.6 195.0431 14.0284 1 0 108 0 0 1459
Jun 5th 21:23:46.886 UTC 2 14 0 626 622 82274 2733.565 0 192.3373 19.84314 0 0 46 0 0 2506
Jun 5th 21:23:36.827 UTC 3 13 1 576 568 75559 2595.371 5.6 195.2392 14.0696 1 0 107 0 0 1453
Jun 5th 21:22:46.886 UTC 2 13 1 625 620 82140 2728.82 0 192.2934 19.85299 0 0 46 0 0 2495
Jun 5th 21:22:36.818 UTC 3 14 0 573 566 75213 2582.379 5.6 195.2061 14.07739 1 0 107 0 0 1450
Jun 5th 21:21:46.887 UTC 2 15 1 622 613 81657 2700.024 0 192.261 19.9237 0 0 46 0 0 2487
Jun 5th 21:21:36.829 UTC 3 15 1 571 563 74927 2573.208 5.6 194.9904 14.02736 1 0 107 0 0 1442
Jun 5th 21:20:46.885 UTC 2 15 1 621 610 81480 2685.626 0 192.3611 19.84768 0 0 46 0 0 2477
Jun 5th 21:20:36.827 UTC 3 14 1 570 562 74818 2567.994 5.6 195.0088 13.97702 1 0 107 0 0 1436
Jun 5th 21:19:46.897 UTC 2 15 1 619 610 81223 2685.626 0 192.4865 19.84768 0 0 46 0 0 2473
Jun 5th 21:19:36.827 UTC 3 15 0 566 559 74224 2550.178 5.6 195.172 13.96441 1 0 107 0 0 1426
Jun 5th 21:18:46.896 UTC 2 15 1 615 605 80675 2662.787 0 192.6181 19.80651 0 0 46 0 0 2462
Jun 5th 21:18:36.826 UTC 3 13 0 564 558 73987 2546.697 5.6 195.037 14.00493 1 0 107 0 0 1423
Jun 5th 21:17:46.886 UTC 2 15 1 612 605 80287 2662.787 0 192.9208 19.80651 0 0 46 0 0 2451
Jun 5th 21:17:35.958 UTC 3 11 0 562 558 73818 2546.697 5.6 195.2119 14.0341 1 0 106 0 0 1419
Jun 5th 21:16:46.887 UTC 2 14 0 608 603 79771 2650.83 0 192.7551 19.86516 0 0 46 0 0 2438
Jun 5th 21:16:35.072 UTC 3 14 1 562 552 73818 2521.528 5.6 195.2119 14.08001 1 0 105 0 0 1416
Jun 5th 21:15:46.897 UTC 2 13 1 607 599 79594 2633.256 0 192.6451 19.91837 0 0 46 0 0 2431
Jun 5th 21:15:34.163 UTC 3 15 0 559 550 73378 2510.018 5.6 195.1153 14.08779 1 0 104 0 0 1409
Jun 5th 21:14:46.888 UTC 2 15 1 606 596 79346 2617.189 0 192.4939 19.82372 0 0 46 0 0 2422
Jun 5th 21:14:34.173 UTC 3 14 1 556 549 73035 2503.451 5.6 194.9707 14.03882 1 0 104 0 0 1402
Jun 5th 21:13:46.888 UTC 2 14 1 605 596 79212 2617.189 0 192.6902 19.84025 0 0 46 0 0 2412
Jun 5th 21:13:33.337 UTC 3 15 1 554 545 72875 2487.119 5.6 194.7491 13.98927 1 0 103 0 0 1398
Jun 5th 21:12:46.889 UTC 2 15 1 601 591 78732 2591.756 0 192.5294 19.7945 0 0 46 0 0 2398
Jun 5th 21:12:33.326 UTC 3 14 1 553 545 72698 2487.119 5.6 194.7075 13.99981 1 0 103 0 0 1397
Jun 5th 21:11:46.898 UTC 2 15 0 598 591 78380 2591.756 0 192.0939 19.7945 0 0 46 0 0 2387
Jun 5th 21:11:33.342 UTC 3 15 1 549 543 72020 2475.899 5.6 194.4285 13.9067 1 0 103 0 0 1390
Jun 5th 21:10:46.888 UTC 2 15 1 596 590 78123 2589.911 0 191.9561 19.70537 0 0 46 0 0 2380
Jun 5th 21:10:33.339 UTC 3 14 1 547 541 71783 2466.019 5.6 194.3497 13.93099 1 0 103 0 0 1383
Jun 5th 21:09:45.621 UTC 2 13 1 593 590 77590 2589.911 0 192.1054 19.73855 0 0 45 0 0 2372
Jun 5th 21:09:33.328 UTC 3 15 0 545 539 71465 2458.692 5.6 194.2682 13.8635 1 0 103 0 0 1376
Jun 5th 21:08:45.619 UTC 2 14 0 590 586 77219 2581.634 0 191.861 19.78846 0 0 45 0 0 2365
Jun 5th 21:08:33.328 UTC 3 13 1 542 537 71031 2447.689 5.6 194.5587 13.88179 1 0 103 0 0 1368
Jun 5th 21:07:45.621 UTC 2 15 1 587 582 76896 2564.172 0 192.5258 19.79859 0 0 45 0 0 2357
Jun 5th 21:07:33.338 UTC 3 14 1 541 533 70854 2428.728 5.6 194.4463 13.90667 1 0 103 0 0 1363
Jun 5th 21:06:44.571 UTC 2 14 1 587 578 76896 2547.176 0 192.5258 19.90026 0 0 44 0 0 2348
Jun 5th 21:06:32.429 UTC 3 15 1 541 530 70854 2415.076 5.6 194.4463 13.87881 1 0 102 0 0 1357
Jun 5th 21:05:44.560 UTC 2 15 1 584 573 76532 2517.046 0 192.683 19.85696 0 0 44 0 0 2337
Jun 5th 21:05:32.429 UTC 3 15 1 538 527 70531 2406.578 5.6 194.6546 13.75568 1 0 102 0 0 1351
Jun 5th 21:04:44.569 UTC 2 15 1 583 572 76452 2512.486 0 192.7115 19.87409 0 0 44 0 0 2330
Jun 5th 21:04:32.439 UTC 3 15 1 533 527 69877 2406.578 5.6 194.4735 13.75568 1 0 102 0 0 1344
Jun 5th 21:03:44.558 UTC 2 15 1 580 570 76125 2502.335 0 192.584 19.81636 0 0 44 0 0 2322
Jun 5th 21:03:32.429 UTC 3 13 1 529 526 69327 2401.128 5.6 194.5703 13.76452 1 0 102 0 0 1337
Jun 5th 21:02:44.558 UTC 2 15 1 577 569 75827 2498.138 0 192.4762 19.75143 0 0 44 0 0 2315
Jun 5th 21:02:31.540 UTC 3 15 1 529 521 69327 2369.81 5.6 194.5703 13.79378 1 0 101 0 0 1330
Jun 5th 21:01:44.570 UTC 2 14 1 575 568 75570 2492.646 0 192.2504 19.7583 0 0 44 0 0 2304
Jun 5th 21:01:31.550 UTC 3 15 1 527 519 69207 2359.193 5.6 194.3235 13.77003 1 0 101 0 0 1326
Jun 5th 21:00:43.507 UTC 2 15 1 571 566 74953 2480.849 0 192.0751 19.77566 0 0 43 0 0 2294
Jun 5th 21:00:30.684 UTC 3 14 1 527 517 69207 2352.332 5.6 194.3235 13.8044 1 0 100 0 0 1319
Jun 5th 20:59:43.508 UTC 2 15 1 569 563 74615 2471.173 0 191.9976 19.73768 0 0 43 0 0 2285
Jun 5th 20:59:30.675 UTC 3 15 1 525 515 68782 2340.567 5.6 194.2647 13.75714 1 0 100 0 0 1315
Jun 5th 20:58:43.518 UTC 2 14 0 568 563 74555 2471.173 0 192.2074 19.76885 0 0 43 0 0 2273
Jun 5th 20:58:30.694 UTC 3 14 1 522 513 68380 2332.94 5.6 194.3821 13.75122 1 0 100 0 0 1311
Jun 5th 20:57:43.507 UTC 2 15 0 566 558 74341 2454.257 0 192.1392 19.81429 0 0 43 0 0 2265
Jun 5th 20:57:30.683 UTC 3 15 1 519 511 68151 2314.773 5.6 194.2652 13.66194 1 0 100 0 0 1303
Jun 5th 20:56:43.508 UTC 2 14 1 564 555 73949 2438.065 0 192.2871 19.90262 0 0 43 0 0 2259
Jun 5th 20:56:29.757 UTC 3 14 1 516 510 67643 2308.968 5.6 194.1859 13.68416 1 0 99 0 0 1296
Jun 5th 20:55:42.349 UTC 2 15 1 560 552 73420 2429.874 0 192.226 19.8502 0 0 42 0 0 2248
Jun 5th 20:55:29.745 UTC 3 14 0 515 508 67509 2302.031 5.6 193.8215 13.71353 1 0 99 0 0 1292
Jun 5th 20:54:41.214 UTC 2 14 1 558 552 73085 2429.874 0 192.5054 19.87154 0 0 41 0 0 2237
Jun 5th 20:54:27.839 UTC 3 14 0 513 506 67155 2287.77 5.6 193.314 13.7407 1 0 97 0 0 1287
Jun 5th 20:53:41.214 UTC 2 15 1 555 546 72574 2397.082 0 192.6232 19.95098 0 0 41 0 0 2227
Jun 5th 20:53:26.776 UTC 3 15 1 512 504 66929 2280.379 5.6 193.4727 13.75123 1 0 96 0 0 1282
Jun 5th 20:52:41.205 UTC 2 15 1 553 544 72263 2386.487 0 192.4274 19.90163 0 0 41 0 0 2219
Jun 5th 20:52:26.776 UTC 3 15 1 510 501 66618 2268.259 5.6 193.7671 13.71199 1 0 96 0 0 1276
Jun 5th 20:51:41.203 UTC 2 15 1 552 541 72084 2376.971 0 192.2398 19.80172 0 0 41 0 0 2209
Jun 5th 20:51:25.858 UTC 3 14 1 507 499 66250 2263.271 5.6 193.0266 13.60405 1 0 95 0 0 1270
Jun 5th 20:50:41.216 UTC 2 15 1 551 541 71950 2376.971 0 192.2215 19.80172 0 0 41 0 0 2197
Jun 5th 20:50:25.858 UTC 3 15 1 505 498 66032 2254.327 5.6 193.154 13.60405 1 0 95 0 0 1268
Jun 5th 20:49:41.214 UTC 2 15 1 544 539 71199 2364.765 0 192.3645 19.73688 0 0 41 0 0 2186
Jun 5th 20:49:25.859 UTC 3 15 1 503 495 65872 2247.354 5.6 193.3592 13.61191 1 0 95 0 0 1264
Jun 5th 20:48:40.121 UTC 2 13 0 542 539 70913 2364.765 0 192.1421 19.79116 0 0 40 0 0 2175
Jun 5th 20:48:25.872 UTC 3 13 0 499 494 65426 2240.401 5.6 193.5201 13.64293 1 0 95 0 0 1258
Jun 5th 20:47:40.131 UTC 2 15 1 541 535 70804 2345.197 0 192.0167 19.75126 0 0 40 0 0 2164
Jun 5th 20:47:25.858 UTC 3 15 1 497 490 65070 2227.387 5.6 193.3629 13.65197 1 0 95 0 0 1254
Jun 5th 20:46:40.121 UTC 2 13 1 540 534 70695 2343.458 0 192.2361 19.78045 0 0 40 0 0 2154
Jun 5th 20:46:25.855 UTC 3 15 1 496 489 65010 2224.279 5.6 193.4335 13.59315 1 0 95 0 0 1250
Jun 5th 20:45:40.119 UTC 2 15 1 537 528 70401 2318.487 0 192.1744 19.86542 0 0 40 0 0 2148
Jun 5th 20:45:25.867 UTC 3 11 0 495 488 64784 2222.696 5.6 193.6322 13.65932 1 0 95 0 0 1241
Jun 5th 20:44:39.059 UTC 2 13 1 536 527 70292 2317.402 0 192.1729 19.90691 0 0 39 0 0 2135
Jun 5th 20:44:25.858 UTC 3 15 1 489 482 64119 2183.193 5.6 193.6171 13.64422 1 0 95 0 0 1240
Jun 5th 20:43:39.068 UTC 2 15 1 533 524 69914 2301.546 0 192.76 19.83297 0 0 39 0 0 2123
Jun 5th 20:43:25.857 UTC 3 15 1 488 480 63940 2169.973 5.6 193.4436 13.62499 1 0 95 0 0 1237
Jun 5th 20:42:39.070 UTC 2 15 1 529 521 69269 2285.291 0 192.3756 19.79602 0 0 39 0 0 2114
Jun 5th 20:42:25.868 UTC 3 14 0 487 478 63860 2160.664 5.6 193.389 13.66885 1 0 95 0 0 1229
Jun 5th 20:41:39.077 UTC 2 15 1 527 518 68983 2270.704 0 192.3097 19.79623 0 0 39 0 0 2105
Jun 5th 20:41:25.858 UTC 3 15 1 487 474 63860 2135.61 5.6 193.389 13.43973 1 0 95 0 0 1225
Jun 5th 20:40:39.069 UTC 2 15 1 525 517 68794 2269.153 0 192.1648 19.70611 0 0 39 0 0 2093
Jun 5th 20:40:25.858 UTC 3 15 1 485 474 63468 2135.61 5.6 193.0781 13.43973 1 0 95 0 0 1221
Jun 5th 20:39:39.070 UTC 2 14 0 525 517 68794 2269.153 0 192.1648 19.73236 0 0 39 0 0 2082
Jun 5th 20:39:25.867 UTC 3 14 1 483 474 63348 2135.61 5.6 192.9371 13.45817 1 0 95 0 0 1215
Jun 5th 20:38:39.058 UTC 2 13 1 520 515 68152 2263.332 0 191.969 19.77388 0 0 39 0 0 2076
Jun 5th 20:38:25.868 UTC 3 15 1 477 472 62651 2130 5.6 191.9724 13.18565 1 0 95 0 0 1207
Jun 5th 20:37:39.079 UTC 2 15 0 516 511 67556 2243.276 0 192.0617 19.76261 0 0 39 0 0 2068
Jun 5th 20:37:25.858 UTC 3 15 1 475 472 62388 2130 5.6 192.0624 13.18565 1 0 95 0 0 1201
Jun 5th 20:36:39.069 UTC 2 15 1 516 508 67556 2229.002 0 192.0617 19.7206 0 0 39 0 0 2060
Jun 5th 20:36:25.014 UTC 3 14 1 472 471 61857 2125.75 5.6 191.7538 13.20941 1 0 94 0 0 1194
Jun 5th 20:35:39.068 UTC 2 13 1 514 507 67416 2222.977 0 192.1716 19.74355 0 0 39 0 0 2051
Jun 5th 20:35:25.022 UTC 3 14 1 472 467 61857 2114.274 5.6 191.7538 13.2686 1 0 94 0 0 1188
Jun 5th 20:34:39.069 UTC 2 15 1 513 502 67307 2208.7 0 192.2727 19.79759 0 0 39 0 0 2042
Jun 5th 20:34:25.023 UTC 3 13 0 471 465 61777 2101.439 5.6 192.0181 13.31243 1 0 94 0 0 1183
Jun 5th 20:33:39.079 UTC 2 15 1 509 500 66782 2200.157 0 192.2457 19.76285 0 0 39 0 0 2031
Jun 5th 20:33:25.012 UTC 3 13 1 469 461 61559 2083.617 5.6 192.385 13.32693 1 0 94 0 0 1178
Jun 5th 20:32:39.068 UTC 2 15 0 504 497 66181 2184.709 0 192.4695 19.7707 0 0 39 0 0 2021
Jun 5th 20:32:24.246 UTC 3 14 1 468 457 61438 2066.561 5.6 192.4226 13.35821 1 0 93 0 0 1171
Jun 5th 20:31:39.069 UTC 2 15 1 504 496 66181 2178.222 0 192.4695 19.69249 0 0 39 0 0 2012
Jun 5th 20:31:24.236 UTC 3 15 1 464 453 60866 2047.458 5.6 192.9769 13.31914 1 0 93 0 0 1168
Jun 5th 20:30:39.079 UTC 2 15 1 501 493 65835 2163.903 0 192.3776 19.70778 0 0 39 0 0 2000
Jun 5th 20:30:24.236 UTC 3 15 0 461 452 60500 2039.656 5.6 193.1809 13.32877 1 0 93 0 0 1164
Jun 5th 20:29:38.016 UTC 2 15 1 499 490 65602 2148.266 0 192.2372 19.79447 0 0 38 0 0 1992
Jun 5th 20:29:24.245 UTC 3 15 0 459 450 60299 2029.799 5.6 193.477 13.3202 1 0 93 0 0 1158
Jun 5th 20:28:38.017 UTC 2 15 0 497 489 65316 2139.21 0 192.1178 19.80245 0 0 38 0 0 1981
Jun 5th 20:28:23.266 UTC 3 12 1 458 449 60122 2027.09 5.6 193.1326 13.3826 1 0 92 0 0 1151
Jun 5th 20:27:38.016 UTC 2 15 1 493 487 64820 2130.109 0 192.0217 19.76657 0 0 38 0 0 1971
Jun 5th 20:27:21.254 UTC 3 12 1 455 448 59688 2024.099 5.6 192.7933 13.39244 1 0 90 0 0 1148
Jun 5th 20:26:38.017 UTC 2 15 1 492 483 64760 2110.924 0 191.9644 19.7746 0 0 38 0 0 1965
Jun 5th 20:26:18.745 UTC 3 15 1 452 444 59342 2001.321 5.6 192.6295 13.40434 1 0 87 0 0 1137
Jun 5th 20:25:38.016 UTC 2 14 1 491 482 64651 2104.475 0 191.9026 19.78276 0 0 38 0 0 1958
Jun 5th 20:25:18.764 UTC 3 15 1 449 444 59023 2001.321 5.6 192.4017 13.40434 1 0 87 0 0 1130
Jun 5th 20:24:38.027 UTC 2 15 1 490 479 64571 2095.881 0 191.938 19.69386 0 0 38 0 0 1952
Jun 5th 20:24:18.754 UTC 3 13 1 447 443 58883 1993.184 5.6 192.1917 13.44615 1 0 87 0 0 1122
Jun 5th 20:23:38.026 UTC 2 15 1 486 478 63925 2089.569 0 191.8201 19.68966 0 0 38 0 0 1942
Jun 5th 20:23:18.764 UTC 3 15 1 447 438 58883 1966.264 5.6 192.1917 13.4311 1 0 87 0 0 1117
Jun 5th 20:22:38.017 UTC 2 14 1 482 475 63450 2072.461 0 191.6876 19.77913 0 0 38 0 0 1933
Jun 5th 20:22:18.744 UTC 3 14 0 446 437 58803 1962.722 5.6 191.9675 13.46665 1 0 87 0 0 1112
Jun 5th 20:21:38.016 UTC 2 15 1 481 472 63266 2056.024 0 191.2457 19.70119 0 0 38 0 0 1920
Jun 5th 20:21:18.092 UTC 3 14 1 443 435 58457 1952.465 5.6 191.7539 13.43306 1 0 86 0 0 1109
Jun 5th 20:20:38.027 UTC 2 15 1 478 471 62956 2054.588 0 191.2186 19.60231 0 0 38 0 0 1909
Jun 5th 20:20:17.337 UTC 3 14 1 442 433 58397 1943.234 5.6 191.8695 13.41564 1 0 85 0 0 1103
Jun 5th 20:19:38.017 UTC 2 15 1 477 468 62896 2040.547 0 191.4932 19.63452 0 0 38 0 0 1900
Jun 5th 20:19:17.327 UTC 3 15 1 438 431 57874 1931.283 5.6 191.9461 13.29578 1 0 85 0 0 1098
Jun 5th 20:18:38.025 UTC 2 13 1 475 467 62702 2039.104 0 191.2724 19.60859 0 0 38 0 0 1891
Jun 5th 20:18:17.341 UTC 3 15 1 436 429 57586 1927.773 5.6 191.7394 13.26589 1 0 85 0 0 1091
Jun 5th 20:17:38.025 UTC 2 14 1 471 465 62088 2027.384 0 191.2027 19.57067 0 0 38 0 0 1880
Jun 5th 20:17:17.340 UTC 3 14 0 434 427 57353 1921.247 5.6 191.4211 13.31335 1 0 85 0 0 1087
Jun 5th 20:16:38.016 UTC 2 14 1 470 463 62028 2023.781 0 191.2768 19.59504 0 0 38 0 0 1870
Jun 5th 20:16:17.340 UTC 3 13 1 431 425 57001 1917.341 5.6 191.7113 13.37958 1 0 85 0 0 1085
Jun 5th 20:15:38.016 UTC 2 15 1 465 460 61545 2006.874 0 191.0886 19.51435 0 0 38 0 0 1859
Jun 5th 20:15:16.422 UTC 3 12 1 429 423 56443 1908.153 5.6 191.8921 13.42395 1 0 84 0 0 1079
Jun 5th 20:14:38.027 UTC 2 14 1 465 458 61545 1994.518 0 191.0886 19.58068 0 0 38 0 0 1849
Jun 5th 20:14:15.484 UTC 3 15 1 427 418 56040 1885.672 5.6 192.3524 13.48116 1 0 83 0 0 1076
Jun 5th 20:13:36.934 UTC 2 12 0 463 456 61143 1985.813 0 190.8859 19.68191 0 0 37 0 0 1837
Jun 5th 20:13:15.483 UTC 3 15 1 425 416 55846 1874.21 5.6 192.0413 13.46397 1 0 83 0 0 1070
Jun 5th 20:12:36.925 UTC 2 15 1 462 452 60989 1959.831 0 190.7438 19.53611 0 0 37 0 0 1829
Jun 5th 20:12:15.483 UTC 3 14 1 423 415 55560 1867.416 5.6 192.3607 13.45605 1 0 83 0 0 1066
Jun 5th 20:11:36.945 UTC 2 15 1 460 451 60771 1958.688 0 190.7999 19.47131 0 0 37 0 0 1817
Jun 5th 20:11:14.439 UTC 3 13 0 420 413 55320 1856.231 5.6 192.414 13.50472 1 0 82 0 0 1060
Jun 5th 20:10:36.934 UTC 2 14 1 458 450 60485 1952.325 0 190.7981 19.47448 0 0 37 0 0 1808
Jun 5th 20:10:11.623 UTC 3 14 1 419 411 55211 1849.858 5.6 192.3436 13.52432 1 0 79 0 0 1055
Jun 5th 20:09:36.934 UTC 2 15 1 455 446 60139 1935.147 0 190.425 19.46828 0 0 37 0 0 1799
Jun 5th 20:09:10.744 UTC 3 15 1 417 408 54968 1841.035 5.6 192.1138 13.51533 1 0 78 0 0 1047
Jun 5th 20:08:36.925 UTC 2 15 1 451 445 59789 1929.828 0 190.2146 19.39377 0 0 37 0 0 1793
Jun 5th 20:08:10.734 UTC 3 13 0 413 407 54407 1838.542 5.6 192.5924 13.56813 1 0 78 0 0 1041
Jun 5th 20:07:36.945 UTC 2 15 1 449 442 59552 1915.991 0 189.9968 19.3126 0 0 37 0 0 1780
Jun 5th 20:07:10.745 UTC 3 14 0 409 404 53839 1826.62 5.6 192.4345 13.60225 1 0 78 0 0 1038
Jun 5th 20:06:36.935 UTC 2 15 1 448 441 59418 1911.406 0 189.8487 19.31601 0 0 37 0 0 1771
Jun 5th 20:06:08.736 UTC 3 13 1 408 402 53655 1812.646 5.6 192.6513 13.6757 1 0 76 0 0 1031
Jun 5th 20:05:36.934 UTC 2 15 1 446 439 59224 1903.527 0 189.837 19.314 0 0 37 0 0 1762
Jun 5th 20:05:07.993 UTC 3 12 1 406 400 53253 1802.39 5.6 192.048 13.73436 1 0 75 0 0 1024
Jun 5th 20:04:36.946 UTC 2 15 0 442 436 58895 1892.54 0 189.8272 19.36434 0 0 37 0 0 1753
Jun 5th 20:04:07.065 UTC 3 15 0 405 395 53193 1782.685 5.6 192.1901 13.78329 1 0 74 0 0 1020
Jun 5th 20:03:36.934 UTC 2 15 1 441 434 58786 1882.893 0 190.1307 19.31363 0 0 37 0 0 1741
Jun 5th 20:03:07.065 UTC 3 14 1 402 393 52890 1774.905 5.6 192.4679 13.77855 1 0 74 0 0 1017
Jun 5th 20:02:36.934 UTC 2 14 1 438 432 58371 1874.953 0 189.6422 19.34652 0 0 37 0 0 1730
Jun 5th 20:02:07.075 UTC 3 14 1 401 391 52713 1768.092 5.6 192.5886 13.75383 1 0 74 0 0 1012
Jun 5th 20:01:35.776 UTC 2 15 1 436 427 57959 1857.367 0 189.7156 19.45117 0 0 36 0 0 1721
Jun 5th 20:01:07.068 UTC 3 15 1 395 388 52151 1756.865 5.6 192.7241 13.6045 1 0 74 0 0 1005
Jun 5th 20:00:35.774 UTC 2 14 1 434 426 57485 1851.524 0 189.9335 19.47705 0 0 36 0 0 1715
Jun 5th 20:00:07.064 UTC 3 15 1 394 387 52042 1754.153 5.6 192.4019 13.5715 1 0 74 0 0 997
Jun 5th 19:59:35.764 UTC 2 15 1 432 422 57271 1831.194 0 190.0414 19.29671 0 0 36 0 0 1710
Jun 5th 19:59:07.073 UTC 3 14 1 390 385 51463 1744.883 5.6 192.2071 13.58147 1 0 74 0 0 987
Jun 5th 19:58:35.763 UTC 2 15 1 427 422 56733 1831.194 0 189.8783 19.29671 0 0 36 0 0 1703
Jun 5th 19:58:07.074 UTC 3 15 1 389 382 51383 1735.648 5.6 192.31 13.40883 1 0 74 0 0 982
Jun 5th 19:57:35.775 UTC 2 15 1 427 419 56733 1815.761 0 189.8783 19.30733 0 0 36 0 0 1691
Jun 5th 19:57:07.066 UTC 3 13 1 387 382 50917 1735.648 5.6 192.582 13.44664 1 0 74 0 0 976
Jun 5th 19:56:35.765 UTC 2 15 1 424 416 56405 1807.924 0 189.8264 19.35987 0 0 36 0 0 1683
Jun 5th 19:56:07.066 UTC 3 13 1 384 378 50551 1716.912 5.6 193.0745 13.50808 1 0 74 0 0 969
Jun 5th 19:55:35.774 UTC 2 15 1 422 413 56051 1794.757 0 189.3594 19.33838 0 0 36 0 0 1675
Jun 5th 19:55:07.077 UTC 3 13 1 383 373 50491 1688.438 5.6 193.0277 13.62922 1 0 74 0 0 962
Jun 5th 19:54:35.774 UTC 2 14 1 419 412 55631 1790.491 0 189.8102 19.36462 0 0 36 0 0 1665
Jun 5th 19:54:07.076 UTC 3 14 0 382 371 50314 1680.744 5.6 192.8997 13.64139 1 0 74 0 0 960
Jun 5th 19:53:35.766 UTC 2 15 1 416 409 55308 1772.636 0 190.0106 19.2967 0 0 36 0 0 1653
Jun 5th 19:53:06.143 UTC 3 15 1 378 369 49817 1674.694 5.6 193.3212 13.54179 1 0 73 0 0 955
Jun 5th 19:52:35.785 UTC 2 15 0 414 406 55022 1754.521 0 189.8453 19.33146 0 0 36 0 0 1641
Jun 5th 19:52:06.154 UTC 3 15 1 374 367 49346 1663.595 5.6 193.6144 13.52373 1 0 73 0 0 952
Jun 5th 19:51:35.774 UTC 2 15 0 413 403 54913 1739.947 0 189.8788 19.36672 0 0 36 0 0 1632
Jun 5th 19:51:06.143 UTC 3 15 1 372 366 49177 1659.677 5.6 193.2425 13.44395 1 0 73 0 0 945
Jun 5th 19:50:35.773 UTC 2 15 1 411 402 54712 1734.155 0 189.6449 19.24586 0 0 36 0 0 1626
Jun 5th 19:50:06.143 UTC 3 15 0 370 362 49008 1640.294 5.6 193.5666 13.49102 1 0 73 0 0 937
Jun 5th 19:49:34.752 UTC 2 15 1 410 400 54652 1722.558 0 189.5161 19.30125 0 0 35 0 0 1617
Jun 5th 19:49:06.153 UTC 3 13 0 369 362 48899 1640.294 5.6 193.4151 13.52282 1 0 73 0 0 933
Jun 5th 19:48:33.786 UTC 2 15 1 407 398 54391 1710.866 0 189.1375 19.30396 0 0 34 0 0 1603
Jun 5th 19:48:06.143 UTC 3 14 0 367 358 48669 1617.513 5.6 193.0238 13.56736 1 0 73 0 0 930
Jun 5th 19:47:33.802 UTC 2 15 1 403 398 53920 1710.866 0 188.5025 19.30396 0 0 34 0 0 1591
Jun 5th 19:47:06.142 UTC 3 15 1 366 355 48589 1605.555 5.6 193.0426 13.3979 1 0 73 0 0 928
Jun 5th 19:46:33.792 UTC 2 15 1 402 395 53743 1696.031 0 188.3332 19.26153 0 0 34 0 0 1580
Jun 5th 19:46:06.143 UTC 3 14 0 361 355 48028 1605.555 5.6 192.8141 13.42336 1 0 73 0 0 921
Jun 5th 19:45:33.792 UTC 2 15 1 400 393 53499 1687.124 0 188.2745 19.1757 0 0 34 0 0 1571
Jun 5th 19:45:05.349 UTC 3 15 1 360 353 47851 1598.238 5.6 192.961 13.4381 1 0 72 0 0 916
Jun 5th 19:44:33.784 UTC 2 14 0 399 392 53322 1682.883 0 188.0209 19.23675 0 0 34 0 0 1562
Jun 5th 19:44:05.348 UTC 3 13 1 358 352 47587 1596.323 5.6 193.0488 13.4675 1 0 72 0 0 910
Jun 5th 19:43:33.794 UTC 2 15 1 397 388 53128 1669.145 0 187.8112 19.23779 0 0 34 0 0 1552
Jun 5th 19:43:05.338 UTC 3 14 0 355 349 47124 1587.487 5.6 192.9549 13.51856 1 0 72 0 0 906
Jun 5th 19:42:33.781 UTC 2 15 0 393 386 52655 1660.258 0 187.9695 19.25011 0 0 34 0 0 1543
Jun 5th 19:42:04.564 UTC 3 14 1 351 346 46581 1573.299 5.6 193.3489 13.5546 1 0 71 0 0 899
Jun 5th 19:41:33.794 UTC 2 14 1 390 384 52435 1654.728 0 188.2065 19.25635 0 0 34 0 0 1534
Jun 5th 19:41:04.571 UTC 3 13 1 350 343 46427 1557.609 5.6 193.7094 13.66284 1 0 71 0 0 894
Jun 5th 19:40:33.793 UTC 2 14 1 387 382 51749 1649.759 0 188.8181 19.23362 0 0 34 0 0 1523
Jun 5th 19:40:03.541 UTC 3 14 1 348 339 46139 1538.909 5.6 193.6772 13.75804 1 0 70 0 0 889
Jun 5th 19:39:32.775 UTC 2 15 1 384 377 51381 1626.477 0 188.697 19.32528 0 0 33 0 0 1514
Jun 5th 19:39:02.489 UTC 3 14 1 347 336 46005 1522.213 5.6 193.8954 13.80046 1 0 69 0 0 883
Jun 5th 19:38:32.785 UTC 2 13 1 382 374 51167 1615.078 0 188.9682 19.32488 0 0 33 0 0 1505
Jun 5th 19:38:02.502 UTC 3 15 1 345 334 45699 1513.594 5.6 194.078 13.67034 1 0 69 0 0 876
Jun 5th 19:37:32.775 UTC 2 15 1 381 371 51013 1605.291 0 189.0253 19.28747 0 0 33 0 0 1499
Jun 5th 19:37:02.490 UTC 3 15 1 343 331 45368 1505.96 5.6 193.9385 13.47418 1 0 69 0 0 868
Jun 5th 19:36:32.777 UTC 2 13 1 377 370 50443 1603.516 0 189.9111 19.36744 0 0 33 0 0 1491
Jun 5th 19:36:02.484 UTC 3 15 1 340 331 44860 1505.96 5.6 193.788 13.47418 1 0 69 0 0 863
Jun 5th 19:35:31.783 UTC 2 14 0 374 365 49981 1581.23 0 189.8299 19.50055 0 0 32 0 0 1479
Jun 5th 19:35:02.503 UTC 3 15 1 334 330 43727 1498.828 5.6 193.5901 13.38504 1 0 69 0 0 856
Jun 5th 19:34:31.791 UTC 2 15 1 371 362 49801 1564.92 0 189.6817 19.43548 0 0 32 0 0 1472
Jun 5th 19:34:01.716 UTC 3 11 1 331 330 43223 1498.828 5.6 193.411 13.4693 1 0 68 0 0 851
Jun 5th 19:33:30.752 UTC 2 15 1 369 360 49620 1557.395 0 190.0154 19.49275 0 0 31 0 0 1462
Jun 5th 19:32:59.744 UTC 3 10 1 331 329 43223 1490.803 5.6 193.411 13.49468 1 0 66 0 0 846
Jun 5th 19:32:29.559 UTC 2 14 0 367 360 49451 1557.395 0 189.8848 19.54022 0 0 30 0 0 1455
Jun 5th 19:31:58.094 UTC 3 11 0 331 326 43223 1470.673 5.6 193.411 13.54488 1 0 64 0 0 838
Jun 5th 19:31:29.550 UTC 2 15 1 364 356 49043 1543.677 0 189.8402 19.5439 0 0 30 0 0 1444
Jun 5th 19:30:57.022 UTC 3 13 0 331 321 43223 1453.738 5.6 193.411 13.63804 1 0 63 0 0 834
Jun 5th 19:30:29.549 UTC 2 15 1 361 353 48671 1530.395 0 189.8207 19.53674 0 0 30 0 0 1433
Jun 5th 19:29:57.021 UTC 3 15 1 329 316 43054 1423.183 5.6 193.0876 13.53405 1 0 63 0 0 829
Jun 5th 19:29:29.538 UTC 2 15 1 358 351 48234 1525.015 0 189.5449 19.50277 0 0 30 0 0 1425
Jun 5th 19:28:57.021 UTC 3 15 0 327 316 42790 1423.183 5.6 193.5727 13.53405 1 0 63 0 0 822
Jun 5th 19:28:29.548 UTC 2 15 1 357 350 48080 1520.879 0 189.6804 19.40886 0 0 30 0 0 1414
Jun 5th 19:27:57.011 UTC 3 14 1 324 315 42289 1414.573 5.6 193.6481 13.50041 1 0 63 0 0 818
Jun 5th 19:27:29.549 UTC 2 13 1 353 349 47510 1518.297 0 190.1396 19.47219 0 0 30 0 0 1405
Jun 5th 19:26:55.298 UTC 3 14 1 319 313 41499 1407.808 5.6 192.668 13.53505 1 0 61 0 0 811
Jun 5th 19:26:27.508 UTC 2 14 1 351 344 47199 1496.298 0 189.998 19.60857 0 0 28 0 0 1396
Jun 5th 19:25:55.286 UTC 3 15 0 318 311 41390 1395.733 5.6 192.4668 13.47431 1 0 61 0 0 808
Jun 5th 19:25:27.507 UTC 2 15 1 349 340 46906 1480.167 0 190.2854 19.6186 0 0 28 0 0 1382
Jun 5th 19:24:55.288 UTC 3 15 1 317 310 41213 1393.777 5.6 192.6762 13.21068 1 0 61 0 0 804
Jun 5th 19:24:27.507 UTC 2 15 1 346 338 46560 1474.866 0 191.0278 19.56681 0 0 28 0 0 1375
Jun 5th 19:23:55.299 UTC 3 15 0 313 309 40836 1391.897 5.6 192.2065 13.24088 1 0 61 0 0 796
Jun 5th 19:23:27.518 UTC 2 14 0 345 336 46451 1467.236 0 191.1418 19.67375 0 0 28 0 0 1369
Jun 5th 19:22:55.298 UTC 3 12 1 313 308 40836 1389.88 5.6 192.2065 13.2636 1 0 61 0 0 787
Jun 5th 19:22:27.505 UTC 2 15 1 339 330 45491 1436.739 0 190.9693 19.61448 0 0 28 0 0 1362
Jun 5th 19:21:54.531 UTC 3 12 0 310 304 40374 1365.985 5.6 192.5772 13.35486 1 0 60 0 0 780
Jun 5th 19:21:27.505 UTC 2 15 1 336 330 45194 1436.739 0 191.4773 19.61448 0 0 28 0 0 1351
Jun 5th 19:20:54.519 UTC 3 15 0 309 299 40265 1337.402 5.6 192.3501 13.39753 1 0 60 0 0 777
Jun 5th 19:20:27.516 UTC 2 15 1 336 327 45194 1426.706 0 191.4773 19.64263 0 0 28 0 0 1340
Jun 5th 19:19:54.531 UTC 3 15 1 309 298 40265 1331.821 5.6 192.3501 13.20541 1 0 60 0 0 773
Jun 5th 19:19:26.424 UTC 2 15 0 334 325 44812 1421.603 0 191.1552 19.70662 0 0 27 0 0 1329
Jun 5th 19:18:54.530 UTC 3 14 0 307 297 39840 1330.388 5.6 192.4456 13.25312 1 0 60 0 0 768
Jun 5th 19:18:26.424 UTC 2 14 0 328 323 44149 1412.569 0 191.7903 19.72946 0 0 27 0 0 1318
Jun 5th 19:17:52.560 UTC 3 13 1 305 296 39700 1322.043 5.6 192.0591 13.31397 1 0 58 0 0 765
Jun 5th 19:17:25.256 UTC 2 14 1 328 319 44149 1395.184 0 191.7903 19.83113 0 0 26 0 0 1308
Jun 5th 19:16:52.560 UTC 3 13 1 301 294 39135 1312.16 5.6 192.0037 13.29054 1 0 58 0 0 762
Jun 5th 19:16:25.256 UTC 2 15 1 326 317 43747 1381.341 0 191.6728 19.65064 0 0 26 0 0 1296
Jun 5th 19:15:52.553 UTC 3 15 1 299 291 38921 1298.528 5.6 191.377 13.04761 1 0 58 0 0 755
Jun 5th 19:15:24.296 UTC 2 13 0 323 316 43401 1377.649 0 191.0845 19.75299 0 0 25 0 0 1287
Jun 5th 19:14:52.542 UTC 3 14 1 298 291 38737 1298.528 5.6 190.7887 13.05852 1 0 58 0 0 749
Jun 5th 19:14:24.308 UTC 2 15 1 320 313 42987 1364.185 0 191.1094 19.63098 0 0 25 0 0 1280
Jun 5th 19:13:51.623 UTC 3 14 1 296 289 38451 1289.708 5.6 191.0063 13.03958 1 0 57 0 0 742
Jun 5th 19:13:24.307 UTC 2 15 1 318 311 42757 1355.458 0 191.2687 19.56882 0 0 25 0 0 1270
Jun 5th 19:12:51.623 UTC 3 14 1 293 286 37986 1273.194 5.6 190.7627 12.94752 1 0 57 0 0 736
Jun 5th 19:12:24.307 UTC 2 15 1 315 309 42294 1344.71 0 191.3757 19.54926 0 0 25 0 0 1262
Jun 5th 19:11:51.622 UTC 3 14 1 290 285 37663 1263.556 5.6 190.863 12.96066 1 0 57 0 0 730
Jun 5th 19:11:24.297 UTC 2 15 1 313 305 42060 1326.696 0 190.859 19.64665 0 0 25 0 0 1254
Jun 5th 19:10:50.606 UTC 3 15 1 290 281 37663 1246.532 5.6 190.863 13.00556 1 0 56 0 0 725
Jun 5th 19:10:24.307 UTC 2 14 1 312 304 41883 1324.134 0 190.6653 19.6145 0 0 25 0 0 1242
Jun 5th 19:09:50.612 UTC 3 13 1 288 281 37352 1246.532 5.6 191.036 13.04005 1 0 56 0 0 721
Jun 5th 19:09:24.308 UTC 2 15 1 310 301 41550 1312.106 0 191.0523 19.47441 0 0 25 0 0 1231
Jun 5th 19:08:50.613 UTC 3 13 0 286 277 37095 1224.37 5.6 191.17 13.10332 1 0 56 0 0 716
Jun 5th 19:08:24.297 UTC 2 15 1 305 299 40927 1308.321 0 191.1333 19.50432 0 0 25 0 0 1223
Jun 5th 19:07:49.612 UTC 3 15 1 285 275 37035 1213.465 5.6 191.1952 13.10332 1 0 55 0 0 710
Jun 5th 19:07:24.317 UTC 2 14 0 303 297 40807 1295.882 0 191.2494 19.53404 0 0 25 0 0 1212
Jun 5th 19:06:49.612 UTC 3 14 0 285 274 37035 1211.905 5.6 191.1952 13.14581 1 0 55 0 0 704
Jun 5th 19:06:24.306 UTC 2 14 1 300 293 40553 1277.636 0 191.3041 19.51794 0 0 25 0 0 1202
Jun 5th 19:05:49.622 UTC 3 15 1 281 272 36512 1203.187 5.6 189.9251 12.97989 1 0 55 0 0 698
Jun 5th 19:05:24.308 UTC 2 15 1 299 291 40305 1267.469 0 191.0766 19.49104 0 0 25 0 0 1194
Jun 5th 19:04:49.622 UTC 3 15 0 278 270 36071 1189.787 5.6 188.3764 12.97317 1 0 55 0 0 691
Jun 5th 19:04:24.296 UTC 2 14 1 297 289 40116 1261 0 191.4808 19.52786 0 0 25 0 0 1185
Jun 5th 19:03:48.705 UTC 3 15 1 275 269 35773 1185.853 5.6 187.8215 12.99439 1 0 54 0 0 690
Jun 5th 19:03:24.318 UTC 2 15 1 295 285 39976 1250.288 0 191.1016 19.53865 0 0 25 0 0 1172
Jun 5th 19:02:48.715 UTC 3 14 0 273 268 35416 1181.864 5.6 187.3235 13.04355 1 0 54 0 0 685
Jun 5th 19:02:24.308 UTC 2 15 1 291 283 39530 1241.78 0 191.5293 19.49027 0 0 25 0 0 1161
Jun 5th 19:01:47.756 UTC 3 15 1 272 266 35237 1173.235 5.6 186.6511 13.06137 1 0 53 0 0 680
Jun 5th 19:01:24.308 UTC 2 15 0 289 280 39293 1227.305 0 191.603 19.55533 0 0 25 0 0 1152
Jun 5th 19:00:47.756 UTC 3 14 1 270 265 34973 1166.773 5.6 186.5257 12.91835 1 0 53 0 0 672
Jun 5th 19:00:24.305 UTC 2 15 1 284 278 38600 1216.695 0 191.617 19.35601 0 0 25 0 0 1144
Jun 5th 18:59:47.757 UTC 3 14 1 268 263 34619 1155.167 5.6 186.8563 12.89559 1 0 53 0 0 665
Jun 5th 18:59:24.316 UTC 2 15 0 284 277 38600 1214.027 0 191.617 19.40255 0 0 25 0 0 1139
Jun 5th 18:58:46.969 UTC 3 15 1 267 259 34393 1139.942 5.6 186.382 12.9445 1 0 52 0 0 658
Jun 5th 18:58:23.191 UTC 2 14 1 282 274 38269 1203.327 0 191.6151 19.52266 0 0 24 0 0 1129
Jun 5th 18:57:46.948 UTC 3 14 1 265 257 34204 1133.068 5.6 186.1313 12.94349 1 0 52 0 0 654
Jun 5th 18:57:23.191 UTC 2 15 1 278 271 37852 1193.195 0 191.6851 19.42314 0 0 24 0 0 1118
Jun 5th 18:56:46.949 UTC 3 15 1 262 254 33833 1121.283 5.6 186.6347 12.8028 1 0 52 0 0 650
Jun 5th 18:56:22.140 UTC 2 14 1 274 270 37264 1187.486 0 192.6366 19.46297 0 0 23 0 0 1109
Jun 5th 18:55:46.965 UTC 3 15 1 260 252 33615 1112.374 5.6 186.8765 12.64879 1 0 52 0 0 642
Jun 5th 18:55:22.148 UTC 2 13 1 273 267 37204 1180.852 0 192.7419 19.60895 0 0 23 0 0 1098
Jun 5th 18:54:46.962 UTC 3 14 0 258 252 33372 1112.374 5.6 187.2128 12.66452 1 0 52 0 0 637
Jun 5th 18:54:22.137 UTC 2 12 0 270 264 36712 1167.028 0 192.8337 19.81712 0 0 23 0 0 1091
Jun 5th 18:53:46.014 UTC 3 12 1 254 249 32901 1106.617 5.6 186.7582 12.75936 1 0 51 0 0 629
Jun 5th 18:53:19.965 UTC 2 13 1 268 260 36518 1146.905 0 193.4379 19.93506 0 0 21 0 0 1083
Jun 5th 18:52:46.002 UTC 3 15 1 253 245 32821 1087.1 5.6 186.6227 12.75582 1 0 51 0 0 626
Jun 5th 18:52:18.944 UTC 2 14 0 266 257 36261 1137.035 0 193.4089 20.01757 0 0 20 0 0 1072
Jun 5th 18:51:45.153 UTC 3 11 1 250 245 32523 1087.1 5.6 187.8898 12.84663 1 0 50 0 0 618
Jun 5th 18:51:18.955 UTC 2 15 1 263 255 35983 1126.654 0 193.8927 19.90738 0 0 20 0 0 1065
Jun 5th 18:50:43.387 UTC 3 13 1 248 240 32403 1055.23 5.6 187.8127 12.94097 1 0 48 0 0 613
Jun 5th 18:50:18.955 UTC 2 15 1 261 251 35580 1110.714 0 193.871 19.95482 0 0 20 0 0 1056
Jun 5th 18:49:39.849 UTC 3 14 1 247 237 32071 1041.611 5.6 187.8831 12.99089 1 0 44 0 0 604
Jun 5th 18:49:18.955 UTC 2 15 0 258 250 35243 1104.999 0 193.6599 19.89515 0 0 20 0 0 1046
Jun 5th 18:48:38.931 UTC 3 14 1 246 235 31991 1028.119 5.6 187.7715 13.03815 1 0 43 0 0 598
Jun 5th 18:48:18.945 UTC 2 15 1 255 249 34829 1103.837 0 193.3801 19.78206 0 0 20 0 0 1038
Jun 5th 18:47:38.941 UTC 3 15 0 244 233 31851 1017.16 5.6 187.6518 12.88326 1 0 43 0 0 593
Jun 5th 18:47:18.955 UTC 2 15 0 251 247 34241 1093.549 0 193.8771 19.72877 0 0 20 0 0 1028
Jun 5th 18:46:38.940 UTC 3 15 1 242 232 31621 1015.207 5.6 187.6808 12.69493 1 0 43 0 0 589
Jun 5th 18:46:18.955 UTC 2 15 1 250 243 34064 1072.743 0 193.6425 19.83687 0 0 20 0 0 1017
Jun 5th 18:45:38.929 UTC 3 14 1 235 231 30502 1011.643 5.6 186.7034 12.50054 1 0 43 0 0 585
Jun 5th 18:45:18.945 UTC 2 15 1 249 238 33984 1046.206 0 193.4825 19.88585 0 0 20 0 0 1006
Jun 5th 18:44:38.930 UTC 3 15 1 234 229 30422 1001.588 5.6 185.9335 12.47157 1 0 43 0 0 577
Jun 5th 18:44:18.966 UTC 2 15 1 247 237 33795 1044.345 0 193.7381 19.88633 0 0 20 0 0 1000
Jun 5th 18:43:38.939 UTC 3 13 1 234 227 30422 989.2509 5.6 185.9335 12.54411 1 0 43 0 0 573
Jun 5th 18:43:18.955 UTC 2 15 1 246 236 33686 1039.492 0 193.4975 19.61593 0 0 20 0 0 990
Jun 5th 18:42:37.142 UTC 3 15 1 231 223 30054 974.2111 5.6 184.6801 12.57706 1 0 41 0 0 566
Jun 5th 18:42:18.956 UTC 2 14 0 242 236 33066 1039.492 0 194.0174 19.65536 0 0 20 0 0 983
Jun 5th 18:41:37.142 UTC 3 15 0 231 222 30054 969.9797 5.6 184.6801 12.60547 1 0 41 0 0 559
Jun 5th 18:41:16.935 UTC 2 14 1 237 232 32580 1018.832 0 193.0063 19.84899 0 0 18 0 0 972
Jun 5th 18:40:37.142 UTC 3 14 0 227 221 29469 962.9592 5.6 184.5966 12.60134 1 0 41 0 0 556
Jun 5th 18:40:15.693 UTC 2 15 1 236 230 32248 1016.315 0 192.8207 19.89829 0 0 17 0 0 963
Jun 5th 18:39:36.095 UTC 3 14 0 225 219 29181 947.9802 5.6 185.0031 12.64051 1 0 40 0 0 549
Jun 5th 18:39:15.682 UTC 2 14 0 234 229 31966 1012.45 0 193.8457 19.95684 0 0 17 0 0 953
Jun 5th 18:38:36.086 UTC 3 13 1 223 217 29021 935.7678 5.6 184.0873 12.67433 1 0 40 0 0 545
Jun 5th 18:38:15.693 UTC 2 15 1 234 225 31966 999.6697 0 193.8457 19.96767 0 0 17 0 0 943
Jun 5th 18:37:36.103 UTC 3 15 1 222 213 28837 914.5277 5.6 183.8549 12.69749 1 0 40 0 0 541
Jun 5th 18:37:15.690 UTC 2 15 1 230 219 31485 956.4333 0 194.2213 20.10015 0 0 17 0 0 931
Jun 5th 18:36:36.098 UTC 3 15 1 222 211 28837 897.0851 5.6 183.8549 12.53612 1 0 40 0 0 536
Jun 5th 18:36:15.699 UTC 2 15 1 226 218 31156 949.8564 0 194.1141 19.92996 0 0 17 0 0 923
Jun 5th 18:35:36.083 UTC 3 15 1 218 209 28382 886.2226 5.6 182.8022 12.24287 1 0 40 0 0 526
Jun 5th 18:35:14.720 UTC 2 14 1 226 218 31156 949.8564 0 194.1141 19.98237 0 0 16 0 0 914
Jun 5th 18:34:36.093 UTC 3 15 1 218 208 28382 878.6118 5.6 182.8022 12.1412 1 0 40 0 0 523
Jun 5th 18:34:14.722 UTC 2 15 1 225 212 30979 924.1104 0 193.8584 19.80239 0 0 16 0 0 906
Jun 5th 18:33:36.104 UTC 3 14 1 214 207 27704 874.4315 5.6 180.983 12.20566 1 0 40 0 0 515
Jun 5th 18:33:14.731 UTC 2 15 1 224 212 30731 924.1104 0 193.5903 19.80239 0 0 16 0 0 897
Jun 5th 18:32:35.347 UTC 3 15 1 213 205 27570 867.0855 5.6 180.5776 12.00639 1 0 39 0 0 509
Jun 5th 18:32:14.730 UTC 2 15 1 217 211 29847 919.2407 0 192.6654 19.65222 0 0 16 0 0 888
Jun 5th 18:31:35.338 UTC 3 15 1 211 203 27220 860.2534 5.6 180.1951 11.78916 1 0 39 0 0 503
Jun 5th 18:31:14.720 UTC 2 14 1 214 211 29578 919.2407 0 191.3983 19.69626 0 0 16 0 0 879
Jun 5th 18:30:35.347 UTC 3 15 1 208 203 26872 860.2534 5.6 178.8875 11.78916 1 0 39 0 0 499
Jun 5th 18:30:13.649 UTC 2 15 1 213 207 29469 902.2895 0 191.2332 19.71321 0 0 15 0 0 868
Jun 5th 18:29:35.348 UTC 3 13 1 207 201 26792 855.9102 5.6 178.9115 11.87257 1 0 39 0 0 494
Jun 5th 18:29:13.650 UTC 2 15 1 213 205 29469 895.6774 0 191.2332 19.50373 0 0 15 0 0 858
Jun 5th 18:28:35.341 UTC 3 15 0 202 197 26187 836.4508 5.6 178.9489 11.85906 1 0 39 0 0 488
Jun 5th 18:28:13.649 UTC 2 15 0 210 204 28900 888.9218 0 190.6763 19.53908 0 0 15 0 0 848
Jun 5th 18:27:35.349 UTC 3 14 0 200 195 25762 821.66 5.6 179.7372 11.9046 1 0 39 0 0 484
Jun 5th 18:27:13.660 UTC 2 14 1 207 201 28282 871.3515 0 190.6161 19.59999 0 0 15 0 0 839
Jun 5th 18:26:34.350 UTC 3 12 1 200 193 25762 815.0256 5.6 179.7372 12.01794 1 0 38 0 0 478
Jun 5th 18:26:13.659 UTC 2 14 1 206 198 28202 857.7413 0 190.3696 19.61674 0 0 15 0 0 828
Jun 5th 18:25:33.420 UTC 3 14 1 200 188 25762 787.2756 5.6 179.7372 11.99811 1 0 37 0 0 472
Jun 5th 18:25:13.660 UTC 2 15 1 205 194 27954 841.7156 0 190.4098 19.6815 0 0 15 0 0 821
Jun 5th 18:24:33.421 UTC 3 15 1 197 186 25252 779.5467 5.6 179.8192 11.87216 1 0 37 0 0 468
Jun 5th 18:24:13.659 UTC 2 15 1 204 193 27845 836.8044 0 190.4155 19.20991 0 0 15 0 0 809
Jun 5th 18:23:33.420 UTC 3 14 0 193 185 24840 775.4046 5.6 180.1061 11.93691 1 0 37 0 0 463
Jun 5th 18:23:13.648 UTC 2 15 1 198 193 26848 836.8044 0 189.5287 19.20991 0 0 15 0 0 797
Jun 5th 18:22:32.429 UTC 3 15 1 191 182 24534 761.1179 5.6 179.7176 11.67403 1 0 36 0 0 459
Jun 5th 18:22:12.505 UTC 2 14 1 195 191 26482 826.4014 0 189.6794 19.20151 0 0 14 0 0 787
Jun 5th 18:21:32.419 UTC 3 15 0 189 182 24196 761.1179 5.6 178.4964 11.67403 1 0 36 0 0 454
Jun 5th 18:21:12.506 UTC 2 14 1 194 189 26256 818.6438 0 189.6442 19.30435 0 0 14 0 0 778
Jun 5th 18:20:32.429 UTC 3 14 1 187 179 23962 755.6961 5.6 178.0525 11.7543 1 0 36 0 0 450
Jun 5th 18:20:11.476 UTC 2 15 1 193 184 26122 794.3498 0 189.2086 19.51637 0 0 13 0 0 768
Jun 5th 18:19:31.419 UTC 3 15 1 183 177 23358 743.6496 5.6 178.931 11.77053 1 0 35 0 0 442
Jun 5th 18:19:11.475 UTC 2 15 1 192 182 25945 783.133 0 189.5008 19.42262 0 0 13 0 0 761
Jun 5th 18:18:31.419 UTC 3 14 1 179 175 22864 732.5509 5.6 177.9014 11.70003 1 0 35 0 0 436
Jun 5th 18:18:11.486 UTC 2 15 0 188 180 25178 772.6853 0 189.2259 19.35769 0 0 13 0 0 751
Jun 5th 18:17:30.541 UTC 3 12 1 179 173 22864 723.4084 5.6 177.9014 11.81395 1 0 34 0 0 428
Jun 5th 18:17:11.477 UTC 2 15 1 187 178 25024 762.9205 0 189.0198 19.28103 0 0 13 0 0 744
Jun 5th 18:16:29.745 UTC 3 13 1 179 170 22864 712.0001 5.6 177.9014 11.88432 1 0 33 0 0 424
Jun 5th 18:16:11.476 UTC 2 15 1 185 176 24466 755.348 0 188.5143 19.17146 0 0 13 0 0 735
Jun 5th 18:15:29.746 UTC 3 13 0 176 168 22518 707.5836 5.6 177.1062 11.91692 1 0 33 0 0 419
Jun 5th 18:15:11.477 UTC 2 14 1 181 174 24028 742.6569 0 187.5155 19.04507 0 0 13 0 0 721
Jun 5th 18:14:28.735 UTC 3 15 1 172 165 21829 692.4385 5.6 177.7179 11.9293 1 0 32 0 0 416
Jun 5th 18:14:11.486 UTC 2 15 1 178 172 23701 738.6393 0 187.7283 18.79529 0 0 13 0 0 711
Jun 5th 18:13:27.663 UTC 3 14 1 169 164 21483 689.1452 5.6 177.9533 12.04149 1 0 31 0 0 409
Jun 5th 18:13:11.475 UTC 2 15 1 176 171 23483 733.9515 0 188.2182 18.78999 0 0 13 0 0 702
Jun 5th 18:12:27.664 UTC 3 14 0 167 162 21175 683.7458 5.6 177.8138 12.0101 1 0 31 0 0 403
Jun 5th 18:12:11.476 UTC 2 15 1 174 166 23239 708.9938 0 188.5838 19.02861 0 0 13 0 0 693
Jun 5th 18:11:27.654 UTC 3 15 1 166 157 21115 660.2432 5.6 178.5871 12.01478 1 0 31 0 0 397
Jun 5th 18:11:11.466 UTC 2 15 1 172 163 22931 698.0131 0 187.8128 19.12873 0 0 13 0 0 686
Jun 5th 18:10:26.757 UTC 3 14 0 162 154 20732 643.4611 5.6 178.7778 12.1787 1 0 30 0 0 388
Jun 5th 18:10:11.485 UTC 2 14 1 170 160 22645 683.9211 0 188.3781 19.11413 0 0 13 0 0 678
Jun 5th 18:09:25.705 UTC 3 15 1 158 150 20131 622.9295 5.6 180.2954 11.96775 1 0 29 0 0 380
Jun 5th 18:09:11.476 UTC 2 15 1 168 158 22456 674.7913 0 188.2209 19.16831 0 0 13 0 0 671
Jun 5th 18:08:25.694 UTC 3 13 1 157 149 20022 615.558 5.6 180.8443 12.0561 1 0 29 0 0 371
Jun 5th 18:08:11.475 UTC 2 15 1 164 157 21891 673.2883 0 187.6274 18.69973 0 0 13 0 0 665
Jun 5th 18:07:24.622 UTC 3 14 1 157 146 20022 605.0688 5.6 180.8443 11.98977 1 0 28 0 0 365
Jun 5th 18:07:10.263 UTC 2 15 0 161 156 21520 670.129 0 189.0451 18.76365 0 0 12 0 0 655
Jun 5th 18:06:24.633 UTC 3 13 1 155 144 19785 600.5182 5.6 179.9044 11.977 1 0 28 0 0 358
Jun 5th 18:06:10.253 UTC 2 15 1 158 152 21012 653.9054 0 187.279 18.96743 0 0 12 0 0 649
Jun 5th 18:05:23.707 UTC 3 15 1 151 142 19236 588.4016 5.6 176.5842 11.977 1 0 27 0 0 352
Jun 5th 18:05:08.744 UTC 2 14 0 158 150 21012 646.1669 0 187.279 19.09953 0 0 11 0 0 638
Jun 5th 18:04:23.696 UTC 3 15 0 146 142 18793 588.4016 5.6 177.8056 11.977 1 0 27 0 0 348
Jun 5th 18:04:08.734 UTC 2 15 1 155 146 20639 623.679 0 187.6945 19.09946 0 0 11 0 0 627
Jun 5th 18:03:22.523 UTC 3 12 1 144 142 18599 588.4016 5.6 177.2753 12.14575 1 0 26 0 0 345
Jun 5th 18:03:08.726 UTC 2 15 1 153 144 20405 611.8495 0 187.6259 18.97795 0 0 11 0 0 616
Jun 5th 18:02:21.563 UTC 3 12 1 143 139 18465 580.1653 5.6 176.0182 12.23256 1 0 25 0 0 339
Jun 5th 18:02:08.747 UTC 2 14 1 149 143 19720 606.5108 0 187.7919 19.00624 0 0 11 0 0 607
Jun 5th 18:01:21.556 UTC 3 14 0 141 135 18134 554.8022 5.6 177.4887 12.29637 1 0 25 0 0 335
Jun 5th 18:01:08.736 UTC 2 15 1 148 141 19611 596.762 0 187.3659 18.74502 0 0 11 0 0 596
Jun 5th 18:00:21.558 UTC 3 15 1 141 130 18134 528.9414 5.6 177.4887 12.2912 1 0 25 0 0 330
Jun 5th 18:00:08.736 UTC 2 14 1 147 137 19490 573.9551 0 186.9716 18.94961 0 0 11 0 0 587
Jun 5th 17:59:21.557 UTC 3 15 1 139 128 17940 522.7697 5.6 176.6812 12.14991 1 0 25 0 0 324
Jun 5th 17:59:08.734 UTC 2 15 1 145 135 19197 563.2776 0 186.6107 18.74416 0 0 11 0 0 577
Jun 5th 17:58:21.565 UTC 3 15 1 137 127 17722 513.1389 5.6 176.1526 12.11949 1 0 25 0 0 319
Jun 5th 17:58:08.735 UTC 2 15 1 142 133 18874 559.2919 0 184.1799 18.28435 0 0 11 0 0 568
Jun 5th 17:57:20.484 UTC 3 13 1 134 127 17385 513.1389 5.6 175.9379 12.23586 1 0 24 0 0 315
Jun 5th 17:57:08.727 UTC 2 15 0 141 133 18690 559.2919 0 183.6935 18.28435 0 0 11 0 0 556
Jun 5th 17:56:20.471 UTC 3 14 1 131 124 16864 489.1226 5.6 174.1753 11.57214 1 0 24 0 0 309
Jun 5th 17:56:08.734 UTC 2 14 0 135 132 17878 555.5678 0 183.9388 18.16839 0 0 11 0 0 547
Jun 5th 17:55:20.472 UTC 3 15 1 129 123 16695 482.1819 5.6 172.9969 11.57214 1 0 24 0 0 305
Jun 5th 17:55:08.733 UTC 2 14 1 133 128 17592 534.015 0 183.0989 18.26437 0 0 11 0 0 535
Jun 5th 17:54:18.043 UTC 3 14 1 128 122 16586 477.9346 5.6 171.3555 11.66272 1 0 22 0 0 300
Jun 5th 17:54:08.746 UTC 2 15 1 133 126 17592 526.0276 0 183.0989 17.84251 0 0 11 0 0 528
Jun 5th 17:53:18.034 UTC 3 15 1 128 118 16586 462.3268 5.6 171.3555 11.69408 1 0 22 0 0 293
Jun 5th 17:53:08.733 UTC 2 13 1 132 125 17458 523.9758 0 182.8842 18.06132 0 0 11 0 0 518
Jun 5th 17:52:18.046 UTC 3 14 1 127 117 16432 460.4568 5.6 170.9949 11.52374 1 0 22 0 0 287
Jun 5th 17:52:08.745 UTC 2 15 0 130 120 17221 499.2989 0 183.0242 18.18617 0 0 11 0 0 511
Jun 5th 17:51:18.045 UTC 3 15 0 123 115 15912 454.8564 5.6 169.0027 11.29921 1 0 22 0 0 281
Jun 5th 17:51:08.739 UTC 2 15 1 125 117 16288 485.3665 0 181.9413 17.98362 0 0 11 0 0 500
Jun 5th 17:50:18.031 UTC 3 14 0 117 115 15443 454.8564 5.6 167.5186 11.37887 1 0 22 0 0 280
Jun 5th 17:50:08.727 UTC 2 15 1 125 115 16288 477.2068 0 181.9413 17.89467 0 0 11 0 0 485
Jun 5th 17:49:18.033 UTC 3 13 0 116 114 15334 450.8706 5.6 167.6491 11.46412 1 0 22 0 0 278
Jun 5th 17:49:08.748 UTC 2 15 0 121 114 15720 472.2478 0 181.8958 17.75625 0 0 11 0 0 472
Jun 5th 17:48:18.041 UTC 3 14 1 115 109 15200 441.2908 5.6 165.6683 11.49778 1 0 22 0 0 272
Jun 5th 17:48:08.735 UTC 2 14 1 118 113 15286 468.5876 0 181.621 17.55153 0 0 11 0 0 464
Jun 5th 17:47:18.043 UTC 3 15 1 111 105 14823 424.3779 5.6 169.0834 11.52874 1 0 22 0 0 266
Jun 5th 17:47:08.734 UTC 2 13 0 116 109 15027 453.2287 0 180.5844 18.0024 0 0 11 0 0 456
Jun 5th 17:46:16.122 UTC 3 14 1 109 102 14469 411.7187 5.6 168.846 11.61492 1 0 20 0 0 258
Jun 5th 17:46:07.445 UTC 2 15 1 115 105 14918 432.2854 0 180.8295 17.23969 0 0 10 0 0 449
Jun 5th 17:45:15.077 UTC 3 13 0 107 100 14251 404.9056 5.6 170.8215 11.72846 1 0 19 0 0 250
Jun 5th 17:45:07.435 UTC 2 15 1 111 105 14492 432.2854 0 180.8704 17.23969 0 0 10 0 0 440
Jun 5th 17:44:15.077 UTC 3 14 1 104 96 13934 389.8244 0 171.7746 11.89063 0 0 19 0 0 247
Jun 5th 17:44:07.435 UTC 2 13 0 110 103 14358 419.1029 0 181.2375 17.6008 0 0 10 0 0 429
Jun 5th 17:43:15.064 UTC 3 15 1 102 93 13577 380.9499 0 171.7807 11.43957 0 0 19 0 0 242
Jun 5th 17:43:07.424 UTC 2 15 1 108 98 14238 400.3264 0 180.3362 17.49059 0 0 10 0 0 418
Jun 5th 17:42:15.074 UTC 3 14 1 98 92 12915 375.659 0 172.7409 11.3864 0 0 19 0 0 237
Jun 5th 17:42:07.445 UTC 2 15 1 104 97 13861 395.6482 0 179.5136 17.13097 0 0 10 0 0 409
Jun 5th 17:41:15.074 UTC 3 13 1 95 90 12563 363.4657 0 172.8277 11.50637 0 0 19 0 0 233
Jun 5th 17:41:07.435 UTC 2 15 1 102 95 13597 388.382 0 180.3136 17.0269 0 0 10 0 0 398
Jun 5th 17:40:15.084 UTC 3 11 0 93 89 12209 362.1542 0 172.4684 11.61367 0 0 19 0 0 228
Jun 5th 17:40:07.425 UTC 2 15 1 100 92 13457 381.5817 0 181.4841 16.78232 0 0 10 0 0 387
Jun 5th 17:39:13.849 UTC 3 15 1 92 85 12032 340.2567 0 173.7103 11.61367 0 0 18 0 0 223
Jun 5th 17:39:07.444 UTC 2 13 0 95 91 12711 375.71 0 180.6555 17.06173 0 0 10 0 0 377
Jun 5th 17:38:13.849 UTC 3 15 1 89 82 11456 327.0231 0 174.2297 11.66089 0 0 18 0 0 216
Jun 5th 17:38:06.048 UTC 2 13 1 94 87 12651 361.1712 0 179.4532 17.43441 0 0 9 0 0 370
Jun 5th 17:37:13.851 UTC 3 14 0 89 79 11456 317.8933 0 174.2297 11.97219 0 0 18 0 0 211
Jun 5th 17:37:06.048 UTC 2 15 1 91 83 12341 341.5299 0 180.6703 16.95849 0 0 9 0 0 359
Jun 5th 17:36:12.884 UTC 3 14 1 85 77 10774 308.2944 0 174.5443 11.62089 0 0 17 0 0 207
Jun 5th 17:36:06.057 UTC 2 13 0 90 83 12187 341.5299 0 180.6312 17.21292 0 0 9 0 0 349
Jun 5th 17:35:12.891 UTC 3 14 1 83 75 10466 303.2588 0 176.3186 11.75907 0 0 17 0 0 197
Jun 5th 17:35:06.056 UTC 2 15 1 87 78 11913 316.4955 0 181.1545 17.17323 0 0 9 0 0 344
Jun 5th 17:34:12.900 UTC 3 11 1 79 74 10117 294.6269 0 175.6254 12.0082 0 0 17 0 0 192
Jun 5th 17:34:06.059 UTC 2 15 1 86 76 11759 311.2047 0 180.8257 17.09462 0 0 9 0 0 334
Jun 5th 17:33:12.900 UTC 3 12 0 78 71 10057 281.7985 0 173.8241 12.1746 0 0 17 0 0 189
Jun 5th 17:33:04.764 UTC 2 15 1 84 74 11590 302.6971 0 179.7478 17.03575 0 0 8 0 0 321
Jun 5th 17:32:12.890 UTC 3 15 0 77 67 9948 270.7827 0 173.8767 11.95113 0 0 17 0 0 187
Jun 5th 17:32:01.997 UTC 2 15 1 81 73 11296 297.2754 0 180.0875 17.14124 0 0 6 0 0 308
Jun 5th 17:31:12.889 UTC 3 15 1 75 64 9662 261.1743 0 173.0126 11.57517 0 0 17 0 0 184
Jun 5th 17:31:01.999 UTC 2 15 1 75 70 10485 288.3147 0 179.1236 16.97831 0 0 6 0 0 297
Jun 5th 17:30:12.901 UTC 3 14 1 70 64 8976 261.1743 0 175.3866 11.56321 0 0 17 0 0 177
Jun 5th 17:30:01.987 UTC 2 14 1 75 67 10485 277.1362 0 179.1236 17.28641 0 0 6 0 0 290
Jun 5th 17:29:12.899 UTC 3 15 1 66 60 8598 244.6953 0 174.8046 11.47727 0 0 17 0 0 170
Jun 5th 17:29:00.809 UTC 2 15 1 72 65 10072 270.6806 0 183.5952 16.88041 0 0 5 0 0 281
Jun 5th 17:28:12.899 UTC 3 15 1 65 57 8489 229.3428 0 172.1497 11.35532 0 0 17 0 0 166
Jun 5th 17:28:00.799 UTC 2 13 1 67 61 9354 253.0815 0 183.8532 17.59359 0 0 5 0 0 270
Jun 5th 17:27:12.899 UTC 3 14 0 62 56 8208 226.8633 0 173.7245 11.11644 0 0 17 0 0 159
Jun 5th 17:27:00.793 UTC 2 15 1 67 57 9354 242.9433 0 183.8532 17.28342 0 0 5 0 0 262
Jun 5th 17:26:11.888 UTC 3 14 1 61 51 8128 203.0448 0 175.1552 10.94309 0 0 16 0 0 153
Jun 5th 17:25:59.703 UTC 2 14 1 63 55 8738 237.2663 0 187.1473 17.00366 0 0 4 0 0 253
Jun 5th 17:25:10.685 UTC 3 15 1 56 49 7289 198.9123 0 174.5692 11.02348 0 0 15 0 0 148
Jun 5th 17:24:59.701 UTC 2 14 0 60 54 8207 230.6096 0 190.2178 17.16917 0 0 4 0 0 243
Jun 5th 17:24:10.685 UTC 3 13 1 54 47 7100 189.7569 0 178.1024 11.31545 0 0 15 0 0 140
Jun 5th 17:23:59.690 UTC 2 13 1 56 50 7695 214.303 0 188.8712 18.07554 0 0 4 0 0 236
Jun 5th 17:23:10.694 UTC 3 14 1 54 43 7100 168.2424 0 178.1024 11.17516 0 0 15 0 0 132
Jun 5th 17:22:59.700 UTC 2 15 1 55 46 7518 199.5217 0 186.7222 18.1519 0 0 4 0 0 229
Jun 5th 17:22:10.694 UTC 3 15 1 50 41 6625 157.4469 0 173.7238 10.68542 0 0 15 0 0 126
Jun 5th 17:21:59.705 UTC 2 15 1 54 43 7458 186.2849 0 188.1825 17.65434 0 0 4 0 0 220
Jun 5th 17:21:10.683 UTC 3 14 1 49 40 6545 156.0842 0 173.7915 10.13184 0 0 15 0 0 120
Jun 5th 17:20:59.692 UTC 2 14 1 49 42 6632 182.1141 0 190.5578 17.90116 0 0 4 0 0 211
Jun 5th 17:20:09.798 UTC 3 15 1 45 38 5731 149.0446 0 173.9124 10.16047 0 0 14 0 0 115
Jun 5th 17:19:59.692 UTC 2 15 1 47 39 6395 166.334 0 192.1074 17.57354 0 0 4 0 0 200
Jun 5th 17:19:09.787 UTC 3 15 0 42 37 5363 147.6373 0 168.0959 9.823175 0 0 14 0 0 109
Jun 5th 17:18:59.704 UTC 2 15 1 46 36 6218 157.9445 0 190.6829 17.83671 0 0 4 0 0 192
Jun 5th 17:18:09.788 UTC 3 15 1 39 33 5049 133.5804 0 169.3645 9.498674 0 0 14 0 0 101
Jun 5th 17:17:59.691 UTC 2 15 1 41 34 5518 151.9803 0 186.0688 17.14599 0 0 4 0 0 186
Jun 5th 17:17:09.798 UTC 3 14 0 37 32 4929 129.8117 0 166.6776 9.532428 0 0 14 0 0 95
Jun 5th 17:16:59.704 UTC 2 15 0 39 33 5261 149.9635 0 191.8884 16.75841 0 0 4 0 0 175
Jun 5th 17:16:09.787 UTC 3 13 1 35 28 4686 120.6308 0 171.2093 9.898775 0 0 14 0 0 89
Jun 5th 17:15:59.702 UTC 2 15 1 35 29 4543 125.0122 0 191.9287 17.48745 0 0 4 0 0 167
Jun 5th 17:15:08.777 UTC 3 14 0 33 26 4449 110.767 0 174.8522 9.979334 0 0 13 0 0 85
Jun 5th 17:14:59.693 UTC 2 14 1 34 26 4366 111.7722 0 194.9624 17.95973 0 0 4 0 0 156
Jun 5th 17:14:07.787 UTC 3 15 1 28 21 3820 83.32661 0 177.8502 10.19539 0 0 12 0 0 80
Jun 5th 17:13:58.528 UTC 2 15 1 33 21 4187 87.00594 0 193.4528 16.31473 0 0 3 0 0 147
Jun 5th 17:13:07.786 UTC 3 14 0 28 18 3820 67.1636 0 177.8502 10.79764 0 0 12 0 0 73
Jun 5th 17:12:58.528 UTC 2 15 1 32 21 4078 87.00594 0 193.2072 16.31473 0 0 3 0 0 137
Jun 5th 17:12:07.787 UTC 3 15 0 26 15 3606 53.16735 0 180.6007 10.32634 0 0 12 0 0 66
Jun 5th 17:11:58.528 UTC 2 15 0 30 19 3834 82.44901 0 193.261 16.87653 0 0 3 0 0 129
Jun 5th 17:11:07.778 UTC 3 14 0 21 14 2902 48.53066 0 185.7947 10.28648 0 0 12 0 0 61
Jun 5th 17:10:58.527 UTC 2 15 1 23 18 3111 76.78158 0 198.6958 15.39542 0 0 3 0 0 119
Jun 5th 17:10:06.757 UTC 3 15 1 20 11 2842 37.00751 0 185.6621 9.279632 0 0 11 0 0 57
Jun 5th 17:09:58.526 UTC 2 14 1 21 16 2800 67.86877 0 190.2787 15.89291 0 0 3 0 0 109
Jun 5th 17:09:05.775 UTC 3 14 0 18 10 2682 32.39315 0 178.0755 9.592518 0 0 10 0 0 51
Jun 5th 17:08:57.353 UTC 2 15 1 19 14 2368 57.02216 0 187.1021 16.1039 0 0 2 0 0 99
Jun 5th 17:08:05.776 UTC 3 15 1 16 7 2468 20.19667 0 168.701 8.185299 0 0 10 0 0 49
Jun 5th 17:07:57.347 UTC 2 14 1 18 10 2191 32.16337 0 190.722 17.09274 0 0 2 0 0 87
Jun 5th 17:07:04.818 UTC 3 13 1 14 7 2133 20.19667 0 173.4312 8.34613 0 0 9 0 0 43
Jun 5th 17:06:57.341 UTC 2 15 1 16 6 1947 18.01074 0 186.8099 18.04593 0 0 2 0 0 78
Jun 5th 17:06:01.706 UTC 3 13 0 11 6 1576 16.36413 0 137.7112 8.681639 0 0 6 0 0 37
Jun 5th 17:05:57.338 UTC 2 15 1 16 4 1947 9.139424 0 186.8099 14.28668 0 0 2 0 0 68
Jun 5th 17:05:00.597 UTC 3 15 0 8 1 1188 1.780662 0 128.6727 9.188086 0 0 5 0 0 33
Jun 5th 17:04:57.339 UTC 2 15 1 13 3 1767 6.991786 0 176.6673 13.42477 0 0 2 0 0 57
Jun 5th 17:04:00.599 UTC 3 15 1 6 0 783 0 0 125.4484 5.344078 0 0 5 0 0 29
Jun 5th 17:03:57.344 UTC 2 15 0 8 2 1068 4.442068 0 153.9745 12.81684 0 0 2 0 0 47
Jun 5th 17:03:00.597 UTC 3 11 1 2 0 140 0 0 168.0529 5.334609 0 0 5 0 0 22
Jun 5th 17:02:57.338 UTC 2 15 1 3 1 274 1.388156 0 101.0869 7.130971 0 0 2 0 0 39
Jun 5th 17:01:59.580 UTC 3 7 1 0 0 0 0 0 NaN 4.175034 0 0 4 0 0 16
Jun 5th 17:01:57.353 UTC 2 14 0 2 1 140 1.388156 0 96.44899 7.488197 0 0 2 0 0 30
Jun 5th 17:00:57.345 UTC 2 9 0 1 0 60 0 0 63.73618 7.536108 0 0 2 0 0 21
Jun 5th 17:00:56.777 UTC 3 4 1 0 0 0 0 0 NaN 5.448321 0 0 2 0 0 9
Jun 5th 16:59:56.016 UTC 2 4 0 0 0 0 0 0 NaN 9.744597 0 0 1 0 0 12
Jun 5th 16:59:55.673 UTC 3 1 1 0 0 0 0 0 NaN 8.705639 0 0 1 0 0 3
Jun 5th 16:58:54.750 UTC 2 0 0 0 0 0 0 0 NaN NaN 0 0 0 0 0 0
Jun 5th 16:58:54.678 UTC 3 0 0 0 0 0 0 0 NaN NaN 0 0 0 0 0 0