dt1 dt2 dt3 dt4 controller drones queue deliveries fullTrips revenue costs penalties avgDelTime avgWaitTime fDel fRet fLaunch collisions unknown total
Jun 6th 20:49:21.950 UTC 2 15 1 868 858 116748 3761.117 0 192.0845 19.9169 0 0 53 0 0 3457
Jun 6th 20:49:10.357 UTC 3 14 1 809 804 108018 3585.996 0 190.4245 14.35242 0 0 119 0 0 1987
Jun 6th 20:48:21.952 UTC 2 15 1 864 858 116468 3761.117 0 191.9737 19.9169 0 0 53 0 0 3449
Jun 6th 20:48:10.358 UTC 3 15 1 808 801 107864 3578.152 0 190.2566 14.37046 0 0 119 0 0 1980
Jun 6th 20:47:21.942 UTC 2 15 1 860 857 115809 3756.321 0 192.1198 19.87125 0 0 53 0 0 3437
Jun 6th 20:47:10.368 UTC 3 15 1 807 800 107680 3572.858 0 190.3453 14.33168 0 0 119 0 0 1978
Jun 6th 20:46:20.778 UTC 2 13 0 859 855 115636 3747.347 0 192.1273 19.92963 0 0 52 0 0 3427
Jun 6th 20:46:09.532 UTC 3 13 0 803 799 107108 3570.647 0 190.5223 14.35126 0 0 118 0 0 1972
Jun 6th 20:45:20.767 UTC 2 15 1 859 848 115636 3722.399 0 192.1273 19.96341 0 0 52 0 0 3419
Jun 6th 20:45:08.683 UTC 3 11 1 801 797 106599 3560.738 0 190.4797 14.38286 0 0 117 0 0 1964
Jun 6th 20:44:20.767 UTC 2 15 1 856 846 115337 3709.169 0 192.0814 19.98016 0 0 52 0 0 3410
Jun 6th 20:44:07.784 UTC 3 12 0 800 793 106422 3546.378 0 190.6018 14.42675 0 0 116 0 0 1959
Jun 6th 20:43:20.778 UTC 2 14 1 852 843 114792 3697.642 0 192.3843 20.01412 0 0 52 0 0 3399
Jun 6th 20:43:07.774 UTC 3 11 1 798 791 106208 3542.673 0 190.7078 14.45982 0 0 116 0 0 1956
Jun 6th 20:42:19.712 UTC 2 15 1 850 842 114558 3693.459 0 192.3425 20.01412 0 0 51 0 0 3388
Jun 6th 20:42:06.197 UTC 3 11 1 795 789 105817 3531.692 0 191.0099 14.48281 0 0 114 0 0 1952
Jun 6th 20:41:19.721 UTC 2 15 1 847 839 114192 3682.886 0 192.3554 20.0175 0 0 51 0 0 3379
Jun 6th 20:41:05.438 UTC 3 14 1 793 784 105587 3497.18 0 191.1124 14.5098 0 0 113 0 0 1945
Jun 6th 20:40:19.718 UTC 2 14 1 845 838 113790 3680.917 0 192.5127 19.98537 0 0 51 0 0 3369
Jun 6th 20:40:05.429 UTC 3 15 1 791 780 105330 3485.424 0 191.2734 14.49931 0 0 113 0 0 1940
Jun 6th 20:39:19.720 UTC 2 15 1 840 834 112865 3659.243 0 192.4167 20.01932 0 0 51 0 0 3358
Jun 6th 20:39:05.439 UTC 3 14 0 788 780 104888 3485.424 0 191.1828 14.51594 0 0 113 0 0 1937
Jun 6th 20:38:18.556 UTC 2 15 0 839 832 112756 3647.915 0 192.4085 20.05073 0 0 50 0 0 3346
Jun 6th 20:38:05.440 UTC 3 15 1 787 777 104711 3475.344 0 191.2632 14.47968 0 0 113 0 0 1931
Jun 6th 20:37:18.555 UTC 2 15 1 838 827 112676 3623.526 0 192.4338 20.04562 0 0 50 0 0 3337
Jun 6th 20:37:05.429 UTC 3 14 1 782 775 103807 3464.127 0 191.2497 14.49246 0 0 113 0 0 1928
Jun 6th 20:36:18.554 UTC 2 15 1 837 827 112499 3623.526 0 192.3848 20.04562 0 0 50 0 0 3325
Jun 6th 20:36:05.429 UTC 3 15 1 781 773 103634 3455.287 0 191.3143 14.46206 0 0 113 0 0 1925
Jun 6th 20:35:18.553 UTC 2 15 0 834 825 112162 3615.822 0 192.4198 20.05111 0 0 50 0 0 3317
Jun 6th 20:35:04.451 UTC 3 15 1 778 770 103385 3437.889 0 190.8195 14.43781 0 0 112 0 0 1916
Jun 6th 20:34:18.544 UTC 2 15 1 829 821 111206 3603.782 0 192.3829 20.03357 0 0 50 0 0 3309
Jun 6th 20:34:04.439 UTC 3 15 1 777 768 103325 3432.158 0 190.6225 14.44806 0 0 112 0 0 1909
Jun 6th 20:33:18.564 UTC 2 14 1 829 821 111206 3603.782 0 192.3829 20.01239 0 0 50 0 0 3298
Jun 6th 20:33:04.439 UTC 3 15 1 772 766 102673 3419.821 0 190.6866 14.40708 0 0 112 0 0 1907
Jun 6th 20:32:18.554 UTC 2 14 1 823 818 110562 3588.65 0 192.5344 20.05193 0 0 50 0 0 3286
Jun 6th 20:32:04.429 UTC 3 14 1 772 765 102673 3413.659 0 190.6866 14.32315 0 0 112 0 0 1902
Jun 6th 20:31:18.564 UTC 2 15 1 823 815 110562 3574.864 0 192.5344 20.05758 0 0 50 0 0 3280
Jun 6th 20:31:04.439 UTC 3 15 1 770 764 102362 3411.16 0 190.6427 14.32315 0 0 112 0 0 1894
Jun 6th 20:30:16.170 UTC 2 14 1 819 812 110039 3565.144 0 192.6357 20.0883 0 0 48 0 0 3273
Jun 6th 20:30:04.440 UTC 3 15 1 767 762 102058 3405.337 0 190.6369 14.3155 0 0 112 0 0 1887
Jun 6th 20:29:16.168 UTC 2 13 1 819 810 110039 3556.994 0 192.6357 20.12861 0 0 48 0 0 3263
Jun 6th 20:29:04.439 UTC 3 13 1 766 760 101881 3401.565 0 190.6179 14.35674 0 0 112 0 0 1882
Jun 6th 20:28:16.180 UTC 2 14 0 817 807 109870 3551.694 0 192.6622 20.12474 0 0 48 0 0 3256
Jun 6th 20:28:03.725 UTC 3 10 1 762 759 101203 3395.869 0 190.5486 14.38907 0 0 111 0 0 1871
Jun 6th 20:27:16.177 UTC 2 15 1 811 805 109233 3541.645 0 192.9089 20.06428 0 0 48 0 0 3248
Jun 6th 20:27:02.674 UTC 3 12 1 760 755 101083 3378.917 0 190.8371 14.41981 0 0 110 0 0 1867
Jun 6th 20:26:16.177 UTC 2 13 1 807 804 108827 3539.765 0 192.8638 20.09736 0 0 48 0 0 3236
Jun 6th 20:26:02.663 UTC 3 10 1 760 754 101083 3370.506 0 190.8371 14.44733 0 0 110 0 0 1863
Jun 6th 20:25:16.160 UTC 2 15 1 806 799 108718 3518.232 0 192.9989 20.09146 0 0 48 0 0 3226
Jun 6th 20:25:01.571 UTC 3 12 0 759 750 100974 3352.613 0 190.9767 14.47188 0 0 109 0 0 1858
Jun 6th 20:24:16.178 UTC 2 13 1 804 798 108461 3512.552 0 193.1868 20.12003 0 0 48 0 0 3212
Jun 6th 20:24:01.582 UTC 3 14 1 757 746 100680 3336.09 0 190.8931 14.48897 0 0 109 0 0 1856
Jun 6th 20:23:16.168 UTC 2 13 0 802 794 108104 3498.89 0 193.0467 20.17909 0 0 48 0 0 3204
Jun 6th 20:23:01.574 UTC 3 14 1 754 744 100246 3324.282 0 191.1243 14.45075 0 0 109 0 0 1850
Jun 6th 20:22:14.912 UTC 2 14 1 801 790 108044 3481.588 0 193.0511 20.19823 0 0 47 0 0 3193
Jun 6th 20:22:01.572 UTC 3 15 1 752 742 99928 3320.223 0 191.1378 14.43519 0 0 109 0 0 1845
Jun 6th 20:21:14.902 UTC 2 15 1 797 788 107547 3468.757 0 193.4014 20.11166 0 0 47 0 0 3184
Jun 6th 20:21:01.561 UTC 3 15 1 749 741 99387 3313.407 0 191.318 14.39048 0 0 109 0 0 1839
Jun 6th 20:20:13.815 UTC 2 14 1 793 788 107004 3468.757 0 193.1774 20.12715 0 0 46 0 0 3176
Jun 6th 20:20:01.571 UTC 3 15 1 745 737 98815 3293.804 0 190.9958 14.4005 0 0 109 0 0 1833
Jun 6th 20:19:13.809 UTC 2 15 1 792 783 106850 3439.909 0 193.1653 20.12675 0 0 46 0 0 3169
Jun 6th 20:19:00.521 UTC 3 15 1 742 735 98352 3288.621 0 190.7655 14.38602 0 0 108 0 0 1826
Jun 6th 20:18:13.819 UTC 2 15 1 790 781 106681 3433.202 0 193.028 20.10012 0 0 46 0 0 3158
Jun 6th 20:18:00.523 UTC 3 15 1 741 734 98126 3284.849 0 190.8971 14.36747 0 0 108 0 0 1821
Jun 6th 20:17:13.808 UTC 2 14 1 788 781 106424 3433.202 0 192.8153 20.11319 0 0 46 0 0 3151
Jun 6th 20:16:59.388 UTC 3 14 1 739 733 97945 3282.938 0 191.0842 14.34708 0 0 107 0 0 1812
Jun 6th 20:16:13.809 UTC 2 15 1 787 778 106270 3419.863 0 192.9084 20.09406 0 0 46 0 0 3141
Jun 6th 20:15:59.398 UTC 3 14 1 735 730 97319 3259.381 0 191.0298 14.37342 0 0 107 0 0 1809
Jun 6th 20:15:13.800 UTC 2 15 1 783 775 105776 3407.299 0 192.7106 20.09553 0 0 46 0 0 3131
Jun 6th 20:14:59.396 UTC 3 14 1 734 727 97142 3249.686 0 191.0821 14.39184 0 0 107 0 0 1804
Jun 6th 20:14:13.818 UTC 2 15 1 780 774 105385 3404.781 0 192.7697 20.03772 0 0 46 0 0 3122
Jun 6th 20:13:59.397 UTC 3 15 1 733 722 97021 3234.107 0 190.921 14.34401 0 0 107 0 0 1796
Jun 6th 20:13:13.810 UTC 2 14 1 778 773 105028 3403.039 0 192.8718 20.06144 0 0 46 0 0 3114
Jun 6th 20:12:59.388 UTC 3 14 1 730 722 96792 3234.107 0 191.2413 14.35923 0 0 107 0 0 1790
Jun 6th 20:12:13.809 UTC 2 14 1 775 771 104682 3396.883 0 192.9146 20.05206 0 0 46 0 0 3107
Jun 6th 20:11:57.581 UTC 3 13 1 726 719 96220 3221.914 0 191.3618 14.40673 0 0 105 0 0 1782
Jun 6th 20:11:13.810 UTC 2 13 1 774 766 104573 3382.504 0 193.0043 20.13938 0 0 46 0 0 3095
Jun 6th 20:10:57.592 UTC 3 15 1 724 715 95889 3202.988 0 191.5382 14.3466 0 0 105 0 0 1780
Jun 6th 20:10:13.821 UTC 2 15 1 769 761 103967 3361.337 0 193.3878 20.11267 0 0 46 0 0 3082
Jun 6th 20:09:57.581 UTC 3 14 1 722 715 95542 3202.988 0 191.2126 14.35347 0 0 105 0 0 1775
Jun 6th 20:09:13.809 UTC 2 14 1 766 759 103570 3349.632 0 193.7303 20.16598 0 0 46 0 0 3076
Jun 6th 20:08:56.490 UTC 3 14 1 720 711 95298 3188.627 0 191.4234 14.34267 0 0 104 0 0 1767
Jun 6th 20:08:13.808 UTC 2 15 1 764 754 103410 3326.296 0 193.6376 20.18657 0 0 46 0 0 3070
Jun 6th 20:07:55.592 UTC 3 14 1 719 709 95218 3182.137 0 191.3215 14.35755 0 0 103 0 0 1758
Jun 6th 20:07:13.819 UTC 2 15 1 763 752 103233 3317.332 0 193.8008 20.17735 0 0 46 0 0 3060
Jun 6th 20:06:55.586 UTC 3 15 1 713 706 94558 3166.711 0 191.5647 14.3187 0 0 103 0 0 1754
Jun 6th 20:06:13.810 UTC 2 15 1 761 749 102996 3304.743 0 193.7268 20.19228 0 0 46 0 0 3050
Jun 6th 20:05:55.586 UTC 3 15 1 712 704 94381 3155.826 0 191.634 14.32134 0 0 103 0 0 1749
Jun 6th 20:05:13.810 UTC 2 15 1 757 748 102365 3298.482 0 193.5362 20.04874 0 0 46 0 0 3039
Jun 6th 20:04:55.594 UTC 3 14 0 710 704 93956 3155.826 0 191.4634 14.33104 0 0 103 0 0 1746
Jun 6th 20:04:13.810 UTC 2 15 1 753 748 101894 3298.482 0 193.6043 20.04874 0 0 46 0 0 3028
Jun 6th 20:03:55.594 UTC 3 13 1 707 701 93727 3141.383 0 191.2873 14.34759 0 0 103 0 0 1741
Jun 6th 20:03:13.820 UTC 2 15 1 750 745 101487 3282.182 0 193.3994 20.07111 0 0 46 0 0 3017
Jun 6th 20:02:54.667 UTC 3 14 1 707 697 93727 3119.438 0 191.2873 14.38824 0 0 102 0 0 1737
Jun 6th 20:02:13.809 UTC 2 15 1 748 743 101244 3269.401 0 193.4684 20.05099 0 0 46 0 0 3008
Jun 6th 20:01:54.657 UTC 3 15 1 704 696 93339 3115.784 0 191.2013 14.38824 0 0 102 0 0 1731
Jun 6th 20:01:13.808 UTC 2 13 0 747 741 101164 3263.01 0 193.3483 20.13497 0 0 46 0 0 3000
Jun 6th 20:00:54.673 UTC 3 15 1 701 695 92834 3112.963 0 191.3023 14.36032 0 0 102 0 0 1722
Jun 6th 20:00:12.015 UTC 2 15 0 747 737 101164 3242.271 0 193.3483 20.16803 0 0 45 0 0 2994
Jun 6th 19:59:54.666 UTC 3 15 1 700 692 92774 3099.206 0 191.3577 14.34118 0 0 102 0 0 1714
Jun 6th 19:59:12.015 UTC 2 15 0 745 735 100975 3232.094 0 193.4786 20.15586 0 0 45 0 0 2987
Jun 6th 19:58:54.666 UTC 3 13 1 697 689 92107 3087.731 0 191.3631 14.3448 0 0 102 0 0 1705
Jun 6th 19:58:12.033 UTC 2 15 1 742 733 100561 3221.605 0 193.5181 20.13302 0 0 45 0 0 2982
Jun 6th 19:57:54.654 UTC 3 14 0 695 687 91814 3075.506 0 191.3223 14.3564 0 0 102 0 0 1697
Jun 6th 19:57:12.023 UTC 2 15 1 740 730 100372 3200.901 0 193.2111 20.13205 0 0 45 0 0 2970
Jun 6th 19:56:54.666 UTC 3 14 0 693 685 91457 3066.271 0 191.4886 14.37968 0 0 102 0 0 1695
Jun 6th 19:56:12.034 UTC 2 14 1 737 729 99938 3193.696 0 192.8431 20.14936 0 0 45 0 0 2958
Jun 6th 19:55:54.664 UTC 3 15 1 691 682 91129 3054.974 0 191.3726 14.36701 0 0 102 0 0 1690
Jun 6th 19:55:10.870 UTC 2 15 1 734 728 99639 3187.307 0 192.6724 20.14936 0 0 44 0 0 2952
Jun 6th 19:54:54.666 UTC 3 15 0 688 679 90806 3040.943 0 191.1664 14.36847 0 0 102 0 0 1681
Jun 6th 19:54:10.869 UTC 2 14 1 734 727 99639 3181.406 0 192.6724 20.16136 0 0 44 0 0 2945
Jun 6th 19:53:52.368 UTC 3 15 1 686 678 90592 3037.417 0 191.211 14.37859 0 0 99 0 0 1675
Jun 6th 19:53:10.860 UTC 2 15 1 732 725 99450 3169.877 0 192.4488 20.12144 0 0 44 0 0 2934
Jun 6th 19:52:52.359 UTC 3 15 1 683 675 90343 3020.325 0 190.9856 14.332 0 0 99 0 0 1671
Jun 6th 19:52:10.880 UTC 2 15 1 731 723 99316 3159.468 0 192.3137 20.09275 0 0 44 0 0 2920
Jun 6th 19:51:52.378 UTC 3 15 1 680 674 90094 3015.219 0 190.9052 14.27001 0 0 99 0 0 1668
Jun 6th 19:51:10.871 UTC 2 15 1 728 720 98886 3147.756 0 191.621 20.08339 0 0 44 0 0 2908
Jun 6th 19:50:52.378 UTC 3 14 1 679 673 89917 3010.899 0 190.9488 14.2764 0 0 99 0 0 1665
Jun 6th 19:50:10.870 UTC 2 15 1 726 719 98649 3142.108 0 191.5336 20.04848 0 0 44 0 0 2904
Jun 6th 19:49:52.369 UTC 3 14 1 677 670 89611 2994.864 0 190.8258 14.28743 0 0 99 0 0 1655
Jun 6th 19:49:10.882 UTC 2 15 1 722 717 98245 3129.446 0 191.5764 20.01112 0 0 44 0 0 2895
Jun 6th 19:48:51.306 UTC 3 15 1 676 667 89490 2976.448 0 190.7576 14.28376 0 0 98 0 0 1649
Jun 6th 19:48:10.870 UTC 2 15 1 721 715 98165 3119.802 0 191.4117 20.03111 0 0 44 0 0 2885
Jun 6th 19:47:51.318 UTC 3 15 1 674 664 89272 2961.966 0 190.5708 14.22599 0 0 98 0 0 1644
Jun 6th 19:47:10.871 UTC 2 15 1 721 713 98165 3110.42 0 191.4117 20.01002 0 0 44 0 0 2877
Jun 6th 19:46:51.309 UTC 3 15 1 670 663 88681 2956.312 0 190.7478 14.20272 0 0 98 0 0 1637
Jun 6th 19:46:10.871 UTC 2 15 0 719 710 97951 3096.829 0 191.2765 20.05255 0 0 44 0 0 2869
Jun 6th 19:45:51.297 UTC 3 15 1 670 661 88681 2945.162 0 190.7478 14.14997 0 0 98 0 0 1628
Jun 6th 19:45:10.862 UTC 2 15 1 718 708 97871 3090.182 0 191.2747 19.97326 0 0 44 0 0 2858
Jun 6th 19:44:51.308 UTC 3 13 1 667 660 88176 2938.844 0 190.42 14.14759 0 0 98 0 0 1624
Jun 6th 19:44:10.873 UTC 2 15 1 713 707 97299 3085.909 0 191.1402 19.9653 0 0 44 0 0 2848
Jun 6th 19:43:50.205 UTC 3 14 1 664 657 87671 2929.225 0 190.3566 14.16884 0 0 97 0 0 1620
Jun 6th 19:43:10.861 UTC 2 15 1 711 706 97065 3080.963 0 191.2174 19.92682 0 0 44 0 0 2839
Jun 6th 19:42:49.052 UTC 3 12 0 661 657 87377 2929.225 0 190.2423 14.18799 0 0 96 0 0 1614
Jun 6th 19:42:10.881 UTC 2 14 1 709 702 96812 3064.861 0 191.2244 20.00382 0 0 44 0 0 2828
Jun 6th 19:41:48.071 UTC 3 15 1 661 652 87377 2906.565 0 190.2423 14.14126 0 0 95 0 0 1610
Jun 6th 19:41:10.871 UTC 2 15 1 708 700 96732 3057.467 0 191.1316 19.96229 0 0 44 0 0 2821
Jun 6th 19:40:48.081 UTC 3 13 1 659 652 87237 2906.565 0 190.2426 14.16037 0 0 95 0 0 1603
Jun 6th 19:40:10.880 UTC 2 15 1 706 697 96236 3048.381 0 191.264 19.97738 0 0 44 0 0 2810
Jun 6th 19:39:48.082 UTC 3 14 0 655 649 86766 2890.839 0 190.0496 14.19166 0 0 95 0 0 1599
Jun 6th 19:39:09.626 UTC 2 15 1 700 694 95182 3029.506 0 191.5314 20.00959 0 0 43 0 0 2798
Jun 6th 19:38:48.073 UTC 3 15 1 653 646 86412 2877.529 0 190.1096 14.13468 0 0 95 0 0 1595
Jun 6th 19:38:09.615 UTC 2 13 1 698 694 94779 3029.506 0 191.7062 20.03871 0 0 43 0 0 2790
Jun 6th 19:37:48.082 UTC 3 15 1 652 644 86352 2865.47 0 190.2274 14.11194 0 0 95 0 0 1588
Jun 6th 19:37:07.267 UTC 2 14 1 698 689 94779 3006.916 0 191.7062 20.11738 0 0 41 0 0 2780
Jun 6th 19:36:48.083 UTC 3 12 1 651 644 86243 2865.47 0 190.0411 14.14905 0 0 95 0 0 1583
Jun 6th 19:36:07.268 UTC 2 15 1 696 684 94610 2989.541 0 191.7255 20.1741 0 0 41 0 0 2771
Jun 6th 19:35:47.022 UTC 3 14 1 648 639 85826 2842.756 0 190.0766 14.1878 0 0 94 0 0 1578
Jun 6th 19:35:07.278 UTC 2 15 1 695 682 94433 2987.007 0 191.5915 20.06927 0 0 41 0 0 2762
Jun 6th 19:34:47.013 UTC 3 15 1 645 638 85364 2839.287 0 190.0437 14.1878 0 0 94 0 0 1572
Jun 6th 19:34:07.278 UTC 2 15 0 688 682 93164 2987.007 0 192.0712 20.06927 0 0 41 0 0 2750
Jun 6th 19:33:47.022 UTC 3 14 0 644 635 85304 2815.654 0 190.0562 14.20852 0 0 94 0 0 1565
Jun 6th 19:33:07.267 UTC 2 14 0 684 679 92806 2972.857 0 192.0884 20.13489 0 0 41 0 0 2745
Jun 6th 19:32:46.274 UTC 3 15 1 639 634 84675 2809.131 0 189.8631 14.20852 0 0 93 0 0 1556
Jun 6th 19:32:05.956 UTC 2 14 1 682 676 92549 2959.933 0 191.8368 20.18601 0 0 40 0 0 2739
Jun 6th 19:31:46.261 UTC 3 14 0 639 633 84675 2801.59 0 189.8631 14.1786 0 0 93 0 0 1548
Jun 6th 19:31:05.964 UTC 2 15 1 681 674 92395 2944.644 0 191.9112 20.1374 0 0 40 0 0 2730
Jun 6th 19:30:45.114 UTC 3 11 1 639 632 84675 2793.175 0 189.8631 14.23063 0 0 92 0 0 1544
Jun 6th 19:30:05.954 UTC 2 14 1 680 672 92218 2932.528 0 191.9806 20.1626 0 0 40 0 0 2718
Jun 6th 19:29:45.124 UTC 3 14 1 637 626 84431 2766.555 0 189.5409 14.10948 0 0 92 0 0 1539
Jun 6th 19:29:05.957 UTC 2 15 0 677 668 91850 2911.801 0 191.7666 20.1792 0 0 40 0 0 2713
Jun 6th 19:28:45.118 UTC 3 15 1 637 625 84431 2762.1 0 189.5409 14.10948 0 0 92 0 0 1531
Jun 6th 19:28:05.961 UTC 2 14 1 677 666 91850 2900.31 0 191.7666 20.11659 0 0 40 0 0 2703
Jun 6th 19:27:45.116 UTC 3 14 0 634 625 84134 2762.1 0 189.7414 14.12101 0 0 92 0 0 1525
Jun 6th 19:27:05.963 UTC 2 15 1 674 664 91556 2888.449 0 191.6391 20.10245 0 0 40 0 0 2690
Jun 6th 19:26:45.112 UTC 3 12 0 630 625 83639 2762.1 0 189.3992 14.15357 0 0 92 0 0 1523
Jun 6th 19:26:05.962 UTC 2 15 0 673 663 91379 2883.844 0 191.5842 20.07942 0 0 40 0 0 2679
Jun 6th 19:25:42.990 UTC 3 15 1 628 621 83376 2743.576 0 189.316 14.1412 0 0 90 0 0 1519
Jun 6th 19:25:04.536 UTC 2 15 1 668 661 90494 2876.779 0 191.0372 19.98871 0 0 39 0 0 2669
Jun 6th 19:24:41.990 UTC 3 14 0 625 620 82904 2742.203 0 189.0639 14.18405 0 0 89 0 0 1515
Jun 6th 19:24:04.525 UTC 2 15 1 667 661 90414 2876.779 0 190.8779 19.98871 0 0 39 0 0 2656
Jun 6th 19:23:41.990 UTC 3 14 0 624 617 82844 2727.662 0 189.2219 14.22763 0 0 89 0 0 1511
Jun 6th 19:23:04.535 UTC 2 15 1 663 660 89816 2870.432 0 190.7485 19.94466 0 0 39 0 0 2645
Jun 6th 19:22:41.979 UTC 3 15 1 623 614 82690 2721.583 0 189.239 14.20286 0 0 89 0 0 1509
Jun 6th 19:22:04.535 UTC 2 14 1 662 656 89756 2851.058 0 190.6692 19.97929 0 0 39 0 0 2635
Jun 6th 19:21:40.990 UTC 3 14 1 620 612 82326 2709.753 0 189.3787 14.24362 0 0 88 0 0 1502
Jun 6th 19:21:04.525 UTC 2 15 1 661 654 89635 2839.407 0 190.6101 19.96773 0 0 39 0 0 2627
Jun 6th 19:20:40.152 UTC 3 13 1 616 611 81732 2705.228 0 189.5753 14.26944 0 0 87 0 0 1496
Jun 6th 19:20:04.534 UTC 2 14 1 661 652 89635 2828.092 0 190.6101 19.98689 0 0 39 0 0 2617
Jun 6th 19:19:40.134 UTC 3 13 1 616 608 81732 2693.159 0 189.5753 14.31649 0 0 87 0 0 1492
Jun 6th 19:19:04.533 UTC 2 15 1 658 647 89165 2805.428 0 190.4003 20.0337 0 0 39 0 0 2606
Jun 6th 19:18:39.377 UTC 3 14 1 616 604 81732 2670.656 0 189.5753 14.35743 0 0 86 0 0 1485
Jun 6th 19:18:04.531 UTC 2 14 1 656 646 88908 2799.943 0 190.5802 19.971 0 0 39 0 0 2597
Jun 6th 19:17:39.367 UTC 3 15 1 612 602 81306 2661.417 0 189.3187 14.22768 0 0 86 0 0 1480
Jun 6th 19:17:04.541 UTC 2 15 0 653 644 88403 2792.99 0 190.3465 19.96229 0 0 39 0 0 2589
Jun 6th 19:16:39.378 UTC 3 15 1 610 602 81043 2661.417 0 189.1943 14.22768 0 0 86 0 0 1473
Jun 6th 19:16:04.543 UTC 2 15 1 650 643 87911 2786.425 0 190.352 19.85325 0 0 39 0 0 2579
Jun 6th 19:15:39.377 UTC 3 15 1 608 600 80854 2656.49 0 189.2958 14.17177 0 0 86 0 0 1468
Jun 6th 19:15:04.533 UTC 2 15 1 648 641 87771 2781.016 0 190.4114 19.86284 0 0 39 0 0 2572
Jun 6th 19:14:39.378 UTC 3 14 0 605 600 80181 2656.49 0 189.262 14.18115 0 0 86 0 0 1460
Jun 6th 19:14:04.533 UTC 2 14 1 644 640 87079 2773.916 0 190.01 19.86638 0 0 39 0 0 2561
Jun 6th 19:13:39.388 UTC 3 14 1 601 596 79526 2639.915 0 189.1964 14.2321 0 0 86 0 0 1455
Jun 6th 19:13:04.534 UTC 2 14 1 643 636 86999 2760.561 0 190.2076 19.95014 0 0 39 0 0 2553
Jun 6th 19:12:39.367 UTC 3 15 0 601 592 79526 2624.355 0 189.1964 14.24106 0 0 86 0 0 1449
Jun 6th 19:12:03.431 UTC 2 15 1 640 631 86626 2735.572 0 190.0829 19.98261 0 0 38 0 0 2545
Jun 6th 19:11:39.377 UTC 3 14 1 600 589 79466 2617.584 0 189.3642 14.26909 0 0 86 0 0 1443
Jun 6th 19:11:03.442 UTC 2 15 1 638 630 86382 2731.723 0 190.1744 19.97056 0 0 38 0 0 2535
Jun 6th 19:10:38.285 UTC 3 15 1 594 587 78423 2613.151 0 190.119 14.2456 0 0 85 0 0 1439
Jun 6th 19:10:03.443 UTC 2 15 1 637 628 86248 2720.998 0 190.3682 19.96509 0 0 38 0 0 2526
Jun 6th 19:09:38.295 UTC 3 14 1 593 585 78343 2607.363 0 190.0117 14.24471 0 0 85 0 0 1432
Jun 6th 19:09:03.443 UTC 2 14 1 635 624 86108 2704.321 0 190.173 19.96399 0 0 38 0 0 2516
Jun 6th 19:08:36.336 UTC 3 14 1 588 581 77942 2589.763 0 190.3927 14.28517 0 0 83 0 0 1425
Jun 6th 19:08:03.432 UTC 2 15 1 630 623 85498 2701.81 0 189.874 19.96399 0 0 38 0 0 2510
Jun 6th 19:07:36.347 UTC 3 14 1 587 578 77833 2573.22 0 190.2865 14.24708 0 0 83 0 0 1418
Jun 6th 19:07:03.431 UTC 2 15 1 629 622 85389 2696.426 0 189.9713 19.79481 0 0 38 0 0 2502
Jun 6th 19:06:36.346 UTC 3 14 1 585 576 77533 2567.285 0 190.5316 14.24977 0 0 83 0 0 1412
Jun 6th 19:06:03.444 UTC 2 15 1 624 622 84664 2696.426 0 190.0539 19.79481 0 0 38 0 0 2492
Jun 6th 19:05:36.338 UTC 3 15 1 584 573 77424 2552.67 0 190.5806 14.21499 0 0 83 0 0 1405
Jun 6th 19:05:03.443 UTC 2 13 0 623 619 84555 2686.512 0 190.0564 19.89361 0 0 38 0 0 2482
Jun 6th 19:04:36.357 UTC 3 15 0 581 572 77078 2547.854 0 190.7305 14.15662 0 0 83 0 0 1399
Jun 6th 19:04:03.442 UTC 2 15 1 623 614 84555 2666.226 0 190.0564 19.89766 0 0 38 0 0 2474
Jun 6th 19:03:35.296 UTC 3 15 1 578 569 76829 2540.744 0 190.6341 14.17735 0 0 82 0 0 1396
Jun 6th 19:03:03.429 UTC 2 14 1 619 611 83983 2649.705 0 190.4096 19.97247 0 0 38 0 0 2462
Jun 6th 19:02:34.543 UTC 3 14 1 573 568 76178 2536.752 0 190.4969 14.20184 0 0 81 0 0 1390
Jun 6th 19:02:03.432 UTC 2 15 1 618 605 83806 2624.24 0 190.4782 19.97135 0 0 38 0 0 2454
Jun 6th 19:01:33.239 UTC 3 13 1 571 566 75910 2529.76 0 190.6373 14.24999 0 0 80 0 0 1384
Jun 6th 19:01:03.443 UTC 2 15 1 616 605 83473 2624.24 0 190.4933 19.97135 0 0 38 0 0 2442
Jun 6th 19:00:32.117 UTC 3 14 1 568 563 75690 2523.046 0 190.7506 14.27231 0 0 79 0 0 1381
Jun 6th 19:00:03.443 UTC 2 15 1 610 603 82552 2613.936 0 190.4172 19.91074 0 0 38 0 0 2432
Jun 6th 18:59:32.123 UTC 3 15 1 567 558 75536 2506.408 0 190.7978 14.24795 0 0 79 0 0 1376
Jun 6th 18:59:03.432 UTC 2 15 1 608 602 82295 2607.413 0 190.2293 19.82033 0 0 38 0 0 2425
Jun 6th 18:58:32.114 UTC 3 14 0 564 558 75102 2506.408 0 191.3206 14.26542 0 0 79 0 0 1368
Jun 6th 18:58:03.431 UTC 2 15 1 606 600 81809 2600.632 0 190.0342 19.85645 0 0 38 0 0 2415
Jun 6th 18:57:32.113 UTC 3 11 1 560 556 74560 2499.327 0 191.7381 14.35339 0 0 79 0 0 1363
Jun 6th 18:57:03.442 UTC 2 15 1 604 598 81478 2589.08 0 189.9408 19.85045 0 0 38 0 0 2408
Jun 6th 18:56:30.958 UTC 3 9 1 559 553 74480 2489.642 0 191.7215 14.44026 0 0 78 0 0 1353
Jun 6th 18:56:03.433 UTC 2 15 1 602 595 81284 2574.764 0 190.0214 19.86086 0 0 38 0 0 2401
Jun 6th 18:55:27.490 UTC 3 13 0 557 548 74194 2472.729 0 191.7728 14.45043 0 0 75 0 0 1347
Jun 6th 18:55:03.434 UTC 2 15 1 602 592 81284 2560.015 0 190.0214 19.85155 0 0 38 0 0 2388
Jun 6th 18:54:27.488 UTC 3 15 1 555 545 73957 2453.719 0 192.013 14.40905 0 0 75 0 0 1345
Jun 6th 18:54:03.444 UTC 2 14 1 600 590 81095 2548.189 0 189.8486 19.89531 0 0 38 0 0 2380
Jun 6th 18:53:27.497 UTC 3 14 1 550 543 73445 2444.066 0 192.5781 14.39473 0 0 75 0 0 1336
Jun 6th 18:53:02.253 UTC 2 15 1 597 588 80625 2538.092 0 189.7534 19.91226 0 0 37 0 0 2373
Jun 6th 18:52:27.488 UTC 3 14 1 549 541 73336 2440.984 0 192.5913 14.40049 0 0 75 0 0 1330
Jun 6th 18:52:02.268 UTC 2 15 0 593 587 80070 2537.058 0 189.7862 19.886 0 0 37 0 0 2364
Jun 6th 18:51:27.487 UTC 3 13 1 544 538 72510 2424.616 0 193.183 14.46287 0 0 75 0 0 1322
Jun 6th 18:51:02.257 UTC 2 15 0 590 585 79722 2530.985 0 189.9526 19.87661 0 0 37 0 0 2356
Jun 6th 18:50:27.500 UTC 3 14 1 543 533 72430 2406.181 0 193.0624 14.48595 0 0 75 0 0 1317
Jun 6th 18:50:02.267 UTC 2 15 0 588 581 79533 2516.22 0 190.059 19.94145 0 0 37 0 0 2347
Jun 6th 18:49:26.551 UTC 3 15 1 543 531 72430 2397.696 0 193.0624 14.49473 0 0 74 0 0 1308
Jun 6th 18:49:00.871 UTC 2 15 1 586 578 79393 2504.623 0 190.1122 19.98989 0 0 36 0 0 2341
Jun 6th 18:48:26.544 UTC 3 15 1 537 529 71887 2387.162 0 193.0271 14.4883 0 0 74 0 0 1303
Jun 6th 18:48:00.870 UTC 2 15 1 583 573 79103 2478.616 0 190.3947 20.01943 0 0 36 0 0 2329
Jun 6th 18:47:26.543 UTC 3 15 1 535 527 71413 2373.887 0 193.0631 14.44124 0 0 74 0 0 1297
Jun 6th 18:47:00.868 UTC 2 15 1 582 572 78994 2474.059 0 190.1493 19.9893 0 0 36 0 0 2319
Jun 6th 18:46:26.552 UTC 3 15 1 532 524 71040 2365.351 0 193.3056 14.396 0 0 74 0 0 1291
Jun 6th 18:46:00.881 UTC 2 15 1 579 570 78696 2463.264 0 189.957 19.95266 0 0 36 0 0 2311
Jun 6th 18:45:25.755 UTC 3 14 1 531 524 70931 2365.351 0 193.0522 14.40554 0 0 73 0 0 1285
Jun 6th 18:45:00.870 UTC 2 14 1 577 568 78432 2455.854 0 190.0099 19.90922 0 0 36 0 0 2304
Jun 6th 18:44:25.752 UTC 3 11 1 529 523 70638 2361.86 0 193.4763 14.4576 0 0 73 0 0 1277
Jun 6th 18:44:00.859 UTC 2 14 1 573 567 77795 2452.283 0 189.6674 19.92677 0 0 36 0 0 2294
Jun 6th 18:43:23.950 UTC 3 11 1 528 521 70578 2351.964 0 193.402 14.47994 0 0 71 0 0 1272
Jun 6th 18:42:59.829 UTC 2 15 1 570 565 77384 2441.382 0 189.6681 19.84782 0 0 35 0 0 2286
Jun 6th 18:42:22.326 UTC 3 15 1 524 515 69942 2325.8 0 193.0448 14.51463 0 0 69 0 0 1266
Jun 6th 18:41:59.818 UTC 2 15 1 568 563 77030 2436.295 0 189.6477 19.88637 0 0 35 0 0 2276
Jun 6th 18:41:22.315 UTC 3 15 0 521 515 69574 2325.8 0 193.2224 14.51463 0 0 69 0 0 1262
Jun 6th 18:40:59.818 UTC 2 15 1 567 560 76970 2422.29 0 189.5886 19.87333 0 0 35 0 0 2266
Jun 6th 18:40:22.306 UTC 3 15 1 519 511 68994 2305.422 0 193.459 14.51408 0 0 69 0 0 1255
Jun 6th 18:39:59.830 UTC 2 14 0 565 558 76801 2412.72 0 189.676 19.94055 0 0 35 0 0 2259
Jun 6th 18:39:22.316 UTC 3 12 1 518 511 68934 2305.422 0 193.3604 14.56247 0 0 69 0 0 1246
Jun 6th 18:38:59.830 UTC 2 15 1 563 554 76515 2402.543 0 189.9933 19.96634 0 0 35 0 0 2252
Jun 6th 18:38:22.326 UTC 3 12 0 517 509 68825 2292.396 0 193.2308 14.60276 0 0 69 0 0 1242
Jun 6th 18:37:58.648 UTC 2 14 1 561 551 76180 2393.244 0 190.0634 20.0285 0 0 34 0 0 2238
Jun 6th 18:37:22.315 UTC 3 15 1 514 505 68417 2273.725 0 193.0023 14.46689 0 0 69 0 0 1241
Jun 6th 18:36:58.650 UTC 2 15 1 555 547 75180 2373.871 0 190.5415 19.96261 0 0 34 0 0 2226
Jun 6th 18:36:22.315 UTC 3 15 1 512 505 68248 2273.725 0 192.6902 14.46689 0 0 69 0 0 1236
Jun 6th 18:35:58.661 UTC 2 14 1 553 546 75011 2369.796 0 190.5655 19.99566 0 0 34 0 0 2217
Jun 6th 18:35:22.316 UTC 3 15 1 510 502 67917 2258.819 0 192.6637 14.4237 0 0 69 0 0 1230
Jun 6th 18:34:58.649 UTC 2 14 0 551 543 74723 2356.895 0 190.4883 20.03316 0 0 34 0 0 2208
Jun 6th 18:34:22.326 UTC 3 13 0 508 502 67631 2258.819 0 192.5568 14.45552 0 0 69 0 0 1223
Jun 6th 18:33:58.649 UTC 2 15 1 549 539 74554 2342.215 0 190.6282 20.02759 0 0 34 0 0 2197
Jun 6th 18:33:22.326 UTC 3 15 1 505 498 67411 2247.423 0 192.2422 14.46808 0 0 69 0 0 1221
Jun 6th 18:32:58.660 UTC 2 15 1 545 537 74029 2332.355 0 190.4989 19.98164 0 0 34 0 0 2185
Jun 6th 18:32:22.326 UTC 3 15 1 504 497 67227 2241.038 0 192.2697 14.36412 0 0 69 0 0 1217
Jun 6th 18:31:56.288 UTC 2 14 1 543 536 73889 2328.302 0 190.92 20.02622 0 0 32 0 0 2176
Jun 6th 18:31:22.316 UTC 3 15 0 500 495 66727 2236.554 0 192.618 14.39456 0 0 69 0 0 1211
Jun 6th 18:30:56.298 UTC 2 15 1 539 532 73457 2314.801 0 190.8521 20.03168 0 0 32 0 0 2166
Jun 6th 18:30:22.325 UTC 3 14 1 497 491 66359 2220.886 0 193.0065 14.46163 0 0 69 0 0 1207
Jun 6th 18:29:56.288 UTC 2 14 0 537 530 73223 2310.406 0 190.9504 20.09967 0 0 32 0 0 2157
Jun 6th 18:29:21.346 UTC 3 14 1 495 488 66071 2214.143 0 193.4343 14.46275 0 0 68 0 0 1199
Jun 6th 18:28:56.288 UTC 2 15 0 535 526 72980 2289.058 0 191.1709 20.17209 0 0 32 0 0 2153
Jun 6th 18:28:19.875 UTC 3 14 1 493 484 65951 2192.574 0 193.5337 14.51055 0 0 66 0 0 1186
Jun 6th 18:27:56.298 UTC 2 15 1 531 524 72270 2281.176 0 191.2021 20.16253 0 0 32 0 0 2148
Jun 6th 18:27:18.855 UTC 3 12 0 489 482 65528 2182.117 0 194.0292 14.60051 0 0 65 0 0 1178
Jun 6th 18:26:56.288 UTC 2 15 1 529 521 72056 2262.342 0 191.4711 20.15759 0 0 32 0 0 2138
Jun 6th 18:26:18.215 UTC 3 15 1 488 478 65448 2161.608 0 194.173 14.6136 0 0 64 0 0 1175
Jun 6th 18:25:56.287 UTC 2 15 1 528 517 71976 2240.747 0 191.2687 20.18727 0 0 32 0 0 2126
Jun 6th 18:25:18.214 UTC 3 14 1 486 476 65185 2148.428 0 194.0284 14.64085 0 0 64 0 0 1171
Jun 6th 18:24:56.278 UTC 2 15 0 527 516 71867 2237.138 0 191.2339 20.17683 0 0 32 0 0 2115
Jun 6th 18:24:18.205 UTC 3 14 0 484 475 64877 2139.672 0 194.1721 14.65135 0 0 64 0 0 1166
Jun 6th 18:23:56.288 UTC 2 15 1 525 515 71604 2235.125 0 190.9865 20.106 0 0 32 0 0 2108
Jun 6th 18:23:16.726 UTC 3 15 1 483 472 64700 2131.222 0 194.0097 14.5729 0 0 62 0 0 1158
Jun 6th 18:22:56.289 UTC 2 15 1 521 513 70991 2227.721 0 190.8396 20.0014 0 0 32 0 0 2101
Jun 6th 18:22:16.726 UTC 3 14 1 477 472 63956 2131.222 0 193.5519 14.58233 0 0 62 0 0 1150
Jun 6th 18:21:56.287 UTC 2 15 0 514 513 69839 2227.721 0 190.5462 20.0014 0 0 32 0 0 2091
Jun 6th 18:21:15.815 UTC 3 15 1 476 469 63847 2118.927 0 193.6958 14.59295 0 0 61 0 0 1146
Jun 6th 18:20:56.278 UTC 2 15 1 514 510 69839 2214.439 0 190.5462 19.99547 0 0 32 0 0 2081
Jun 6th 18:20:15.826 UTC 3 15 1 472 467 63233 2106.526 0 193.6879 14.56184 0 0 61 0 0 1141
Jun 6th 18:19:56.288 UTC 2 13 0 514 508 69839 2206.557 0 190.5462 20.09736 0 0 32 0 0 2073
Jun 6th 18:19:15.816 UTC 3 12 1 472 467 63233 2106.526 0 193.6879 14.62097 0 0 61 0 0 1133
Jun 6th 18:18:56.288 UTC 2 15 1 513 504 69730 2193.838 0 190.6461 20.07184 0 0 32 0 0 2064
Jun 6th 18:18:14.847 UTC 3 12 1 470 465 63044 2101.832 0 193.4256 14.6482 0 0 60 0 0 1129
Jun 6th 18:17:56.299 UTC 2 14 1 510 500 69316 2180.365 0 190.9221 20.13765 0 0 32 0 0 2052
Jun 6th 18:17:14.836 UTC 3 11 0 468 463 62758 2085.328 0 193.1939 14.71036 0 0 60 0 0 1125
Jun 6th 18:16:56.288 UTC 2 15 0 505 497 68616 2164.524 0 191.2442 20.1472 0 0 32 0 0 2041
Jun 6th 18:16:12.922 UTC 3 12 0 466 460 62515 2066.398 0 193.4301 14.75704 0 0 58 0 0 1120
Jun 6th 18:15:56.288 UTC 2 15 1 503 495 68359 2154.964 0 191.3362 20.11365 0 0 32 0 0 2030
Jun 6th 18:15:12.921 UTC 3 15 1 466 455 62515 2043.202 0 193.4301 14.70827 0 0 58 0 0 1117
Jun 6th 18:14:56.278 UTC 2 15 1 501 491 68051 2138.169 0 191.2373 20.14058 0 0 32 0 0 2019
Jun 6th 18:14:12.910 UTC 3 15 1 465 454 62183 2038.901 0 193.2113 14.64536 0 0 58 0 0 1109
Jun 6th 18:13:56.299 UTC 2 15 1 498 489 67637 2128.943 0 191.3295 20.07088 0 0 32 0 0 2014
Jun 6th 18:13:12.919 UTC 3 15 1 463 452 61994 2026.682 0 193.5268 14.61722 0 0 58 0 0 1104
Jun 6th 18:12:56.288 UTC 2 15 1 496 488 67287 2123.509 0 191.2349 20.01589 0 0 32 0 0 2003
Jun 6th 18:12:11.911 UTC 3 14 0 460 451 61554 2025.683 0 193.2406 14.64474 0 0 57 0 0 1098
Jun 6th 18:11:56.287 UTC 2 15 1 493 487 66866 2117.969 0 191.0253 19.99659 0 0 32 0 0 1992
Jun 6th 18:11:11.900 UTC 3 15 1 455 448 60677 2015.12 0 192.2256 14.52144 0 0 57 0 0 1094
Jun 6th 18:10:56.298 UTC 2 15 1 490 483 66592 2097.466 0 190.9182 20.03069 0 0 32 0 0 1983
Jun 6th 18:10:11.920 UTC 3 14 1 452 447 60172 2009.6 0 191.8499 14.40121 0 0 57 0 0 1088
Jun 6th 18:09:56.288 UTC 2 15 1 488 481 66310 2088.901 0 191.0437 19.99973 0 0 32 0 0 1972
Jun 6th 18:09:11.909 UTC 3 15 1 450 446 59841 2001.839 0 192.163 14.40121 0 0 57 0 0 1083
Jun 6th 18:08:56.288 UTC 2 14 0 487 480 66201 2083.623 0 190.8905 20.05354 0 0 32 0 0 1964
Jun 6th 18:08:10.951 UTC 3 13 1 450 444 59841 1993.909 0 192.163 14.4947 0 0 56 0 0 1077
Jun 6th 18:07:56.278 UTC 2 14 1 485 476 65983 2070.153 0 190.9326 20.08086 0 0 32 0 0 1957
Jun 6th 18:07:09.748 UTC 3 12 0 448 443 59555 1984.578 0 191.6829 14.51731 0 0 55 0 0 1067
Jun 6th 18:06:56.288 UTC 2 15 0 481 473 65314 2060.063 0 191.265 20.12341 0 0 32 0 0 1949
Jun 6th 18:06:09.734 UTC 3 13 0 446 440 59198 1965.885 0 191.7843 14.54142 0 0 55 0 0 1064
Jun 6th 18:05:56.288 UTC 2 14 1 479 471 64976 2049.858 0 191.3225 20.13017 0 0 32 0 0 1937
Jun 6th 18:05:09.738 UTC 3 14 1 446 436 59198 1946.157 0 191.7843 14.4712 0 0 55 0 0 1058
Jun 6th 18:04:56.287 UTC 2 15 1 475 468 64518 2039.656 0 191.2398 20.08648 0 0 32 0 0 1928
Jun 6th 18:04:08.877 UTC 3 14 0 444 435 58941 1939.568 0 191.4188 14.49675 0 0 54 0 0 1054
Jun 6th 18:03:56.288 UTC 2 15 1 473 467 64398 2038.073 0 191.2669 20.01663 0 0 32 0 0 1917
Jun 6th 18:03:08.878 UTC 3 15 1 444 433 58941 1932.445 0 191.4188 14.40357 0 0 54 0 0 1048
Jun 6th 18:02:56.277 UTC 2 14 1 470 463 64101 2017.334 0 191.5789 20.08256 0 0 32 0 0 1908
Jun 6th 18:02:08.868 UTC 3 15 1 440 431 58484 1915.436 0 191.4273 14.26999 0 0 54 0 0 1045
Jun 6th 18:01:56.299 UTC 2 14 0 468 462 63844 2011.335 0 191.3339 20.1086 0 0 32 0 0 1897
Jun 6th 18:01:08.868 UTC 3 15 1 436 431 57916 1915.436 0 191.1305 14.26999 0 0 54 0 0 1040
Jun 6th 18:00:56.278 UTC 2 15 1 467 457 63764 1991.39 0 191.2651 20.08229 0 0 32 0 0 1885
Jun 6th 18:00:08.878 UTC 3 15 1 433 429 57496 1902.436 0 190.3479 14.257 0 0 54 0 0 1036
Jun 6th 17:59:56.288 UTC 2 14 1 466 456 63704 1985.391 0 191.3358 20.02859 0 0 32 0 0 1877
Jun 6th 17:59:08.867 UTC 3 12 0 433 427 57496 1895.007 0 190.3479 14.35358 0 0 54 0 0 1029
Jun 6th 17:58:56.288 UTC 2 14 1 462 455 63278 1979.385 0 191.7115 20.05066 0 0 32 0 0 1867
Jun 6th 17:58:07.553 UTC 3 12 1 433 426 57496 1891.541 0 190.3479 14.38605 0 0 53 0 0 1028
Jun 6th 17:57:56.288 UTC 2 12 0 459 452 62699 1970.137 0 191.4703 20.16629 0 0 32 0 0 1853
Jun 6th 17:57:07.554 UTC 3 15 1 432 421 57387 1869.35 0 190.3644 14.25331 0 0 53 0 0 1023
Jun 6th 17:56:55.267 UTC 2 15 1 455 449 62316 1948.932 0 191.6486 20.16629 0 0 31 0 0 1843
Jun 6th 17:56:07.543 UTC 3 14 1 427 421 56953 1869.35 0 190.0966 14.22373 0 0 53 0 0 1018
Jun 6th 17:55:54.025 UTC 2 14 1 455 447 62316 1941.35 0 191.6486 20.24308 0 0 30 0 0 1832
Jun 6th 17:55:07.553 UTC 3 14 1 425 419 56833 1861.564 0 190.4119 14.24273 0 0 53 0 0 1015
Jun 6th 17:54:54.018 UTC 2 14 0 452 445 61896 1929.693 0 191.5778 20.31075 0 0 30 0 0 1822
Jun 6th 17:54:07.553 UTC 3 11 1 422 418 56465 1856.854 0 190.4186 14.30936 0 0 53 0 0 1010
Jun 6th 17:53:54.026 UTC 2 14 1 451 441 61719 1916.603 0 191.4245 20.31595 0 0 30 0 0 1812
Jun 6th 17:53:06.513 UTC 3 12 1 421 414 56311 1840.288 0 190.3528 14.36483 0 0 52 0 0 1005
Jun 6th 17:52:54.024 UTC 2 15 1 447 439 61003 1908.306 0 191.6464 20.20715 0 0 30 0 0 1801
Jun 6th 17:52:06.524 UTC 3 13 0 420 413 56134 1837.637 0 190.628 14.36483 0 0 52 0 0 1004
Jun 6th 17:51:54.023 UTC 2 13 1 444 439 60657 1908.306 0 191.3399 20.25808 0 0 30 0 0 1786
Jun 6th 17:51:06.515 UTC 3 13 1 417 411 55621 1831.886 0 190.2193 14.40381 0 0 52 0 0 1003
Jun 6th 17:50:54.035 UTC 2 15 1 442 435 60389 1898.711 0 191.3127 20.2027 0 0 30 0 0 1776
Jun 6th 17:50:06.512 UTC 3 11 1 415 410 55384 1828.006 0 190.3079 14.47722 0 0 52 0 0 998
Jun 6th 17:49:54.022 UTC 2 15 1 438 433 59584 1886.836 0 191.5217 20.18709 0 0 30 0 0 1763
Jun 6th 17:49:05.450 UTC 3 15 1 412 405 55036 1809.788 0 190.5885 14.43311 0 0 51 0 0 991
Jun 6th 17:48:54.020 UTC 2 14 1 436 430 59298 1876.079 0 191.4642 20.28594 0 0 30 0 0 1756
Jun 6th 17:48:05.451 UTC 3 15 1 410 403 54867 1796.49 0 190.7349 14.36802 0 0 51 0 0 986
Jun 6th 17:47:54.020 UTC 2 15 1 434 426 58941 1859.016 0 191.8467 20.27627 0 0 30 0 0 1745
Jun 6th 17:47:04.388 UTC 3 11 1 407 403 54450 1796.49 0 191.2172 14.44889 0 0 50 0 0 980
Jun 6th 17:46:54.032 UTC 2 15 1 433 424 58861 1854.699 0 191.7025 20.27396 0 0 30 0 0 1737
Jun 6th 17:46:04.399 UTC 3 13 1 407 398 54450 1774.054 0 191.2172 14.48801 0 0 50 0 0 975
Jun 6th 17:45:52.716 UTC 2 15 1 429 420 58130 1833.341 0 192.3651 20.37588 0 0 29 0 0 1726
Jun 6th 17:45:03.326 UTC 3 14 1 404 395 54013 1765.556 0 191.4837 14.51362 0 0 49 0 0 969
Jun 6th 17:44:52.716 UTC 2 14 1 426 419 57715 1829.285 0 192.0518 20.29124 0 0 29 0 0 1717
Jun 6th 17:44:02.368 UTC 3 14 0 400 392 53392 1756.429 0 191.7912 14.59217 0 0 48 0 0 963
Jun 6th 17:43:51.545 UTC 2 15 1 424 415 57575 1807.528 0 192.1716 20.36053 0 0 28 0 0 1707
Jun 6th 17:43:02.378 UTC 3 15 1 399 389 53283 1741.922 0 191.8373 14.52872 0 0 48 0 0 957
Jun 6th 17:42:51.533 UTC 2 15 1 423 414 57398 1801.254 0 191.964 20.27349 0 0 28 0 0 1700
Jun 6th 17:42:02.378 UTC 3 14 1 395 388 52621 1738.645 0 192.0759 14.4995 0 0 48 0 0 948
Jun 6th 17:41:51.535 UTC 2 15 1 420 412 56958 1791.655 0 191.6815 20.27149 0 0 28 0 0 1693
Jun 6th 17:41:02.368 UTC 3 15 1 392 385 51991 1725.296 0 191.286 14.4299 0 0 48 0 0 945
Jun 6th 17:40:51.524 UTC 2 15 1 418 410 56630 1784.016 0 191.6021 20.22247 0 0 28 0 0 1682
Jun 6th 17:40:02.367 UTC 3 15 1 390 382 51748 1709.874 0 191.5717 14.42785 0 0 48 0 0 939
Jun 6th 17:39:50.119 UTC 2 15 1 415 408 56259 1779.021 0 191.5833 20.1541 0 0 27 0 0 1674
Jun 6th 17:39:02.377 UTC 3 15 1 386 381 51283 1703.699 0 191.8367 14.3233 0 0 48 0 0 934
Jun 6th 17:38:50.110 UTC 2 15 0 412 407 55888 1772.783 0 191.3296 20.16464 0 0 27 0 0 1662
Jun 6th 17:38:02.377 UTC 3 12 1 385 378 51223 1692.051 0 191.9937 14.42863 0 0 48 0 0 925
Jun 6th 17:37:50.109 UTC 2 15 1 410 403 55670 1748.106 0 191.4236 20.25035 0 0 27 0 0 1656
Jun 6th 17:37:01.493 UTC 3 15 1 383 374 50915 1675.304 0 192.388 14.32437 0 0 47 0 0 921
Jun 6th 17:36:50.118 UTC 2 14 1 408 401 55510 1740.371 0 191.3066 20.29762 0 0 27 0 0 1646
Jun 6th 17:36:01.501 UTC 3 15 0 382 372 50667 1668.523 0 192.6344 14.37276 0 0 47 0 0 916
Jun 6th 17:35:50.117 UTC 2 15 1 408 398 55510 1726.694 0 191.3066 20.2374 0 0 27 0 0 1634
Jun 6th 17:35:00.594 UTC 3 14 0 380 370 50424 1659.69 0 192.0771 14.43569 0 0 46 0 0 910
Jun 6th 17:34:50.116 UTC 2 14 1 407 396 55326 1720.95 0 191.6089 20.27052 0 0 27 0 0 1625
Jun 6th 17:34:00.584 UTC 3 15 0 375 367 49531 1643.169 0 192.5381 14.45294 0 0 46 0 0 907
Jun 6th 17:33:49.023 UTC 2 15 1 402 393 54736 1709.225 0 191.3547 20.30266 0 0 26 0 0 1613
Jun 6th 17:33:00.582 UTC 3 14 1 372 366 49053 1636.647 0 191.8537 14.38091 0 0 46 0 0 903
Jun 6th 17:32:49.014 UTC 2 15 1 397 391 54208 1696.531 0 191.0829 20.23664 0 0 26 0 0 1604
Jun 6th 17:32:00.594 UTC 3 15 1 371 364 48880 1626.429 0 191.7661 14.33528 0 0 46 0 0 896
Jun 6th 17:31:46.493 UTC 2 15 1 396 389 53982 1687.296 0 191.0397 20.09579 0 0 24 0 0 1597
Jun 6th 17:30:59.762 UTC 3 15 0 370 362 48820 1619.814 0 191.7478 14.35157 0 0 45 0 0 888
Jun 6th 17:30:46.483 UTC 2 15 1 394 389 53738 1687.296 0 190.8981 20.09579 0 0 24 0 0 1588
Jun 6th 17:29:59.774 UTC 3 15 1 368 359 48563 1604.302 0 191.197 14.39021 0 0 45 0 0 884
Jun 6th 17:29:46.481 UTC 2 15 1 393 386 53678 1674.573 0 190.8464 20.10377 0 0 24 0 0 1579
Jun 6th 17:28:59.760 UTC 3 15 1 365 357 48266 1591.69 0 191.4038 14.33914 0 0 45 0 0 878
Jun 6th 17:28:46.482 UTC 2 14 1 391 382 53435 1662.708 0 190.7935 20.21475 0 0 24 0 0 1568
Jun 6th 17:27:59.759 UTC 3 13 1 362 356 47900 1589.654 0 191.5558 14.36215 0 0 45 0 0 872
Jun 6th 17:27:46.503 UTC 2 15 0 386 380 52756 1656.486 0 191.1535 20.18561 0 0 24 0 0 1560
Jun 6th 17:26:58.937 UTC 3 13 1 361 353 47820 1575.447 0 191.1949 14.18545 0 0 44 0 0 864
Jun 6th 17:26:46.492 UTC 2 14 1 384 378 52331 1644.481 0 191.4168 20.22506 0 0 24 0 0 1554
Jun 6th 17:25:58.948 UTC 3 15 1 358 351 47400 1567.102 0 191.5683 14.18545 0 0 44 0 0 854
Jun 6th 17:25:46.493 UTC 2 15 1 382 374 52191 1627.443 0 191.3666 20.29079 0 0 24 0 0 1547
Jun 6th 17:24:58.946 UTC 3 11 1 356 351 47145 1567.102 0 192.0411 14.25497 0 0 44 0 0 847
Jun 6th 17:24:45.329 UTC 2 15 1 380 371 51863 1611.118 0 191.1097 20.24347 0 0 23 0 0 1540
Jun 6th 17:23:58.938 UTC 3 14 1 354 345 46908 1545.754 0 191.6847 14.29721 0 0 44 0 0 843
Jun 6th 17:23:45.319 UTC 2 15 1 379 371 51729 1611.118 0 191.3343 20.24347 0 0 23 0 0 1528
Jun 6th 17:22:58.929 UTC 3 15 1 351 341 46302 1524.957 0 191.8725 14.2672 0 0 44 0 0 837
Jun 6th 17:22:45.319 UTC 2 15 1 375 367 51232 1592.284 0 191.1153 20.31184 0 0 23 0 0 1520
Jun 6th 17:21:58.951 UTC 3 15 1 348 339 45866 1513.479 0 191.2569 14.24513 0 0 44 0 0 830
Jun 6th 17:21:45.329 UTC 2 15 1 373 364 50973 1580.786 0 190.9817 20.14243 0 0 23 0 0 1511
Jun 6th 17:20:58.939 UTC 3 15 1 347 337 45786 1500.191 0 191.3382 13.93581 0 0 44 0 0 826
Jun 6th 17:20:45.328 UTC 2 15 1 370 364 50753 1580.786 0 191.3382 20.14243 0 0 23 0 0 1499
Jun 6th 17:19:58.940 UTC 3 15 1 341 337 45009 1500.191 0 191.5348 13.93581 0 0 44 0 0 824
Jun 6th 17:19:44.340 UTC 2 14 1 367 362 50387 1570.37 0 191.3504 20.23634 0 0 22 0 0 1488
Jun 6th 17:18:58.949 UTC 3 13 0 341 337 45009 1500.191 0 191.5348 13.99736 0 0 44 0 0 814
Jun 6th 17:18:44.340 UTC 2 15 1 366 358 50233 1555.398 0 191.1926 20.31024 0 0 22 0 0 1481
Jun 6th 17:17:58.950 UTC 3 14 0 341 332 45009 1471.978 0 191.5348 14.12237 0 0 44 0 0 810
Jun 6th 17:17:44.340 UTC 2 15 1 365 354 49985 1534.754 0 191.0137 20.33826 0 0 22 0 0 1471
Jun 6th 17:16:58.000 UTC 3 15 1 340 329 44855 1462.45 0 191.512 14.12333 0 0 43 0 0 804
Jun 6th 17:16:44.351 UTC 2 15 1 361 353 49572 1532.894 0 191.3001 20.23673 0 0 22 0 0 1464
Jun 6th 17:15:57.990 UTC 3 14 1 336 327 44471 1450.457 0 190.75 14.05773 0 0 43 0 0 798
Jun 6th 17:15:43.299 UTC 2 15 1 359 352 49098 1529.466 0 191.4427 20.26555 0 0 21 0 0 1453
Jun 6th 17:14:58.011 UTC 3 15 1 334 325 44140 1444.152 0 190.4215 13.9336 0 0 43 0 0 793
Jun 6th 17:14:43.299 UTC 2 14 1 355 348 48691 1514.526 0 191.073 20.39456 0 0 21 0 0 1443
Jun 6th 17:13:57.999 UTC 3 15 1 331 323 43762 1433.136 0 190.6462 13.81921 0 0 43 0 0 787
Jun 6th 17:13:43.299 UTC 2 15 1 355 344 48691 1497.322 0 191.073 20.23868 0 0 21 0 0 1436
Jun 6th 17:12:57.999 UTC 3 14 1 329 323 43476 1433.136 0 190.2305 13.84758 0 0 43 0 0 781
Jun 6th 17:12:43.288 UTC 2 15 1 350 344 48066 1497.322 0 191.2172 20.23868 0 0 21 0 0 1425
Jun 6th 17:11:57.989 UTC 3 15 1 325 320 42969 1422.975 0 189.5979 13.76745 0 0 43 0 0 778
Jun 6th 17:11:43.298 UTC 2 15 0 348 342 47755 1487.921 0 191.4572 20.23036 0 0 21 0 0 1413
Jun 6th 17:10:58.011 UTC 3 15 0 324 319 42860 1418.179 0 189.6829 13.71404 0 0 43 0 0 773
Jun 6th 17:10:41.966 UTC 2 14 0 346 338 47417 1470.102 0 191.3847 20.41399 0 0 20 0 0 1402
Jun 6th 17:09:57.998 UTC 3 12 1 323 318 42683 1413.948 0 189.8813 13.83177 0 0 43 0 0 769
Jun 6th 17:09:40.777 UTC 2 15 1 343 336 47000 1458.208 0 191.1924 20.25079 0 0 19 0 0 1392
Jun 6th 17:08:57.998 UTC 3 12 1 320 316 42366 1404.387 0 189.873 13.89297 0 0 43 0 0 767
Jun 6th 17:08:40.788 UTC 2 14 1 342 335 46940 1455.751 0 191.507 20.32265 0 0 19 0 0 1381
Jun 6th 17:07:57.991 UTC 3 12 0 319 312 42187 1390.63 0 189.8522 13.99924 0 0 43 0 0 759
Jun 6th 17:07:40.788 UTC 2 15 1 341 330 46860 1433.193 0 191.5863 20.35308 0 0 19 0 0 1371
Jun 6th 17:06:57.991 UTC 3 12 0 317 309 41901 1372.827 0 190.3241 14.06028 0 0 43 0 0 755
Jun 6th 17:06:40.778 UTC 2 15 1 337 327 46340 1422.554 0 191.8016 20.30613 0 0 19 0 0 1360
Jun 6th 17:05:58.012 UTC 3 14 0 317 306 41901 1357.991 0 190.3241 14.10178 0 0 43 0 0 754
Jun 6th 17:05:40.778 UTC 2 13 1 332 327 45750 1422.554 0 191.7115 20.37432 0 0 19 0 0 1348
Jun 6th 17:04:56.949 UTC 3 15 1 311 305 40892 1352.898 0 190.698 14.10178 0 0 42 0 0 747
Jun 6th 17:04:40.788 UTC 2 15 1 332 322 45750 1401.738 0 191.7115 20.26162 0 0 19 0 0 1341
Jun 6th 17:03:55.990 UTC 3 14 0 311 302 40892 1340.82 0 190.698 14.21029 0 0 41 0 0 739
Jun 6th 17:03:40.787 UTC 2 14 1 330 322 45368 1401.738 0 191.4623 20.26926 0 0 19 0 0 1331
Jun 6th 17:02:55.124 UTC 3 14 1 310 300 40812 1331.078 0 190.5939 14.26746 0 0 40 0 0 737
Jun 6th 17:02:40.778 UTC 2 15 1 325 320 44833 1393.138 0 191.3515 20.16914 0 0 19 0 0 1321
Jun 6th 17:01:54.228 UTC 3 15 1 307 296 40421 1315.093 0 190.0177 14.1886 0 0 39 0 0 729
Jun 6th 17:01:40.788 UTC 2 14 1 324 318 44724 1379.432 0 191.336 20.20931 0 0 19 0 0 1311
Jun 6th 17:00:54.246 UTC 3 14 1 304 296 40010 1315.093 0 189.7947 14.0267 0 0 39 0 0 726
Jun 6th 17:00:39.432 UTC 2 15 1 322 314 44367 1364.635 0 191.0807 20.16542 0 0 18 0 0 1300
Jun 6th 16:59:54.238 UTC 3 15 1 301 295 39498 1309.822 0 190.1889 14.0267 0 0 39 0 0 720
Jun 6th 16:59:38.339 UTC 2 14 0 319 313 43833 1358.467 0 191.4945 20.23551 0 0 17 0 0 1291
Jun 6th 16:58:54.231 UTC 3 13 1 298 294 39127 1304.802 0 190.086 14.05179 0 0 39 0 0 713
Jun 6th 16:58:38.340 UTC 2 15 1 318 309 43712 1346.047 0 191.7883 20.24662 0 0 17 0 0 1284
Jun 6th 16:57:53.502 UTC 3 12 1 296 291 38946 1290.317 0 190.0356 14.13255 0 0 38 0 0 707
Jun 6th 16:57:38.340 UTC 2 13 1 315 308 43243 1339.846 0 191.5568 20.30145 0 0 17 0 0 1275
Jun 6th 16:56:53.512 UTC 3 12 0 295 289 38866 1282.397 0 189.9538 14.18171 0 0 38 0 0 702
Jun 6th 16:56:38.351 UTC 2 15 1 312 302 42906 1314.7 0 191.7826 20.25189 0 0 17 0 0 1264
Jun 6th 16:55:52.743 UTC 3 13 1 294 287 38757 1272.559 0 190.1012 14.20242 0 0 37 0 0 700
Jun 6th 16:55:38.341 UTC 2 14 0 309 302 42571 1314.7 0 192.136 20.298 0 0 17 0 0 1253
Jun 6th 16:54:51.899 UTC 3 15 1 290 281 38237 1245.527 0 190.9184 14.29988 0 0 36 0 0 692
Jun 6th 16:54:38.340 UTC 2 15 1 308 297 42394 1290.084 0 191.9095 20.203 0 0 17 0 0 1244
Jun 6th 16:53:51.914 UTC 3 15 1 290 279 38237 1237.712 0 190.9184 14.3146 0 0 36 0 0 687
Jun 6th 16:53:38.351 UTC 2 15 1 305 297 41805 1290.084 0 191.4572 20.203 0 0 17 0 0 1234
Jun 6th 16:52:51.042 UTC 3 15 1 287 276 37803 1223.818 0 190.0918 14.39534 0 0 35 0 0 681
Jun 6th 16:52:38.340 UTC 2 15 1 301 296 41545 1284.114 0 191.2883 19.98601 0 0 17 0 0 1225
Jun 6th 16:51:51.043 UTC 3 15 1 283 274 37390 1216.318 0 190.2466 14.25781 0 0 35 0 0 677
Jun 6th 16:51:38.339 UTC 2 15 1 299 294 41364 1279.244 0 191.3435 20.03961 0 0 17 0 0 1216
Jun 6th 16:50:51.043 UTC 3 14 1 279 274 36935 1216.318 0 190.4796 14.17444 0 0 35 0 0 672
Jun 6th 16:50:38.349 UTC 2 14 0 298 292 41185 1272.182 0 191.0494 20.12778 0 0 17 0 0 1207
Jun 6th 16:49:51.051 UTC 3 13 1 276 272 36735 1207.106 0 190.4755 14.25057 0 0 35 0 0 659
Jun 6th 16:49:38.339 UTC 2 15 1 295 289 40985 1261.361 0 191.0273 20.08462 0 0 17 0 0 1204
Jun 6th 16:48:51.040 UTC 3 12 0 276 270 36735 1198.375 0 190.4755 14.34266 0 0 35 0 0 653
Jun 6th 16:48:38.339 UTC 2 13 0 293 285 40699 1239.141 0 191.3028 20.35386 0 0 17 0 0 1192
Jun 6th 16:47:50.121 UTC 3 15 0 274 266 36336 1183.552 0 190.6492 14.36423 0 0 34 0 0 650
Jun 6th 16:47:38.350 UTC 2 15 1 292 281 40565 1223.674 0 191.485 20.09479 0 0 17 0 0 1180
Jun 6th 16:46:50.131 UTC 3 15 1 271 263 36013 1161.552 0 190.8585 14.33178 0 0 34 0 0 643
Jun 6th 16:46:38.350 UTC 2 15 1 288 281 40018 1223.674 0 191.7785 20.09479 0 0 17 0 0 1173
Jun 6th 16:45:50.130 UTC 3 15 1 269 261 35756 1152.094 0 190.3161 14.18652 0 0 34 0 0 641
Jun 6th 16:45:38.339 UTC 2 14 1 286 278 39829 1206.866 0 191.9318 20.17535 0 0 17 0 0 1159
Jun 6th 16:44:50.131 UTC 3 13 0 268 261 35508 1152.094 0 190.2895 14.25789 0 0 34 0 0 634
Jun 6th 16:44:38.338 UTC 2 15 1 283 275 39532 1193.38 0 191.6851 20.11633 0 0 17 0 0 1151
Jun 6th 16:43:50.141 UTC 3 15 1 266 256 35096 1136.665 0 189.522 14.30478 0 0 34 0 0 631
Jun 6th 16:43:38.349 UTC 2 15 1 280 273 39258 1188.358 0 191.1976 20.09139 0 0 17 0 0 1140
Jun 6th 16:42:50.133 UTC 3 14 1 262 255 34411 1129.277 0 190.5104 14.27466 0 0 34 0 0 627
Jun 6th 16:42:38.350 UTC 2 15 1 279 270 39198 1174.665 0 191.1796 20.06031 0 0 17 0 0 1130
Jun 6th 16:41:50.133 UTC 3 14 1 261 253 34227 1115.855 0 190.0869 14.29639 0 0 34 0 0 620
Jun 6th 16:41:38.339 UTC 2 15 1 277 269 38984 1170.749 0 191.3491 19.963 0 0 17 0 0 1122
Jun 6th 16:40:50.122 UTC 3 15 1 258 250 33599 1100.337 0 189.1254 14.11772 0 0 34 0 0 616
Jun 6th 16:40:37.116 UTC 2 14 0 272 267 38472 1157.924 0 191.1901 20.06541 0 0 16 0 0 1109
Jun 6th 16:39:50.142 UTC 3 14 1 256 249 33264 1095.391 0 188.7694 14.04574 0 0 34 0 0 609
Jun 6th 16:39:37.127 UTC 2 15 1 272 263 38472 1147.776 0 191.1901 20.06205 0 0 16 0 0 1101
Jun 6th 16:38:50.131 UTC 3 15 1 255 247 33204 1086.912 0 189.0147 13.98243 0 0 34 0 0 604
Jun 6th 16:38:37.129 UTC 2 15 1 267 261 37921 1138.448 0 192.0101 20.0357 0 0 16 0 0 1093
Jun 6th 16:37:50.133 UTC 3 15 0 254 246 33020 1084.688 0 188.58 13.90353 0 0 34 0 0 597
Jun 6th 16:37:36.116 UTC 2 14 1 266 259 37812 1129.896 0 192.1073 20.08321 0 0 15 0 0 1084
Jun 6th 16:36:50.135 UTC 3 12 0 251 245 32676 1078.478 0 187.7427 14.02097 0 0 34 0 0 592
Jun 6th 16:36:35.095 UTC 2 14 1 266 255 37812 1112.983 0 192.1073 20.24483 0 0 14 0 0 1073
Jun 6th 16:35:50.132 UTC 3 14 1 246 242 32041 1062.931 0 187.8055 13.96398 0 0 34 0 0 592
Jun 6th 16:35:35.083 UTC 2 15 1 261 252 37106 1097.535 0 191.8531 20.09163 0 0 14 0 0 1059
Jun 6th 16:34:50.130 UTC 3 14 0 246 240 32041 1057.084 0 187.8055 14.02967 0 0 34 0 0 586
Jun 6th 16:34:34.095 UTC 2 15 1 260 251 37026 1096.342 0 191.6101 20.13079 0 0 13 0 0 1049
Jun 6th 16:33:50.133 UTC 3 15 1 245 237 31932 1045.558 0 188.3312 13.96161 0 0 34 0 0 583
Jun 6th 16:33:34.094 UTC 2 15 1 254 249 36081 1088.453 0 192.1511 20.04315 0 0 13 0 0 1040
Jun 6th 16:32:50.134 UTC 3 13 1 242 234 31595 1031.163 0 188.106 14.14636 0 0 34 0 0 575
Jun 6th 16:32:34.087 UTC 2 15 0 253 247 35972 1078.886 0 192.1349 20.11445 0 0 13 0 0 1031
Jun 6th 16:31:49.184 UTC 3 14 0 239 232 31249 1026.855 0 188.2361 14.18097 0 0 33 0 0 571
Jun 6th 16:31:34.097 UTC 2 15 0 250 243 35451 1059.51 0 191.9857 20.22152 0 0 13 0 0 1020
Jun 6th 16:30:49.183 UTC 3 15 1 237 229 30985 1007.172 0 188.6508 14.02114 0 0 33 0 0 567
Jun 6th 16:30:34.097 UTC 2 15 1 250 240 35451 1043.854 0 191.9857 20.21962 0 0 13 0 0 1010
Jun 6th 16:29:49.193 UTC 3 14 1 233 227 30509 997.4231 0 188.9218 14.10425 0 0 33 0 0 560
Jun 6th 16:29:34.086 UTC 2 15 1 248 237 34985 1029.191 0 192.1006 20.12262 0 0 13 0 0 1003
Jun 6th 16:28:49.193 UTC 3 13 1 231 224 30389 988.3124 0 189.0752 14.22962 0 0 33 0 0 553
Jun 6th 16:28:34.087 UTC 2 15 0 246 237 34722 1029.191 0 192.3327 20.12262 0 0 13 0 0 996
Jun 6th 16:27:48.325 UTC 3 13 0 230 222 30216 979.706 0 189.4904 14.28783 0 0 32 0 0 545
Jun 6th 16:27:32.901 UTC 2 15 1 242 235 34221 1019.554 0 191.652 20.24562 0 0 12 0 0 985
Jun 6th 16:26:48.325 UTC 3 13 0 228 220 29862 968.8402 0 189.998 14.33319 0 0 32 0 0 542
Jun 6th 16:26:31.828 UTC 2 14 1 239 233 33665 1010.801 0 191.3416 20.3738 0 0 11 0 0 974
Jun 6th 16:25:47.407 UTC 3 14 1 227 217 29753 951.0625 0 190.3488 14.36045 0 0 31 0 0 539
Jun 6th 16:25:30.668 UTC 2 15 1 238 230 33605 997.2574 0 191.084 20.16693 0 0 10 0 0 962
Jun 6th 16:24:47.397 UTC 3 13 1 223 215 29276 938.381 0 188.8264 14.49265 0 0 31 0 0 536
Jun 6th 16:24:30.666 UTC 2 14 1 235 230 32987 997.2574 0 191.593 20.20987 0 0 10 0 0 952
Jun 6th 16:23:47.407 UTC 3 12 0 221 215 28990 938.381 0 188.1048 14.51993 0 0 31 0 0 533
Jun 6th 16:23:30.659 UTC 2 15 1 234 224 32761 968.6458 0 191.8203 20.31992 0 0 10 0 0 937
Jun 6th 16:22:45.427 UTC 3 15 1 219 211 28704 915.4496 0 187.7774 14.43222 0 0 29 0 0 529
Jun 6th 16:22:30.661 UTC 2 14 1 234 223 32761 962.0434 0 191.8203 20.21525 0 0 10 0 0 929
Jun 6th 16:21:43.979 UTC 3 15 1 218 210 28644 913.1776 0 187.4025 14.45925 0 0 27 0 0 521
Jun 6th 16:21:30.659 UTC 2 13 1 228 222 32047 955.5495 0 190.9799 20.33026 0 0 10 0 0 922
Jun 6th 16:20:43.980 UTC 3 15 1 216 209 28430 907.6473 0 186.7024 14.31443 0 0 27 0 0 514
Jun 6th 16:20:30.672 UTC 2 15 1 227 217 31938 930.6938 0 191.0425 19.96762 0 0 10 0 0 912
Jun 6th 16:19:43.982 UTC 3 15 1 214 207 28080 900.9683 0 186.6344 14.30887 0 0 27 0 0 509
Jun 6th 16:19:30.667 UTC 2 15 1 225 217 31704 930.6938 0 191.3162 19.96762 0 0 10 0 0 903
Jun 6th 16:18:43.982 UTC 3 14 1 211 205 27693 891.0758 0 186.1185 14.27342 0 0 27 0 0 503
Jun 6th 16:18:30.668 UTC 2 15 1 223 215 31515 921.5002 0 189.7685 19.99589 0 0 10 0 0 893
Jun 6th 16:17:43.971 UTC 3 14 1 209 203 27343 883.8702 0 186.071 14.12028 0 0 27 0 0 499
Jun 6th 16:17:30.668 UTC 2 15 1 219 212 31069 914.6808 0 188.901 19.90273 0 0 10 0 0 884
Jun 6th 16:16:43.972 UTC 3 15 0 207 200 27086 868.6166 0 185.946 14.20613 0 0 27 0 0 493
Jun 6th 16:16:30.659 UTC 2 15 1 216 211 30622 910.0281 0 190.0623 19.86806 0 0 10 0 0 874
Jun 6th 16:15:43.980 UTC 3 14 0 204 198 26669 860.9069 0 186.774 14.28136 0 0 27 0 0 487
Jun 6th 16:15:30.668 UTC 2 15 1 215 207 30445 889.0242 0 190.3483 19.90702 0 0 10 0 0 864
Jun 6th 16:14:42.929 UTC 3 13 1 202 196 26362 851.975 0 186.8245 14.40233 0 0 26 0 0 481
Jun 6th 16:14:30.666 UTC 2 15 1 213 206 29936 883.06 0 189.3596 19.86269 0 0 10 0 0 855
Jun 6th 16:13:41.979 UTC 3 13 0 201 193 26253 841.2688 0 187.2921 14.51299 0 0 25 0 0 474
Jun 6th 16:13:30.670 UTC 2 14 1 212 202 29752 867.7203 0 189.1076 20.04212 0 0 10 0 0 846
Jun 6th 16:12:41.968 UTC 3 13 1 199 189 26113 829.3723 0 188.1134 14.65399 0 0 25 0 0 468
Jun 6th 16:12:30.660 UTC 2 15 1 210 200 29172 856.6503 0 188.9914 19.62498 0 0 10 0 0 838
Jun 6th 16:11:41.018 UTC 3 13 1 196 187 25696 821.0754 0 187.0122 14.76192 0 0 24 0 0 465
Jun 6th 16:11:30.669 UTC 2 15 1 207 200 28735 856.6503 0 189.2401 19.62498 0 0 10 0 0 826
Jun 6th 16:10:41.009 UTC 3 15 0 190 184 24836 807.0632 0 187.9344 14.62548 0 0 24 0 0 461
Jun 6th 16:10:30.668 UTC 2 14 1 202 198 28084 845.1304 0 188.6431 19.63332 0 0 10 0 0 814
Jun 6th 16:09:41.010 UTC 3 15 1 188 183 24622 805.4325 0 188.9044 14.40692 0 0 24 0 0 457
Jun 6th 16:09:30.658 UTC 2 15 1 201 195 27930 830.2214 0 188.4985 19.50876 0 0 10 0 0 805
Jun 6th 16:08:40.999 UTC 3 13 1 186 181 24230 798.913 0 189.3646 14.57161 0 0 24 0 0 451
Jun 6th 16:08:30.668 UTC 2 14 1 201 192 27930 818.3728 0 188.4985 19.71837 0 0 10 0 0 796
Jun 6th 16:07:41.010 UTC 3 12 0 183 178 23882 782.4182 0 189.5364 14.76424 0 0 24 0 0 443
Jun 6th 16:07:30.669 UTC 2 15 1 200 189 27870 800.3047 0 187.885 19.59092 0 0 10 0 0 787
Jun 6th 16:06:40.124 UTC 3 13 1 183 173 23882 766.5199 0 189.5364 14.92699 0 0 23 0 0 438
Jun 6th 16:06:30.660 UTC 2 15 1 195 186 27074 788.4305 0 187.354 19.56922 0 0 10 0 0 778
Jun 6th 16:05:39.052 UTC 3 15 1 182 169 23703 752.2269 0 190.2714 14.94833 0 0 22 0 0 434
Jun 6th 16:05:30.657 UTC 2 15 1 193 185 26788 783.0917 0 186.9519 19.17843 0 0 10 0 0 767
Jun 6th 16:04:39.043 UTC 3 14 1 179 168 23409 749.2017 0 189.603 14.56362 0 0 22 0 0 432
Jun 6th 16:04:30.659 UTC 2 15 1 192 185 26611 783.0917 0 187.4398 19.17843 0 0 10 0 0 754
Jun 6th 16:03:39.063 UTC 3 15 1 175 167 22954 745.0819 0 190.7231 14.56362 0 0 22 0 0 427
Jun 6th 16:03:30.666 UTC 2 14 1 187 184 25665 778.0051 0 186.274 19.13269 0 0 10 0 0 743
Jun 6th 16:02:39.055 UTC 3 15 1 170 166 22196 742.0567 0 190.4251 14.47851 0 0 22 0 0 424
Jun 6th 16:02:30.665 UTC 2 14 1 186 178 25488 753.8675 0 186.1016 19.2081 0 0 10 0 0 734
Jun 6th 16:01:39.053 UTC 3 12 1 168 164 21888 732.8918 0 190.8127 14.67493 0 0 22 0 0 415
Jun 6th 16:01:30.674 UTC 2 15 1 183 177 25116 751.3114 0 186.9329 19.2081 0 0 10 0 0 726
Jun 6th 16:00:39.040 UTC 3 12 1 166 162 21674 724.4609 0 191.3971 14.79819 0 0 22 0 0 412
Jun 6th 16:00:30.665 UTC 2 13 1 182 175 25056 748.8414 0 186.4765 19.36758 0 0 10 0 0 714
Jun 6th 15:59:37.988 UTC 3 14 1 165 156 21497 706.3736 0 191.8603 14.88399 0 0 21 0 0 403
Jun 6th 15:59:30.665 UTC 2 15 1 178 170 24643 721.2478 0 188.4655 19.42697 0 0 10 0 0 707
Jun 6th 15:58:38.000 UTC 3 14 0 163 152 21308 690.6063 0 192.9383 15.07607 0 0 21 0 0 397
Jun 6th 15:58:30.655 UTC 2 15 1 176 165 24241 699.1652 0 187.894 19.56367 0 0 10 0 0 698
Jun 6th 15:57:37.993 UTC 3 14 1 161 149 20977 666.0027 0 194.0637 15.10382 0 0 21 0 0 395
Jun 6th 15:57:30.675 UTC 2 15 1 175 164 24087 696.0475 0 187.5136 19.51822 0 0 10 0 0 686
Jun 6th 15:56:37.994 UTC 3 15 1 155 147 20418 653.0787 0 194.6441 14.91982 0 0 21 0 0 389
Jun 6th 15:56:30.664 UTC 2 15 1 172 163 23741 693.4116 0 187.6652 19.23632 0 0 10 0 0 676
Jun 6th 15:55:37.347 UTC 3 15 1 153 145 20064 648.9079 0 194.6206 15.00754 0 0 20 0 0 382
Jun 6th 15:55:30.659 UTC 2 15 1 169 161 23330 682.865 0 187.4473 18.95829 0 0 10 0 0 670
Jun 6th 15:54:37.335 UTC 3 15 0 153 143 20064 640.0239 0 194.6206 15.01717 0 0 20 0 0 376
Jun 6th 15:54:30.660 UTC 2 15 1 164 160 22581 677.9283 0 186.8485 19.01115 0 0 10 0 0 659
Jun 6th 15:53:37.337 UTC 3 15 0 149 142 19618 637.037 0 195.567 14.78549 0 0 20 0 0 370
Jun 6th 15:53:29.503 UTC 2 14 1 163 157 22404 665.6169 0 185.8712 19.27546 0 0 9 0 0 650
Jun 6th 15:52:37.347 UTC 3 13 1 148 139 19509 625.0384 0 194.9573 15.08069 0 0 20 0 0 366
Jun 6th 15:52:29.494 UTC 2 15 1 162 152 22344 637.9149 0 186.4853 19.1452 0 0 9 0 0 640
Jun 6th 15:51:36.521 UTC 3 15 1 142 136 18634 609.9763 0 193.8451 14.87216 0 0 19 0 0 361
Jun 6th 15:51:29.513 UTC 2 15 1 160 151 22033 631.8326 0 186.1426 19.20195 0 0 9 0 0 630
Jun 6th 15:50:36.513 UTC 3 14 1 141 134 18554 597.9777 0 192.8921 15.05363 0 0 19 0 0 356
Jun 6th 15:50:29.503 UTC 2 15 1 158 148 21844 615.4526 0 186.117 18.86159 0 0 9 0 0 620
Jun 6th 15:49:36.511 UTC 3 13 0 140 134 18494 597.9777 0 192.9278 15.11118 0 0 19 0 0 354
Jun 6th 15:49:29.506 UTC 2 15 1 156 148 21490 615.4526 0 185.9819 18.86159 0 0 9 0 0 606
Jun 6th 15:48:34.865 UTC 3 15 1 137 130 17908 582.8135 0 192.7845 15.1634 0 0 17 0 0 349
Jun 6th 15:48:29.497 UTC 2 15 1 153 146 21106 605.4835 0 184.6733 18.76395 0 0 9 0 0 597
Jun 6th 15:47:34.856 UTC 3 15 1 135 129 17748 579.1213 0 193.224 14.73442 0 0 17 0 0 344
Jun 6th 15:47:29.497 UTC 2 15 1 153 141 21106 587.8015 0 184.6733 18.4384 0 0 9 0 0 587
Jun 6th 15:46:33.785 UTC 3 13 1 133 128 17387 574.0411 0 193.7435 14.97239 0 0 16 0 0 337
Jun 6th 15:46:29.508 UTC 2 15 1 148 141 20430 587.8015 0 182.0489 18.4384 0 0 9 0 0 579
Jun 6th 15:45:32.695 UTC 3 11 0 131 126 17218 563.9507 0 193.3068 15.29127 0 0 15 0 0 330
Jun 6th 15:45:29.507 UTC 2 15 1 143 140 19770 586.0687 0 183.359 18.37854 0 0 9 0 0 570
Jun 6th 15:44:31.667 UTC 3 15 1 129 120 16961 538.4792 0 194.5754 15.33619 0 0 14 0 0 327
Jun 6th 15:44:29.495 UTC 2 14 1 143 137 19770 568.8717 0 183.359 18.62136 0 0 9 0 0 558
Jun 6th 15:43:31.666 UTC 3 11 1 127 120 16717 538.4792 0 194.2808 15.58379 0 0 14 0 0 321
Jun 6th 15:43:29.505 UTC 2 15 1 140 133 19356 552.7342 0 183.2831 18.72099 0 0 9 0 0 549
Jun 6th 15:42:31.658 UTC 3 15 0 125 115 16276 513.5917 0 195.1245 15.69041 0 0 14 0 0 319
Jun 6th 15:42:29.495 UTC 2 14 1 140 130 19356 539.073 0 183.2831 18.87385 0 0 9 0 0 536
Jun 6th 15:41:31.657 UTC 3 15 0 123 113 16039 506.951 0 195.6249 15.59583 0 0 14 0 0 312
Jun 6th 15:41:29.504 UTC 2 15 1 138 128 19068 530.2943 0 183.9599 18.51844 0 0 9 0 0 528
Jun 6th 15:40:31.666 UTC 3 15 0 122 112 15959 505.333 0 195.4525 15.40582 0 0 14 0 0 309
Jun 6th 15:40:29.506 UTC 2 15 1 134 126 18457 520.9124 0 184.0541 18.35942 0 0 9 0 0 516
Jun 6th 15:39:31.664 UTC 3 14 1 116 111 15373 499.9081 0 196.1595 15.38447 0 0 14 0 0 304
Jun 6th 15:39:29.493 UTC 2 14 0 131 125 17898 515.8513 0 183.0818 18.55589 0 0 9 0 0 507
Jun 6th 15:38:31.663 UTC 3 14 0 115 108 15313 483.8217 0 196.1846 15.63745 0 0 14 0 0 298
Jun 6th 15:38:29.504 UTC 2 14 1 129 121 17538 500.9008 0 182.8674 18.35872 0 0 9 0 0 497
Jun 6th 15:37:31.663 UTC 3 15 0 112 105 14945 469.8031 0 192.9586 15.6192 0 0 14 0 0 296
Jun 6th 15:37:29.505 UTC 2 15 1 125 120 17115 497.799 0 183.1665 18.35872 0 0 9 0 0 484
Jun 6th 15:36:31.676 UTC 3 15 0 110 102 14659 457.7088 0 193.9577 15.68467 0 0 14 0 0 290
Jun 6th 15:36:29.504 UTC 2 14 1 125 115 17115 478.6906 0 183.1665 18.86985 0 0 9 0 0 475
Jun 6th 15:35:31.665 UTC 3 15 1 109 100 14550 447.561 0 193.7371 15.19697 0 0 14 0 0 284
Jun 6th 15:35:29.492 UTC 2 15 1 121 113 16473 463.9572 0 183.6574 18.23838 0 0 9 0 0 467
Jun 6th 15:34:31.667 UTC 3 15 1 107 99 13970 439.3439 0 193.5431 15.2091 0 0 14 0 0 278
Jun 6th 15:34:29.503 UTC 2 14 1 120 112 16393 458.2675 0 183.1819 18.38996 0 0 9 0 0 458
Jun 6th 15:33:30.907 UTC 3 15 0 102 97 13147 436.341 0 193.6025 15.32301 0 0 13 0 0 272
Jun 6th 15:33:28.401 UTC 2 15 1 116 108 15889 437.6082 0 182.1522 18.24368 0 0 8 0 0 448
Jun 6th 15:32:30.918 UTC 3 14 1 100 95 12958 427.3421 0 196.1493 15.30231 0 0 13 0 0 264
Jun 6th 15:32:28.412 UTC 2 15 1 116 107 15889 430.8111 0 182.1522 18.14959 0 0 8 0 0 442
Jun 6th 15:31:30.909 UTC 3 15 1 99 89 12898 410.3302 0 194.5721 15.80399 0 0 13 0 0 257
Jun 6th 15:31:28.411 UTC 2 15 1 113 104 15468 423.0758 0 181.5129 18.17752 0 0 8 0 0 434
Jun 6th 15:30:30.908 UTC 3 14 1 97 87 12537 398.3443 0 194.7318 15.65734 0 0 13 0 0 250
Jun 6th 15:30:28.401 UTC 2 15 0 113 101 15468 405.898 0 181.5129 18.41413 0 0 8 0 0 425
Jun 6th 15:29:30.898 UTC 3 15 1 93 85 11849 384.9353 0 198.5054 15.49318 0 0 13 0 0 245
Jun 6th 15:29:28.412 UTC 2 15 1 107 100 14749 402.4165 0 178.8458 17.79316 0 0 8 0 0 415
Jun 6th 15:28:30.909 UTC 3 12 1 89 84 11569 380.3847 0 197.1944 15.82361 0 0 13 0 0 240
Jun 6th 15:28:28.412 UTC 2 15 1 105 99 14485 399.3562 0 178.3453 17.77631 0 0 8 0 0 406
Jun 6th 15:27:30.909 UTC 3 15 1 88 80 11509 369.1871 0 197.4058 15.37913 0 0 13 0 0 239
Jun 6th 15:27:28.402 UTC 2 15 1 103 96 14199 390.4753 0 177.317 17.65214 0 0 8 0 0 392
Jun 6th 15:26:30.908 UTC 3 15 0 86 79 11272 364.0877 0 198.8941 15.21033 0 0 13 0 0 231
Jun 6th 15:26:27.331 UTC 2 15 1 102 94 13973 379.8233 0 177.2117 17.76158 0 0 7 0 0 384
Jun 6th 15:25:30.911 UTC 3 14 1 83 75 10560 353.3208 0 201.1146 15.6847 0 0 13 0 0 224
Jun 6th 15:25:27.320 UTC 2 15 1 97 92 13518 373.5017 0 177.5349 17.63172 0 0 7 0 0 376
Jun 6th 15:24:30.909 UTC 3 14 1 80 73 9978 344.909 0 201.1118 15.69679 0 0 13 0 0 221
Jun 6th 15:24:27.319 UTC 2 15 0 96 88 13458 356.7866 0 177.3916 17.93921 0 0 7 0 0 364
Jun 6th 15:23:30.909 UTC 3 14 1 77 71 9587 338.4693 0 201.1078 15.56724 0 0 13 0 0 217
Jun 6th 15:23:27.330 UTC 2 15 0 94 86 13127 349.9193 0 178.3232 17.84485 0 0 7 0 0 354
Jun 6th 15:22:30.918 UTC 3 13 1 75 68 9330 313.3776 0 201.5454 16.20461 0 0 13 0 0 212
Jun 6th 15:22:27.318 UTC 2 15 1 91 84 12781 340.8374 0 180.2043 17.62518 0 0 7 0 0 344
Jun 6th 15:21:30.009 UTC 3 13 1 72 65 9081 297.2912 0 202.7496 15.35343 0 0 12 0 0 207
Jun 6th 15:21:26.242 UTC 2 12 1 89 83 12567 337.7037 0 178.6413 17.97964 0 0 6 0 0 333
Jun 6th 15:20:30.010 UTC 3 15 1 71 63 9001 287.9507 0 202.9594 15.35343 0 0 12 0 0 205
Jun 6th 15:20:25.096 UTC 2 12 0 87 79 12398 322.2012 0 178.4492 18.40912 0 0 5 0 0 322
Jun 6th 15:19:30.019 UTC 3 13 1 70 62 8921 283.3779 0 204.5515 15.78798 0 0 12 0 0 196
Jun 6th 15:19:25.087 UTC 2 15 1 81 75 11153 309.6058 0 179.7976 18.0169 0 0 5 0 0 315
Jun 6th 15:18:30.007 UTC 3 15 1 69 56 8812 262.6771 0 204.887 15.2967 0 0 12 0 0 189
Jun 6th 15:18:25.087 UTC 2 14 1 79 74 10751 304.382 0 183.0369 17.93295 0 0 5 0 0 308
Jun 6th 15:17:30.018 UTC 3 14 1 66 56 8502 262.6771 0 203.9991 15.47949 0 0 12 0 0 182
Jun 6th 15:17:25.098 UTC 2 14 1 79 68 10751 281.2432 0 183.0369 18.75459 0 0 5 0 0 299
Jun 6th 15:16:30.010 UTC 3 14 1 59 54 7556 251.706 0 203.1765 14.68471 0 0 12 0 0 176
Jun 6th 15:16:25.086 UTC 2 15 1 75 66 10242 272.0815 0 184.5166 18.24901 0 0 5 0 0 290
Jun 6th 15:15:30.009 UTC 3 14 1 58 53 7379 250.053 0 200.4797 14.6277 0 0 12 0 0 171
Jun 6th 15:15:25.087 UTC 2 14 1 72 63 9851 264.8471 0 184.0649 17.86114 0 0 5 0 0 280
Jun 6th 15:14:29.234 UTC 3 15 0 55 50 6856 235.3738 0 201.421 14.90874 0 0 11 0 0 163
Jun 6th 15:14:25.086 UTC 2 14 1 69 62 9509 261.8985 0 185.6784 17.70553 0 0 5 0 0 272
Jun 6th 15:13:29.228 UTC 3 14 1 55 48 6856 227.2684 0 201.421 15.43293 0 0 11 0 0 160
Jun 6th 15:13:24.017 UTC 2 15 0 65 59 8964 250.9625 0 187.6385 17.81377 0 0 4 0 0 261
Jun 6th 15:12:29.238 UTC 3 15 1 52 45 6238 207.3175 0 202.2667 14.98618 0 0 11 0 0 153
Jun 6th 15:12:24.016 UTC 2 14 0 63 57 8633 243.3804 0 187.5978 18.07203 0 0 4 0 0 253
Jun 6th 15:11:29.236 UTC 3 13 1 51 45 6061 207.3175 0 204.0524 15.30128 0 0 11 0 0 145
Jun 6th 15:11:24.024 UTC 2 14 1 60 53 8275 223.1902 0 186.6148 18.66082 0 0 4 0 0 246
Jun 6th 15:10:28.441 UTC 3 15 1 49 40 5872 180.0622 0 204.0154 15.11779 0 0 10 0 0 138
Jun 6th 15:10:24.015 UTC 2 14 1 59 49 8215 205.6901 0 186.7542 18.53082 0 0 4 0 0 239
Jun 6th 15:09:28.428 UTC 3 14 1 47 37 5561 166.8318 0 202.1318 15.63596 0 0 10 0 0 130
Jun 6th 15:09:24.014 UTC 2 15 1 56 47 7801 198.2644 0 186.2468 18.67339 0 0 4 0 0 231
Jun 6th 15:08:27.561 UTC 3 15 1 46 35 5452 159.7571 0 203.3987 14.4865 0 0 9 0 0 125
Jun 6th 15:08:24.004 UTC 2 15 1 53 45 7210 189.5111 0 189.7789 17.73912 0 0 4 0 0 221
Jun 6th 15:07:27.550 UTC 3 14 1 45 34 5372 155.5161 0 202.9831 13.29322 0 0 9 0 0 119
Jun 6th 15:07:24.016 UTC 2 14 0 49 44 6642 186.2657 0 188.7996 18.11973 0 0 4 0 0 211
Jun 6th 15:06:27.563 UTC 3 15 1 39 33 4430 153.1355 0 196.2922 13.29322 0 0 9 0 0 112
Jun 6th 15:06:24.016 UTC 2 14 1 47 41 6349 167.2914 0 185.7855 18.28788 0 0 4 0 0 204
Jun 6th 15:05:27.550 UTC 3 15 1 36 31 4064 140.0902 0 194.8588 13.32069 0 0 9 0 0 107
Jun 6th 15:05:22.964 UTC 2 15 1 46 37 6101 150.2699 0 184.1279 18.321 0 0 3 0 0 195
Jun 6th 15:04:27.564 UTC 3 15 1 33 29 3693 130.2966 0 194.4838 12.3738 0 0 9 0 0 98
Jun 6th 15:04:22.965 UTC 2 15 1 45 35 5992 143.6611 0 184.5348 17.30605 0 0 3 0 0 188
Jun 6th 15:03:27.562 UTC 3 14 0 33 28 3693 126.7641 0 194.4838 12.62223 0 0 9 0 0 94
Jun 6th 15:03:22.973 UTC 2 14 1 44 35 5815 143.6611 0 182.316 17.46111 0 0 3 0 0 176
Jun 6th 15:02:27.553 UTC 3 12 0 31 26 3524 122.2901 0 198.3101 13.19623 0 0 9 0 0 88
Jun 6th 15:02:22.974 UTC 2 15 1 38 32 4860 128.832 0 180.9188 16.93979 0 0 3 0 0 167
Jun 6th 15:01:26.603 UTC 3 14 1 31 20 3524 96.19949 0 198.3101 13.89807 0 0 8 0 0 83
Jun 6th 15:01:22.963 UTC 2 15 1 35 30 4517 117.8992 0 175.996 16.19504 0 0 3 0 0 157
Jun 6th 15:00:26.594 UTC 3 15 1 27 17 3076 78.74727 0 210.6397 12.44054 0 0 8 0 0 77
Jun 6th 15:00:22.964 UTC 2 15 1 35 27 4517 104.1742 0 175.996 16.03951 0 0 3 0 0 148
Jun 6th 14:59:26.595 UTC 3 14 1 24 15 2708 67.0646 0 204.7183 13.12195 0 0 8 0 0 69
Jun 6th 14:59:22.973 UTC 2 14 1 33 26 4161 99.74813 0 175.314 16.0057 0 0 3 0 0 142
Jun 6th 14:58:26.604 UTC 3 15 1 20 12 2419 45.71605 0 211.9675 11.56047 0 0 8 0 0 65
Jun 6th 14:58:22.974 UTC 2 15 0 31 22 3853 78.71547 0 172.138 15.8677 0 0 3 0 0 130
Jun 6th 14:57:26.602 UTC 3 14 0 20 12 2419 45.71605 0 211.9675 11.65147 0 0 8 0 0 59
Jun 6th 14:57:22.974 UTC 2 15 1 28 20 3575 71.58012 0 167.4664 14.61976 0 0 3 0 0 121
Jun 6th 14:56:25.635 UTC 3 15 1 19 10 2235 35.22684 0 211.5427 11.02479 0 0 7 0 0 57
Jun 6th 14:56:21.881 UTC 2 14 1 26 19 3338 69.05273 0 165.9283 15.22116 0 0 2 0 0 109
Jun 6th 14:55:25.622 UTC 3 12 1 17 10 2115 35.22684 0 217.9483 11.73298 0 0 7 0 0 49
Jun 6th 14:55:20.350 UTC 2 14 1 23 18 2797 62.66093 0 163.0321 15.45661 0 0 1 0 0 102
Jun 6th 14:54:24.713 UTC 3 13 0 13 8 1712 27.38306 0 194.1962 11.96272 0 0 6 0 0 45
Jun 6th 14:54:20.350 UTC 2 15 1 20 14 2431 40.60393 0 161.9121 14.12099 0 0 1 0 0 90
Jun 6th 14:53:22.774 UTC 3 12 1 13 6 1712 20.85401 0 194.1962 12.85331 0 0 4 0 0 40
Jun 6th 14:53:20.350 UTC 2 14 0 19 12 2371 31.26352 0 155.129 15.32172 0 0 1 0 0 80
Jun 6th 14:52:22.042 UTC 3 13 1 10 3 1272 11.58697 0 162.3503 10.00665 0 0 3 0 0 37
Jun 6th 14:52:20.351 UTC 2 15 1 19 6 2371 10.61376 0 155.129 14.46914 0 0 1 0 0 68
Jun 6th 14:51:22.052 UTC 3 15 1 8 1 1009 3.634692 0 169.3386 10.00665 0 0 3 0 0 33
Jun 6th 14:51:20.340 UTC 2 15 1 16 5 2047 8.296989 0 149.6943 12.20728 0 0 1 0 0 57
Jun 6th 14:50:22.054 UTC 3 15 1 4 0 487 0 0 152.4601 6.18971 0 0 3 0 0 28
Jun 6th 14:50:20.349 UTC 2 15 1 14 3 1858 4.231471 0 147.915 9.929029 0 0 1 0 0 47
Jun 6th 14:49:22.045 UTC 3 11 1 2 0 230 0 0 158.4287 5.791263 0 0 3 0 0 19
Jun 6th 14:49:20.352 UTC 2 15 1 5 2 472 3.277316 0 72.3251 8.059274 0 0 1 0 0 41
Jun 6th 14:48:21.033 UTC 3 9 0 1 0 121 0 0 151.6464 5.905044 0 0 2 0 0 14
Jun 6th 14:48:20.339 UTC 2 15 1 2 1 169 1.384965 0 72.63675 7.331869 0 0 1 0 0 31
Jun 6th 14:47:20.348 UTC 2 10 1 2 0 169 0 0 72.63675 8.107274 0 0 1 0 0 22
Jun 6th 14:47:19.102 UTC 3 6 1 0 0 0 0 0 NaN 4.881555 0 0 0 0 0 8
Jun 6th 14:46:20.349 UTC 2 4 1 0 0 0 0 0 NaN 10.20483 0 0 1 0 0 13
Jun 6th 14:46:19.100 UTC 3 1 1 0 0 0 0 0 NaN 7.622444 0 0 0 0 0 2
Jun 6th 14:45:19.264 UTC 3 0 0 0 0 0 0 0 NaN NaN 0 0 0 0 0 0
Jun 6th 14:45:19.260 UTC 2 0 0 0 0 0 0 0 NaN NaN 0 0 0 0 0 0