dt1 dt2 dt3 dt4 controller drones queue deliveries fullTrips revenue costs penalties avgDelTime avgWaitTime fDel fRet fLaunch collisions unknown total
Jun 8th 22:49:37.827 UTC 3 13 40 1105 1098 145577 3571.873 5.6 289.0909 160.2117 1 0 162 0 0 1980
Jun 8th 22:49:09.051 UTC 2 13 40 1318 1310 171804 3488.991 0 308.1925 203.0479 0 0 160 0 0 3439
Jun 8th 22:48:37.817 UTC 3 12 39 1104 1096 145517 3565.2 5.6 289.1747 160.4497 1 0 162 0 0 1976
Jun 8th 22:48:09.052 UTC 2 15 40 1313 1305 171110 3477.26 0 306.1396 203.3569 0 0 160 0 0 3427
Jun 8th 22:47:36.091 UTC 3 15 40 1102 1090 145114 3550.69 5.6 289.4766 160.7397 1 0 160 0 0 1969
Jun 8th 22:47:09.062 UTC 2 13 40 1309 1304 170464 3474.708 0 306.621 203.7115 0 0 160 0 0 3420
Jun 8th 22:46:36.102 UTC 3 15 40 1097 1089 144565 3546.813 5.6 285.5233 160.8177 1 0 160 0 0 1962
Jun 8th 22:46:09.060 UTC 2 13 39 1305 1300 169892 3465.504 0 307.0893 201.9202 0 0 160 0 0 3410
Jun 8th 22:45:36.102 UTC 3 14 40 1092 1086 144018 3538.806 5.6 286.0514 161.3553 1 0 160 0 0 1955
Jun 8th 22:45:08.062 UTC 2 14 39 1301 1294 169299 3448.151 0 307.7579 202.2543 0 0 159 0 0 3404
Jun 8th 22:44:36.091 UTC 3 15 37 1089 1083 143607 3529.513 5.6 286.4531 161.6278 1 0 160 0 0 1948
Jun 8th 22:44:08.082 UTC 2 15 40 1300 1288 169239 3432.042 0 307.9068 202.872 0 0 159 0 0 3395
Jun 8th 22:43:36.087 UTC 3 14 37 1087 1079 143279 3515.294 5.6 286.684 157.8214 1 0 160 0 0 1943
Jun 8th 22:43:08.069 UTC 2 15 40 1295 1285 168573 3423.672 0 304.2129 203.2593 0 0 159 0 0 3382
Jun 8th 22:42:36.102 UTC 3 15 40 1084 1074 142845 3497.915 5.6 286.9433 158.1414 1 0 160 0 0 1938
Jun 8th 22:42:08.071 UTC 2 15 40 1291 1283 168145 3418.927 0 304.4855 203.5175 0 0 159 0 0 3374
Jun 8th 22:41:36.102 UTC 3 14 39 1081 1072 142596 3492.302 5.6 287.1588 158.4447 1 0 160 0 0 1934
Jun 8th 22:41:08.085 UTC 2 15 40 1285 1280 167501 3412.448 0 305.0121 203.8691 0 0 159 0 0 3363
Jun 8th 22:40:36.091 UTC 3 14 39 1077 1069 141784 3482.476 5.6 287.2753 158.5873 1 0 160 0 0 1931
Jun 8th 22:40:08.073 UTC 2 14 39 1282 1277 167177 3405.533 0 305.5116 199.9192 0 0 159 0 0 3350
Jun 8th 22:39:36.101 UTC 3 15 39 1073 1067 141190 3476.135 5.6 287.3678 158.699 1 0 160 0 0 1925
Jun 8th 22:39:08.071 UTC 2 14 39 1279 1271 166737 3386.284 0 305.7933 200.7592 0 0 159 0 0 3341
Jun 8th 22:38:36.102 UTC 3 14 39 1070 1065 140700 3470.88 5.6 287.5274 158.9561 1 0 160 0 0 1919
Jun 8th 22:38:07.092 UTC 2 15 40 1277 1265 166503 3368.344 0 306.1206 201.0961 0 0 158 0 0 3333
Jun 8th 22:37:36.101 UTC 3 13 39 1067 1062 140307 3462.525 5.6 287.5658 159.5013 1 0 160 0 0 1914
Jun 8th 22:37:06.100 UTC 2 15 40 1274 1262 166142 3362.989 0 302.4795 201.4329 0 0 157 0 0 3325
Jun 8th 22:36:33.787 UTC 3 14 39 1065 1058 140118 3445.963 5.6 287.7241 159.1969 1 0 157 0 0 1908
Jun 8th 22:36:06.100 UTC 2 15 40 1268 1260 165397 3358.541 0 300.0676 201.7101 0 0 157 0 0 3316
Jun 8th 22:35:33.774 UTC 3 14 39 1062 1052 139696 3424.79 5.6 288.1552 159.3561 1 0 157 0 0 1902
Jun 8th 22:35:06.091 UTC 2 15 40 1261 1258 164540 3355.152 0 298.941 202.0228 0 0 157 0 0 3306
Jun 8th 22:34:32.940 UTC 3 15 40 1060 1047 139507 3407.529 5.6 288.4996 159.6625 1 0 156 0 0 1897
Jun 8th 22:34:06.100 UTC 2 14 39 1259 1254 164229 3345.052 0 299.2808 196.1881 0 0 157 0 0 3296
Jun 8th 22:33:32.949 UTC 3 15 40 1060 1046 139507 3405.886 5.6 288.4996 159.8106 1 0 156 0 0 1891
Jun 8th 22:33:06.100 UTC 2 13 39 1258 1249 164120 3331.726 0 299.3083 194.4931 0 0 157 0 0 3286
Jun 8th 22:32:32.949 UTC 3 15 40 1052 1046 138572 3405.886 5.6 287.6395 159.8106 1 0 156 0 0 1884
Jun 8th 22:32:06.111 UTC 2 15 40 1252 1244 163388 3315.422 0 300.2719 194.6729 0 0 157 0 0 3280
Jun 8th 22:31:32.941 UTC 3 15 39 1047 1044 137982 3400.981 5.6 286.9433 160.0924 1 0 156 0 0 1878
Jun 8th 22:31:06.100 UTC 2 12 39 1250 1242 163082 3309.072 0 300.3563 195.278 0 0 157 0 0 3269
Jun 8th 22:30:32.265 UTC 3 13 40 1046 1042 137805 3394.363 5.6 287.0126 160.6418 1 0 155 0 0 1872
Jun 8th 22:30:05.101 UTC 2 14 40 1247 1237 162640 3295.8 0 300.7401 195.6095 0 0 156 0 0 3262
Jun 8th 22:29:32.264 UTC 3 12 38 1044 1038 137591 3381.515 5.6 287.3397 160.2831 1 0 155 0 0 1864
Jun 8th 22:29:05.092 UTC 2 15 40 1241 1236 161854 3293.097 0 301.4386 195.6095 0 0 156 0 0 3254
Jun 8th 22:28:31.601 UTC 3 11 40 1042 1034 137283 3372.944 5.6 287.6922 158.9268 1 0 154 0 0 1859
Jun 8th 22:28:05.111 UTC 2 14 40 1238 1232 161508 3280.311 0 301.5963 196.2143 0 0 156 0 0 3245
Jun 8th 22:27:29.942 UTC 3 15 40 1038 1028 136909 3357.875 5.6 288.2456 159.1673 1 0 152 0 0 1852
Jun 8th 22:27:05.101 UTC 2 14 40 1236 1227 161222 3268.136 0 301.8005 196.8142 0 0 156 0 0 3237
Jun 8th 22:26:29.162 UTC 3 14 39 1033 1026 136174 3350.657 5.6 288.88 159.6054 1 0 151 0 0 1845
Jun 8th 22:26:04.111 UTC 2 14 40 1231 1225 160433 3263.155 0 302.5857 196.9467 0 0 155 0 0 3227
Jun 8th 22:25:28.287 UTC 3 15 40 1028 1022 135316 3335.493 5.6 289.5343 159.9827 1 0 150 0 0 1839
Jun 8th 22:25:04.121 UTC 2 15 40 1229 1220 160199 3251.549 0 302.8536 197.4269 0 0 155 0 0 3220
Jun 8th 22:24:28.287 UTC 3 13 40 1027 1019 135139 3325.578 5.6 289.6754 160.4448 1 0 150 0 0 1832
Jun 8th 22:24:04.121 UTC 2 13 39 1223 1218 159500 3248.514 0 300.0082 198.0563 0 0 155 0 0 3210
Jun 8th 22:23:26.683 UTC 3 14 40 1026 1014 135059 3308.936 5.6 289.8346 160.8808 1 0 148 0 0 1826
Jun 8th 22:23:04.111 UTC 2 15 40 1220 1210 159280 3219.437 0 300.5106 198.827 0 0 155 0 0 3200
Jun 8th 22:22:26.694 UTC 3 15 39 1021 1012 134468 3305.787 5.6 289.6856 160.9983 1 0 148 0 0 1822
Jun 8th 22:22:03.089 UTC 2 15 39 1218 1208 159023 3215.955 0 300.735 195.5778 0 0 154 0 0 3190
Jun 8th 22:21:26.693 UTC 3 15 39 1015 1010 133593 3300.221 5.6 290.2296 161.2494 1 0 148 0 0 1815
Jun 8th 22:21:03.081 UTC 2 15 40 1214 1203 158523 3201.905 0 301.3669 196.1618 0 0 154 0 0 3183
Jun 8th 22:20:26.684 UTC 3 14 37 1012 1008 133111 3296.72 5.6 290.3441 161.7051 1 0 148 0 0 1808
Jun 8th 22:20:03.074 UTC 2 15 40 1211 1200 158022 3194.54 0 301.6817 196.5021 0 0 154 0 0 3173
Jun 8th 22:19:25.837 UTC 3 13 40 1009 1004 132776 3283.663 5.6 290.7464 161.6954 1 0 147 0 0 1804
Jun 8th 22:19:03.073 UTC 2 15 40 1204 1199 157347 3192.727 0 295.9446 196.6246 0 0 154 0 0 3165
Jun 8th 22:18:25.828 UTC 3 15 38 1006 997 132268 3260.722 5.6 290.9545 161.8335 1 0 147 0 0 1795
Jun 8th 22:18:03.085 UTC 2 14 40 1201 1195 156993 3180.269 0 292.6718 197.3017 0 0 154 0 0 3157
Jun 8th 22:17:25.826 UTC 3 12 40 1004 995 131827 3251.439 5.6 291.2775 162.0464 1 0 147 0 0 1791
Jun 8th 22:17:03.083 UTC 2 15 40 1199 1190 156692 3162.424 0 290.3916 195.4631 0 0 154 0 0 3147
Jun 8th 22:16:25.818 UTC 3 14 40 1002 990 131687 3234.152 5.6 291.6647 162.2009 1 0 147 0 0 1783
Jun 8th 22:16:03.073 UTC 2 14 39 1198 1189 156632 3158.707 0 290.5577 195.7553 0 0 154 0 0 3138
Jun 8th 22:15:25.835 UTC 3 15 40 997 987 131126 3220.9 5.6 289.0676 162.4211 1 0 147 0 0 1777
Jun 8th 22:15:03.085 UTC 2 13 40 1192 1185 156070 3147.142 0 285.8989 186.0926 0 0 154 0 0 3133
Jun 8th 22:14:25.827 UTC 3 15 40 992 987 130526 3220.9 5.6 285.6434 162.4211 1 0 147 0 0 1769
Jun 8th 22:14:02.111 UTC 2 14 40 1189 1182 155675 3137.476 0 286.3793 186.3909 0 0 153 0 0 3126
Jun 8th 22:13:25.826 UTC 3 14 40 991 986 130466 3219.572 5.6 285.7295 162.7216 1 0 147 0 0 1760
Jun 8th 22:13:01.121 UTC 2 15 40 1186 1177 155187 3122.831 0 286.5436 186.9536 0 0 152 0 0 3119
Jun 8th 22:12:24.856 UTC 3 14 38 987 983 129998 3209.194 5.6 284.4107 160.081 1 0 146 0 0 1754
Jun 8th 22:12:00.043 UTC 2 13 40 1182 1176 154649 3119.018 0 286.2288 181.9408 0 0 151 0 0 3108
Jun 8th 22:11:24.857 UTC 3 13 39 986 978 129844 3193.95 5.6 284.4518 157.0066 1 0 146 0 0 1749
Jun 8th 22:10:57.877 UTC 2 14 40 1179 1172 154312 3105.835 0 286.5954 182.3916 0 0 149 0 0 3098
Jun 8th 22:10:23.932 UTC 3 15 37 983 974 129404 3178.042 5.6 285.0135 157.27 1 0 145 0 0 1744
Jun 8th 22:09:57.889 UTC 2 13 40 1177 1170 153981 3098.569 0 286.3105 182.8211 0 0 149 0 0 3086
Jun 8th 22:09:23.952 UTC 3 12 39 982 974 129227 3178.042 5.6 285.193 155.8853 1 0 145 0 0 1743
Jun 8th 22:08:57.878 UTC 2 14 40 1175 1165 153737 3083.628 0 286.5367 182.4176 0 0 149 0 0 3075
Jun 8th 22:08:21.755 UTC 3 12 40 978 970 128559 3161.828 5.6 285.7639 156.4426 1 0 143 0 0 1736
Jun 8th 22:07:57.888 UTC 2 15 40 1170 1163 153137 3076.774 0 287.1761 182.5472 0 0 149 0 0 3069
Jun 8th 22:07:20.713 UTC 3 15 40 974 966 128084 3148.448 5.6 286.0093 156.5975 1 0 142 0 0 1728
Jun 8th 22:06:57.887 UTC 2 13 40 1167 1161 152968 3070.028 0 284.5793 182.6438 0 0 149 0 0 3061
Jun 8th 22:06:20.723 UTC 3 15 40 972 964 127895 3143.371 5.6 286.4055 156.877 1 0 142 0 0 1723
Jun 8th 22:05:56.643 UTC 2 15 39 1164 1156 152699 3056.804 0 284.4335 183.0902 0 0 148 0 0 3050
Jun 8th 22:05:20.725 UTC 3 13 38 968 963 127245 3141.705 5.6 284.9459 157.3414 1 0 142 0 0 1714
Jun 8th 22:04:56.652 UTC 2 15 40 1161 1153 152395 3050.575 0 284.5815 183.4602 0 0 148 0 0 3044
Jun 8th 22:04:18.412 UTC 3 13 39 964 959 126450 3125.622 5.6 284.1678 157.8 1 0 140 0 0 1709
Jun 8th 22:03:55.358 UTC 2 14 40 1157 1151 151588 3047.352 0 284.9548 180.7489 0 0 147 0 0 3033
Jun 8th 22:03:18.408 UTC 3 14 36 962 955 126193 3107.445 5.6 284.5234 158.2338 1 0 140 0 0 1703
Jun 8th 22:02:54.498 UTC 2 14 39 1152 1146 150776 3036.537 0 285.5626 180.9413 0 0 146 0 0 3024
Jun 8th 22:02:18.408 UTC 3 14 36 962 951 126193 3097.664 5.6 284.5234 155.5612 1 0 140 0 0 1699
Jun 8th 22:01:53.539 UTC 2 13 40 1150 1142 150490 3027.777 0 285.8784 181.4644 0 0 145 0 0 3014
Jun 8th 22:01:15.981 UTC 3 12 38 958 950 125742 3094.1 5.6 283.3334 155.977 1 0 137 0 0 1695
Jun 8th 22:00:51.552 UTC 2 14 40 1145 1137 149813 3016.158 0 286.7128 181.8841 0 0 143 0 0 3002
Jun 8th 22:00:14.333 UTC 3 15 39 953 946 124966 3081.44 5.6 280.8321 156.1076 1 0 135 0 0 1689
Jun 8th 21:59:51.560 UTC 2 14 40 1141 1132 149222 3001.074 0 287.3231 182.611 0 0 143 0 0 2992
Jun 8th 21:59:14.338 UTC 3 14 38 951 945 124666 3078.048 5.6 280.5213 156.3321 1 0 135 0 0 1686
Jun 8th 21:58:51.558 UTC 2 14 40 1136 1129 148716 2992.349 0 287.9962 183.0123 0 0 143 0 0 2981
Jun 8th 21:58:14.339 UTC 3 14 36 947 943 123957 3071.934 5.6 281.071 154.9033 1 0 135 0 0 1682
Jun 8th 21:57:51.553 UTC 2 14 40 1134 1125 148502 2981.193 0 288.3062 183.5578 0 0 143 0 0 2970
Jun 8th 21:57:13.368 UTC 3 12 38 945 940 123555 3064.847 5.6 281.3559 152.2689 1 0 134 0 0 1678
Jun 8th 21:56:51.551 UTC 2 14 38 1129 1122 147918 2972.446 0 286.1254 184.0134 0 0 143 0 0 2957
Jun 8th 21:56:12.451 UTC 3 14 39 942 933 123232 3041.558 5.6 281.8021 152.7615 1 0 133 0 0 1673
Jun 8th 21:55:49.573 UTC 2 14 39 1125 1118 147243 2963.9 0 286.7276 184.5056 0 0 141 0 0 2948
Jun 8th 21:55:12.441 UTC 3 15 39 940 930 122901 3033.889 5.6 282.0552 153.0582 1 0 133 0 0 1670
Jun 8th 21:54:49.561 UTC 2 15 39 1122 1114 146952 2955.268 0 285.5417 184.963 0 0 141 0 0 2936
Jun 8th 21:54:12.441 UTC 3 15 38 936 927 122448 3023.042 5.6 282.0132 153.4037 1 0 133 0 0 1664
Jun 8th 21:53:49.574 UTC 2 14 40 1117 1109 146352 2939.587 0 285.8693 183.0053 0 0 141 0 0 2927
Jun 8th 21:53:12.432 UTC 3 15 40 930 923 121646 3013.645 5.6 282.2514 153.9275 1 0 133 0 0 1659
Jun 8th 21:52:49.572 UTC 2 15 40 1114 1106 146055 2929.905 0 285.749 183.302 0 0 141 0 0 2919
Jun 8th 21:52:12.452 UTC 3 15 39 930 921 121646 3004.933 5.6 282.2514 154.1996 1 0 133 0 0 1654
Jun 8th 21:51:49.564 UTC 2 15 40 1111 1103 145621 2922.438 0 285.3451 182.0541 0 0 141 0 0 2908
Jun 8th 21:51:12.441 UTC 3 13 40 923 919 120837 2998.604 5.6 283.0902 153.5911 1 0 133 0 0 1649
Jun 8th 21:50:48.563 UTC 2 15 40 1106 1100 145144 2916.17 0 285.27 182.0765 0 0 140 0 0 2899
Jun 8th 21:50:10.757 UTC 3 11 39 923 917 120837 2993.144 5.6 283.0902 154.0482 1 0 131 0 0 1642
Jun 8th 21:49:47.642 UTC 2 13 39 1103 1098 144728 2911.479 0 285.5643 182.1697 0 0 139 0 0 2889
Jun 8th 21:49:10.767 UTC 3 14 40 920 909 120251 2973.247 5.6 283.4175 154.4615 1 0 131 0 0 1637
Jun 8th 21:48:46.641 UTC 2 14 40 1099 1092 144190 2899.254 0 286.2356 181.5153 0 0 138 0 0 2883
Jun 8th 21:48:10.768 UTC 3 15 40 915 906 119460 2963.983 5.6 283.7681 154.754 1 0 131 0 0 1628
Jun 8th 21:47:45.702 UTC 2 13 40 1096 1088 143832 2887.852 0 286.7218 181.9014 0 0 137 0 0 2875
Jun 8th 21:47:10.756 UTC 3 14 40 910 905 118784 2961.322 5.6 284.3544 155.0781 1 0 131 0 0 1621
Jun 8th 21:46:45.693 UTC 2 14 40 1092 1083 143332 2874.523 0 287.3578 182.4418 0 0 137 0 0 2868
Jun 8th 21:46:10.777 UTC 3 13 39 908 902 118547 2955.064 5.6 284.69 155.3067 1 0 131 0 0 1614
Jun 8th 21:45:45.694 UTC 2 15 40 1089 1078 142986 2861.883 0 287.9034 183.03 0 0 137 0 0 2859
Jun 8th 21:45:10.765 UTC 3 11 40 905 898 118269 2938.218 5.6 285.1647 155.6644 1 0 131 0 0 1608
Jun 8th 21:44:45.683 UTC 2 15 40 1084 1075 142266 2852.577 0 288.0276 183.452 0 0 137 0 0 2850
Jun 8th 21:44:09.888 UTC 3 15 40 902 892 117848 2918.127 5.6 285.6552 155.9692 1 0 130 0 0 1602
Jun 8th 21:43:44.653 UTC 2 15 39 1079 1072 141652 2844.102 0 288.2621 183.915 0 0 136 0 0 2841
Jun 8th 21:43:09.888 UTC 3 15 40 900 888 117688 2902.806 5.6 286.0369 156.523 1 0 130 0 0 1595
Jun 8th 21:42:44.652 UTC 2 14 40 1077 1071 141418 2842.889 0 288.3342 184.2103 0 0 136 0 0 2833
Jun 8th 21:42:09.897 UTC 3 15 40 898 886 117285 2896.038 5.6 286.367 156.7241 1 0 130 0 0 1589
Jun 8th 21:41:44.653 UTC 2 13 39 1071 1066 140752 2829.48 0 289.2487 184.0851 0 0 136 0 0 2825
Jun 8th 21:41:09.898 UTC 3 15 40 892 884 116552 2889.987 5.6 285.8082 157.0195 1 0 130 0 0 1582
Jun 8th 21:40:44.662 UTC 2 14 39 1070 1062 140692 2821.665 0 289.4378 184.3501 0 0 136 0 0 2817
Jun 8th 21:40:09.887 UTC 3 15 40 889 883 116093 2887.674 5.6 286.0345 157.1387 1 0 130 0 0 1575
Jun 8th 21:39:43.631 UTC 2 14 39 1065 1057 140112 2810.046 0 290.0652 185.1729 0 0 135 0 0 2806
Jun 8th 21:39:09.897 UTC 3 13 36 885 883 115541 2887.674 5.6 286.5902 157.4783 1 0 130 0 0 1569
Jun 8th 21:38:43.632 UTC 2 15 40 1061 1053 139540 2801.49 0 290.5937 185.5984 0 0 135 0 0 2798
Jun 8th 21:38:09.898 UTC 3 13 38 883 877 115187 2867.391 5.6 286.8252 157.0302 1 0 130 0 0 1565
Jun 8th 21:37:43.642 UTC 2 15 40 1056 1048 138990 2788.174 0 291.2827 186.1586 0 0 135 0 0 2786
Jun 8th 21:37:08.879 UTC 3 13 39 882 872 114939 2852.584 5.6 287.0609 157.7831 1 0 129 0 0 1559
Jun 8th 21:36:43.632 UTC 2 14 40 1053 1045 138515 2783.196 0 291.7384 186.6645 0 0 135 0 0 2778
Jun 8th 21:36:08.881 UTC 3 15 40 879 867 114402 2835.036 5.6 287.4909 158.1375 1 0 129 0 0 1555
Jun 8th 21:35:43.631 UTC 2 11 39 1048 1043 137931 2777.899 0 292.6691 187.1966 0 0 135 0 0 2769
Jun 8th 21:35:08.890 UTC 3 15 40 876 866 113991 2831.692 5.6 287.9997 158.2274 1 0 129 0 0 1547
Jun 8th 21:34:43.621 UTC 2 15 40 1045 1034 137355 2751.294 0 293.0725 187.9853 0 0 135 0 0 2760
Jun 8th 21:34:08.888 UTC 3 14 39 870 865 113375 2826.545 5.6 288.2317 158.4533 1 0 129 0 0 1544
Jun 8th 21:33:43.642 UTC 2 15 40 1041 1032 136764 2745.059 0 293.75 188.3068 0 0 135 0 0 2749
Jun 8th 21:33:08.878 UTC 3 15 40 866 861 112803 2814.272 5.6 288.3793 158.8853 1 0 129 0 0 1540
Jun 8th 21:32:43.631 UTC 2 15 40 1039 1028 136575 2733.373 0 294.0858 188.9227 0 0 135 0 0 2741
Jun 8th 21:32:08.888 UTC 3 14 38 866 859 112803 2807.765 5.6 288.3793 159.3661 1 0 129 0 0 1532
Jun 8th 21:31:43.632 UTC 2 15 40 1032 1024 135638 2723.857 0 291.9831 189.4722 0 0 135 0 0 2729
Jun 8th 21:31:08.889 UTC 3 14 40 863 853 112574 2785.871 5.6 288.776 159.3805 1 0 129 0 0 1526
Jun 8th 21:30:42.663 UTC 2 15 40 1029 1023 135272 2721.307 0 291.8869 189.6454 0 0 134 0 0 2722
Jun 8th 21:30:08.132 UTC 3 13 40 859 850 112022 2775.892 5.6 288.9572 159.8011 1 0 128 0 0 1520
Jun 8th 21:29:42.662 UTC 2 12 40 1024 1022 134299 2718.646 0 291.9842 188.3067 0 0 134 0 0 2714
Jun 8th 21:29:08.134 UTC 3 15 40 857 846 111716 2763.693 5.6 289.291 160.0338 1 0 128 0 0 1513
Jun 8th 21:28:42.652 UTC 2 11 39 1023 1017 134219 2707.754 0 292.096 187.639 0 0 134 0 0 2704
Jun 8th 21:28:08.144 UTC 3 15 38 853 845 111196 2759.988 5.6 290.0857 160.2093 1 0 128 0 0 1506
Jun 8th 21:27:40.744 UTC 2 11 39 1020 1013 133802 2698.216 0 292.7071 187.6309 0 0 132 0 0 2696
Jun 8th 21:27:08.143 UTC 3 12 37 849 845 110765 2759.988 5.6 290.2163 160.4819 1 0 128 0 0 1502
Jun 8th 21:26:39.651 UTC 2 15 40 1015 1006 133051 2675.604 0 293.5991 188.0852 0 0 131 0 0 2684
Jun 8th 21:26:06.602 UTC 3 15 38 846 839 110374 2739.976 5.6 290.4636 160.9005 1 0 126 0 0 1498
Jun 8th 21:25:39.642 UTC 2 14 40 1014 1004 132991 2669.978 0 293.7473 188.6089 0 0 131 0 0 2674
Jun 8th 21:25:06.601 UTC 3 13 39 844 837 109933 2735.072 5.6 290.8858 161.6168 1 0 126 0 0 1495
Jun 8th 21:24:38.579 UTC 2 14 40 1009 1000 132108 2660.797 0 293.7053 189.1824 0 0 130 0 0 2662
Jun 8th 21:24:05.612 UTC 3 14 39 843 833 109749 2722.664 5.6 291.1065 161.729 1 0 125 0 0 1491
Jun 8th 21:23:38.579 UTC 2 15 40 1002 998 131283 2655.857 0 293.2162 189.3557 0 0 130 0 0 2650
Jun 8th 21:23:05.632 UTC 3 15 40 838 829 109266 2710.238 5.6 291.66 162.1054 1 0 125 0 0 1488
Jun 8th 21:22:38.570 UTC 2 15 40 1001 993 131174 2645.02 0 293.4185 190.217 0 0 130 0 0 2640
Jun 8th 21:22:04.891 UTC 3 14 40 835 826 108772 2700.527 5.6 291.7216 162.8371 1 0 124 0 0 1482
Jun 8th 21:21:37.582 UTC 2 13 40 997 991 130407 2641.576 0 293.7315 189.0039 0 0 129 0 0 2631
Jun 8th 21:21:04.891 UTC 3 15 40 830 823 107917 2693.58 5.6 292.0606 163.2028 1 0 124 0 0 1478
Jun 8th 21:20:35.448 UTC 2 15 39 993 985 129936 2629.089 0 294.2697 189.1611 0 0 127 0 0 2621
Jun 8th 21:20:03.993 UTC 3 13 39 827 821 107289 2686.327 5.6 292.5501 163.5623 1 0 123 0 0 1471
Jun 8th 21:19:35.440 UTC 2 13 40 989 981 129388 2618.645 0 295.1948 189.7796 0 0 127 0 0 2612
Jun 8th 21:19:03.983 UTC 3 14 39 824 816 106966 2667.601 5.6 292.7333 163.3831 1 0 123 0 0 1467
Jun 8th 21:18:35.461 UTC 2 14 39 985 975 128862 2608.777 0 296.0248 190.52 0 0 127 0 0 2600
Jun 8th 21:18:03.143 UTC 3 15 39 821 812 106766 2653.924 5.6 293.2527 163.6787 1 0 122 0 0 1462
Jun 8th 21:17:34.254 UTC 2 13 39 977 972 127934 2602.44 0 296.5673 191.2238 0 0 126 0 0 2590
Jun 8th 21:17:03.154 UTC 3 14 37 819 811 106458 2652.242 5.6 293.6143 163.8451 1 0 122 0 0 1458
Jun 8th 21:16:34.254 UTC 2 14 40 973 965 127391 2583.399 0 296.9911 192.2321 0 0 126 0 0 2579
Jun 8th 21:16:03.143 UTC 3 15 40 816 805 105925 2628.625 5.6 294.0952 164.36 1 0 122 0 0 1455
Jun 8th 21:15:34.266 UTC 2 14 40 971 963 127105 2579.343 0 297.3886 192.5976 0 0 126 0 0 2567
Jun 8th 21:15:03.143 UTC 3 15 40 810 803 105108 2618.439 5.6 291.3478 164.6271 1 0 122 0 0 1450
Jun 8th 21:14:33.193 UTC 2 14 40 966 958 126475 2566.537 0 297.7159 192.1125 0 0 125 0 0 2556
Jun 8th 21:14:03.154 UTC 3 15 40 808 801 104948 2608.62 5.6 291.6744 164.9799 1 0 122 0 0 1445
Jun 8th 21:13:33.183 UTC 2 14 40 962 956 126042 2561.396 0 298.3063 192.4638 0 0 125 0 0 2549
Jun 8th 21:13:03.154 UTC 3 15 39 808 799 104948 2602.582 5.6 291.6744 165.3025 1 0 122 0 0 1439
Jun 8th 21:12:33.193 UTC 2 14 39 960 951 125805 2548.255 0 298.657 193.3507 0 0 125 0 0 2538
Jun 8th 21:12:03.144 UTC 3 12 38 805 798 104521 2598.628 5.6 284.1978 162.3778 1 0 122 0 0 1434
Jun 8th 21:11:32.194 UTC 2 15 40 955 946 124879 2534.504 0 299.0291 193.37 0 0 124 0 0 2528
Jun 8th 21:11:01.504 UTC 3 15 40 802 793 103987 2581.936 5.6 283.1312 162.6984 1 0 120 0 0 1432
Jun 8th 21:10:32.194 UTC 2 15 40 950 942 124396 2525.578 0 299.7769 194.0562 0 0 124 0 0 2515
Jun 8th 21:10:01.494 UTC 3 15 39 798 792 103370 2579.07 5.6 283.1945 162.8479 1 0 120 0 0 1429
Jun 8th 21:09:31.143 UTC 2 15 39 947 939 124008 2518.906 0 300.362 194.0384 0 0 123 0 0 2506
Jun 8th 21:09:01.492 UTC 3 14 36 796 789 102978 2568.581 5.6 283.5191 155.8354 1 0 120 0 0 1422
Jun 8th 21:08:30.072 UTC 2 14 40 942 935 123207 2507.105 0 301.4263 194.9317 0 0 122 0 0 2494
Jun 8th 21:07:59.909 UTC 3 15 39 793 785 102530 2554.798 5.6 283.2338 154.941 1 0 118 0 0 1420
Jun 8th 21:07:30.071 UTC 2 10 40 940 933 123013 2500.078 0 301.8206 195.8537 0 0 122 0 0 2481
Jun 8th 21:06:58.246 UTC 3 14 40 792 783 102346 2551.001 5.6 283.4037 154.909 1 0 116 0 0 1415
Jun 8th 21:06:30.085 UTC 2 15 40 937 925 122599 2476.674 0 301.7331 196.3392 0 0 122 0 0 2473
Jun 8th 21:05:56.602 UTC 3 14 40 788 780 101879 2541.986 5.6 283.5097 155.3994 1 0 114 0 0 1408
Jun 8th 21:05:30.074 UTC 2 15 40 934 925 122088 2476.674 0 301.4371 196.3392 0 0 122 0 0 2464
Jun 8th 21:04:56.602 UTC 3 12 39 783 779 101510 2539.12 5.6 284.4794 155.2376 1 0 114 0 0 1404
Jun 8th 21:04:30.072 UTC 2 15 40 927 921 121105 2464.723 0 301.6897 197.0492 0 0 122 0 0 2454
Jun 8th 21:03:55.102 UTC 3 13 39 781 774 101001 2523.021 5.6 284.7382 155.7877 1 0 112 0 0 1397
Jun 8th 21:03:30.072 UTC 2 15 38 925 920 120936 2462.391 0 301.5396 197.2432 0 0 122 0 0 2446
Jun 8th 21:02:54.316 UTC 3 15 40 778 768 100412 2500.904 5.6 285.2167 156.0655 1 0 111 0 0 1390
Jun 8th 21:02:30.081 UTC 2 12 39 923 917 120511 2454.442 0 301.9417 197.1259 0 0 122 0 0 2439
Jun 8th 21:01:53.377 UTC 3 15 40 776 765 100243 2490.191 5.6 285.5831 156.4696 1 0 110 0 0 1383
Jun 8th 21:01:29.013 UTC 2 14 40 920 910 120048 2435.805 0 302.3071 196.7007 0 0 121 0 0 2432
Jun 8th 21:00:53.397 UTC 3 15 40 772 762 99581 2479.545 5.6 285.6176 156.7527 1 0 110 0 0 1374
Jun 8th 21:00:27.900 UTC 2 15 39 918 907 119623 2426.197 0 302.6584 197.0261 0 0 120 0 0 2425
Jun 8th 20:59:53.388 UTC 3 15 40 768 760 99091 2474.886 5.6 285.1237 157.1102 1 0 110 0 0 1367
Jun 8th 20:59:27.898 UTC 2 14 40 913 906 118943 2422.728 0 303.7246 197.3964 0 0 120 0 0 2415
Jun 8th 20:58:53.389 UTC 3 14 40 762 759 98228 2471.383 5.6 285.4103 157.4928 1 0 110 0 0 1362
Jun 8th 20:58:25.826 UTC 2 15 39 909 901 118086 2409.306 0 304.4557 198.0195 0 0 118 0 0 2408
Jun 8th 20:57:53.379 UTC 3 15 34 761 756 98168 2463.801 5.6 285.435 157.859 1 0 110 0 0 1352
Jun 8th 20:57:25.844 UTC 2 14 40 906 898 117671 2401.51 0 304.5166 198.784 0 0 118 0 0 2398
Jun 8th 20:56:53.400 UTC 3 13 38 760 753 98059 2450.363 5.6 285.6219 157.0231 1 0 110 0 0 1351
Jun 8th 20:56:25.838 UTC 2 14 40 903 895 117211 2394.812 0 305.2353 199.3948 0 0 118 0 0 2387
Jun 8th 20:55:52.347 UTC 3 15 40 756 747 97534 2434.152 5.6 286.2736 157.0009 1 0 109 0 0 1347
Jun 8th 20:55:24.785 UTC 2 15 40 897 891 116191 2385.485 0 306.3667 200.0362 0 0 117 0 0 2377
Jun 8th 20:54:52.346 UTC 3 13 40 755 745 97474 2424.25 5.6 286.5238 157.6405 1 0 109 0 0 1340
Jun 8th 20:54:24.796 UTC 2 12 40 894 889 115818 2378.838 0 307.1042 200.6818 0 0 117 0 0 2367
Jun 8th 20:53:52.357 UTC 3 12 40 751 743 97039 2414.826 5.6 287.3026 157.9681 1 0 109 0 0 1337
Jun 8th 20:53:23.502 UTC 2 14 40 892 882 115483 2361.874 0 307.5204 201.7185 0 0 116 0 0 2356
Jun 8th 20:52:52.351 UTC 3 15 40 748 737 96555 2395.76 5.6 287.6412 158.471 1 0 109 0 0 1332
Jun 8th 20:52:23.493 UTC 2 15 40 889 878 114995 2351.681 0 308.152 202.2516 0 0 116 0 0 2347
Jun 8th 20:51:52.343 UTC 3 15 40 746 737 96273 2395.76 5.6 287.8738 158.471 1 0 109 0 0 1326
Jun 8th 20:51:23.505 UTC 2 14 39 882 876 114009 2345.471 0 301.8722 202.9051 0 0 116 0 0 2338
Jun 8th 20:50:52.343 UTC 3 14 40 740 736 95219 2393.354 5.6 288.0697 158.8094 1 0 109 0 0 1320
Jun 8th 20:50:23.501 UTC 2 15 40 879 870 113592 2331.615 0 301.9823 203.8317 0 0 116 0 0 2329
Jun 8th 20:49:52.348 UTC 3 14 40 737 731 94601 2380.81 5.6 287.743 159.7155 1 0 109 0 0 1314
Jun 8th 20:49:23.498 UTC 2 15 40 876 869 113298 2328.982 0 301.8902 204.04 0 0 116 0 0 2319
Jun 8th 20:48:51.513 UTC 3 15 38 736 729 94521 2377.019 5.6 288.002 159.9169 1 0 108 0 0 1308
Jun 8th 20:48:22.479 UTC 2 14 40 870 865 112685 2320.21 0 303.2119 196.8656 0 0 115 0 0 2311
Jun 8th 20:47:51.511 UTC 3 12 39 730 726 93263 2369.436 5.6 289.3124 159.7135 1 0 108 0 0 1303
Jun 8th 20:47:22.487 UTC 2 13 39 869 861 112576 2311.268 0 303.4067 197.2544 0 0 115 0 0 2300
Jun 8th 20:46:51.521 UTC 3 15 40 728 718 93094 2339.159 5.6 289.6594 160.373 1 0 108 0 0 1299
Jun 8th 20:46:20.652 UTC 2 12 40 864 858 111830 2303.794 0 304.4474 198.0661 0 0 113 0 0 2293
Jun 8th 20:45:51.521 UTC 3 14 40 727 714 92985 2328.146 5.6 289.9109 161.02 1 0 108 0 0 1292
Jun 8th 20:45:20.663 UTC 2 15 40 860 851 111353 2281.421 0 305.3015 198.9177 0 0 113 0 0 2281
Jun 8th 20:44:51.520 UTC 3 15 40 723 713 92598 2324.655 5.6 290.8081 161.02 1 0 108 0 0 1286
Jun 8th 20:44:20.662 UTC 2 13 39 857 849 111010 2276.622 0 306.0472 199.5265 0 0 113 0 0 2273
Jun 8th 20:43:51.511 UTC 3 15 39 717 711 92054 2318.886 5.6 291.0851 161.437 1 0 108 0 0 1278
Jun 8th 20:43:20.651 UTC 2 15 40 854 843 110664 2256.68 0 304.9573 200.3508 0 0 113 0 0 2266
Jun 8th 20:42:51.522 UTC 3 14 39 713 708 91482 2311.479 5.6 290.3918 162.2282 1 0 108 0 0 1271
Jun 8th 20:42:20.651 UTC 2 14 40 849 841 110209 2249.044 0 299.6459 200.9426 0 0 113 0 0 2258
Jun 8th 20:41:51.521 UTC 3 15 39 712 704 91305 2301.683 5.6 290.6628 162.8079 1 0 108 0 0 1267
Jun 8th 20:41:20.662 UTC 2 15 40 846 838 109886 2238.8 0 300.0057 201.3863 0 0 113 0 0 2244
Jun 8th 20:40:51.511 UTC 3 13 38 707 703 90577 2298.051 5.6 291.798 162.4482 1 0 108 0 0 1263
Jun 8th 20:40:20.651 UTC 2 15 40 844 835 109806 2229 0 295.2393 194.0087 0 0 113 0 0 2234
Jun 8th 20:39:51.511 UTC 3 11 38 704 699 90258 2286.187 5.6 292.3219 162.532 1 0 108 0 0 1257
Jun 8th 20:39:17.683 UTC 2 15 40 839 832 109068 2218.718 0 295.9601 194.534 0 0 110 0 0 2226
Jun 8th 20:38:50.714 UTC 3 15 40 703 691 90081 2257.403 5.6 292.5968 163.1634 1 0 107 0 0 1251
Jun 8th 20:38:17.683 UTC 2 15 40 838 831 108988 2216.36 0 296.1519 189.6721 0 0 110 0 0 2218
Jun 8th 20:37:50.002 UTC 3 14 40 701 689 89753 2253.378 5.6 292.982 163.5864 1 0 106 0 0 1246
Jun 8th 20:37:17.683 UTC 2 12 39 834 829 108690 2211.184 0 288.0248 190.6444 0 0 110 0 0 2205
Jun 8th 20:36:50.021 UTC 3 15 40 697 687 89360 2247.507 5.6 293.8846 163.7481 1 0 106 0 0 1244
Jun 8th 20:36:17.673 UTC 2 15 38 831 824 108581 2197.644 0 273.7962 191.04 0 0 110 0 0 2198
Jun 8th 20:35:50.011 UTC 3 14 39 688 686 87975 2244.041 5.6 295.4073 164.1287 1 0 106 0 0 1233
Jun 8th 20:35:16.734 UTC 2 13 38 827 821 108039 2188.147 0 274.6841 183.2661 0 0 109 0 0 2192
Jun 8th 20:34:50.011 UTC 3 15 40 688 681 87975 2226.059 5.6 295.4073 164.9727 1 0 106 0 0 1224
Jun 8th 20:34:14.807 UTC 2 13 39 824 817 107576 2179.445 0 275.0812 184.1195 0 0 107 0 0 2184
Jun 8th 20:33:50.002 UTC 3 14 40 687 678 87821 2214.96 5.6 295.4562 165.8729 1 0 106 0 0 1218
Jun 8th 20:33:10.693 UTC 2 14 40 822 814 107339 2172.284 0 275.5734 169.7316 0 0 103 0 0 2176
Jun 8th 20:32:49.072 UTC 3 14 40 684 674 87455 2202.521 5.6 296.0727 166.3618 1 0 105 0 0 1212
Jun 8th 20:32:09.745 UTC 2 13 40 817 811 106581 2164.526 0 275.6879 170.5133 0 0 102 0 0 2166
Jun 8th 20:31:48.255 UTC 3 14 39 679 672 86679 2196.761 5.6 295.9504 166.6388 1 0 104 0 0 1208
Jun 8th 20:31:08.816 UTC 2 13 40 814 806 106307 2151.58 0 275.7892 171.3607 0 0 101 0 0 2155
Jun 8th 20:30:46.756 UTC 3 13 40 676 669 86410 2184.217 5.6 296.5806 167.3826 1 0 102 0 0 1203
Jun 8th 20:30:08.816 UTC 2 14 40 810 804 105756 2144.576 0 276.5495 170.9129 0 0 101 0 0 2146
Jun 8th 20:29:46.746 UTC 3 15 40 674 665 86173 2172.225 5.6 296.6264 167.7816 1 0 102 0 0 1198
Jun 8th 20:29:08.815 UTC 2 14 39 807 798 105437 2128.84 0 276.8979 171.3824 0 0 101 0 0 2138
Jun 8th 20:28:46.746 UTC 3 14 38 670 663 85518 2163.73 5.6 297.6587 167.1773 1 0 102 0 0 1190
Jun 8th 20:28:07.745 UTC 2 15 40 803 794 104957 2119.592 0 277.4623 171.9178 0 0 100 0 0 2129
Jun 8th 20:27:45.963 UTC 3 15 38 668 659 85378 2153.031 5.6 297.9887 167.849 1 0 101 0 0 1186
Jun 8th 20:27:07.746 UTC 2 15 40 798 793 104258 2116.529 0 278.0976 172.1235 0 0 100 0 0 2116
Jun 8th 20:26:45.952 UTC 3 13 38 665 658 84863 2149.591 5.6 297.6671 168.2264 1 0 101 0 0 1183
Jun 8th 20:26:07.733 UTC 2 15 40 794 787 103629 2096.907 0 278.8243 173.1066 0 0 100 0 0 2104
Jun 8th 20:25:44.602 UTC 3 13 40 661 654 84246 2136.494 5.6 298.7503 169.0494 1 0 99 0 0 1179
Jun 8th 20:25:07.735 UTC 2 15 40 792 783 103509 2084.497 0 279.269 173.3568 0 0 100 0 0 2098
Jun 8th 20:24:44.612 UTC 3 14 38 659 652 83958 2128.255 5.6 298.7579 169.2753 1 0 99 0 0 1170
Jun 8th 20:24:07.745 UTC 2 15 40 789 777 102816 2069.773 0 280.0348 174.4679 0 0 100 0 0 2088
Jun 8th 20:23:43.693 UTC 3 13 38 657 650 83640 2121.496 5.6 299.3347 169.3535 1 0 98 0 0 1166
Jun 8th 20:23:06.866 UTC 2 14 39 785 776 102199 2065.42 0 280.9283 174.8723 0 0 99 0 0 2077
Jun 8th 20:22:42.022 UTC 3 15 40 652 645 82902 2105.269 5.6 298.5755 169.9807 1 0 96 0 0 1162
Jun 8th 20:22:06.858 UTC 2 15 40 781 772 101979 2054.88 0 273.5479 175.4816 0 0 99 0 0 2068
Jun 8th 20:21:42.014 UTC 3 15 40 650 641 82499 2093.139 5.6 298.8571 170.6185 1 0 96 0 0 1155
Jun 8th 20:21:06.866 UTC 2 15 40 775 768 101465 2042.188 0 251.2953 176.3234 0 0 99 0 0 2057
Jun 8th 20:20:42.024 UTC 3 15 40 648 639 82191 2085.165 5.6 299.3067 171.0671 1 0 96 0 0 1152
Jun 8th 20:20:05.884 UTC 2 13 39 774 767 101465 2039.291 0 243.3169 175.672 0 0 98 0 0 2048
Jun 8th 20:19:42.025 UTC 3 15 40 642 635 81342 2076.437 5.6 299.662 169.9401 1 0 96 0 0 1145
Jun 8th 20:19:04.937 UTC 2 15 40 770 763 100934 2026.217 0 235.0096 169.1886 0 0 97 0 0 2037
Jun 8th 20:18:42.014 UTC 3 15 40 642 633 81342 2069.698 5.6 299.662 170.4372 1 0 96 0 0 1142
Jun 8th 20:18:04.948 UTC 2 15 40 767 761 100368 2021.679 0 234.8371 158.9733 0 0 97 0 0 2029
Jun 8th 20:17:42.012 UTC 3 14 40 636 630 80349 2063.921 5.6 300.311 170.6496 1 0 96 0 0 1134
Jun 8th 20:17:04.949 UTC 2 13 38 764 758 99977 2011.209 0 235.0312 130.4314 0 0 97 0 0 2020
Jun 8th 20:16:41.173 UTC 3 13 39 635 626 80289 2052.676 5.6 300.6845 171.4883 1 0 95 0 0 1126
Jun 8th 20:16:04.031 UTC 2 15 39 762 751 99783 1990.61 0 235.3844 130.6346 0 0 96 0 0 2010
Jun 8th 20:15:41.164 UTC 3 15 39 631 622 79737 2040.977 5.6 301.3436 171.9578 1 0 95 0 0 1121
Jun 8th 20:15:04.022 UTC 2 14 40 760 749 99663 1984.885 0 235.6124 130.827 0 0 96 0 0 2002
Jun 8th 20:14:41.163 UTC 3 15 40 627 618 79146 2029.279 5.6 302.5262 171.9247 1 0 95 0 0 1118
Jun 8th 20:14:04.043 UTC 2 14 40 754 747 99215 1979.626 0 218.6007 131.1321 0 0 96 0 0 1991
Jun 8th 20:13:41.173 UTC 3 14 40 624 615 78755 2016.393 5.6 303.2193 172.507 1 0 95 0 0 1113
Jun 8th 20:13:04.033 UTC 2 15 39 748 743 98587 1968.588 0 212.1559 131.5019 0 0 96 0 0 1980
Jun 8th 20:12:41.163 UTC 3 15 38 620 611 77889 2004.097 5.6 303.8988 173.2525 1 0 95 0 0 1107
Jun 8th 20:12:04.032 UTC 2 15 40 747 740 98433 1962.283 0 212.202 131.9753 0 0 96 0 0 1969
Jun 8th 20:11:41.164 UTC 3 14 40 620 609 77889 1999.119 5.6 303.8988 173.8801 1 0 95 0 0 1106
Jun 8th 20:11:04.029 UTC 2 13 39 742 738 97387 1957.62 0 212.9425 109.5984 0 0 96 0 0 1958
Jun 8th 20:10:41.163 UTC 3 14 40 615 605 77183 1986.766 5.6 304.7166 174.4278 1 0 95 0 0 1099
Jun 8th 20:10:03.122 UTC 2 12 39 740 734 97247 1947.801 0 212.8367 108.3859 0 0 95 0 0 1950
Jun 8th 20:09:41.173 UTC 3 14 40 610 603 76605 1980.18 5.6 305.8129 174.8457 1 0 95 0 0 1093
Jun 8th 20:09:00.917 UTC 2 11 39 736 731 96947 1941.215 0 213.2877 108.872 0 0 93 0 0 1940
Jun 8th 20:08:41.165 UTC 3 15 40 607 602 76356 1978.632 5.6 306.142 174.8457 1 0 95 0 0 1087
Jun 8th 20:07:58.921 UTC 2 13 40 734 725 96641 1921.592 0 213.4633 108.8892 0 0 91 0 0 1933
Jun 8th 20:07:41.164 UTC 3 14 39 603 598 75882 1964.636 5.6 307.0946 175.7287 1 0 95 0 0 1081
Jun 8th 20:06:58.906 UTC 2 15 39 730 719 95888 1908.643 0 213.4027 109.2009 0 0 91 0 0 1924
Jun 8th 20:06:41.153 UTC 3 13 39 601 593 75668 1951.166 5.6 307.5656 176.7486 1 0 95 0 0 1073
Jun 8th 20:05:58.907 UTC 2 15 39 726 717 95249 1901.881 0 214.0148 109.4591 0 0 91 0 0 1915
Jun 8th 20:05:41.174 UTC 3 14 39 599 589 75454 1939.369 5.6 308.3422 177.5181 1 0 95 0 0 1068
Jun 8th 20:04:58.907 UTC 2 15 40 720 715 94309 1895.562 0 213.702 109.6584 0 0 91 0 0 1906
Jun 8th 20:04:41.164 UTC 3 15 39 596 585 75137 1921.754 5.6 309.4309 178.1025 1 0 95 0 0 1063
Jun 8th 20:03:57.930 UTC 2 15 39 718 711 94095 1883.034 0 213.5209 109.6334 0 0 90 0 0 1894
Jun 8th 20:03:40.003 UTC 3 14 40 593 583 74606 1915.838 5.6 310.1564 178.8534 1 0 94 0 0 1058
Jun 8th 20:02:57.918 UTC 2 14 39 714 707 93620 1874.411 0 213.3197 109.5303 0 0 90 0 0 1885
Jun 8th 20:02:40.010 UTC 3 14 40 590 580 74203 1902.511 5.6 299.3117 179.5422 1 0 94 0 0 1054
Jun 8th 20:01:55.465 UTC 2 15 40 711 703 93234 1865.939 0 213.8122 109.6382 0 0 88 0 0 1876
Jun 8th 20:01:40.010 UTC 3 15 40 587 578 73939 1897.004 5.6 296.8088 179.7635 1 0 94 0 0 1048
Jun 8th 20:00:55.463 UTC 2 14 40 707 699 92612 1854.655 0 214.5254 109.3741 0 0 88 0 0 1868
Jun 8th 20:00:40.003 UTC 3 15 38 583 576 73605 1889.699 5.6 292.5744 180.3332 1 0 94 0 0 1041
Jun 8th 19:59:52.849 UTC 2 14 39 703 695 91975 1844.179 0 215.0321 109.9195 0 0 86 0 0 1856
Jun 8th 19:59:40.004 UTC 3 15 36 580 574 73239 1885.139 5.6 292.7127 179.7826 1 0 94 0 0 1037
Jun 8th 19:58:52.856 UTC 2 15 40 701 690 91718 1826.411 0 215.0083 110.4768 0 0 86 0 0 1845
Jun 8th 19:58:40.003 UTC 3 14 37 577 572 72990 1879.727 5.6 293.3142 167.0504 1 0 94 0 0 1035
Jun 8th 19:57:51.447 UTC 2 14 40 695 688 91172 1820.954 0 215.7194 110.7194 0 0 85 0 0 1832
Jun 8th 19:57:40.012 UTC 3 13 38 575 569 72821 1865.578 5.6 293.6471 163.0857 1 0 94 0 0 1032
Jun 8th 19:56:51.445 UTC 2 15 40 691 685 90483 1814.868 0 216.1858 110.9823 0 0 85 0 0 1821
Jun 8th 19:56:40.016 UTC 3 15 38 572 564 72232 1855.366 5.6 294.3368 163.4606 1 0 94 0 0 1029
Jun 8th 19:55:51.437 UTC 2 15 40 689 680 90127 1800.349 0 215.8622 111.6879 0 0 85 0 0 1811
Jun 8th 19:55:40.006 UTC 3 13 40 569 561 71713 1846.759 5.6 295.3441 164.4734 1 0 94 0 0 1024
Jun 8th 19:54:50.021 UTC 2 12 40 686 679 89707 1798.565 0 216.0325 111.9278 0 0 84 0 0 1805
Jun 8th 19:54:40.003 UTC 3 13 40 565 555 71209 1822.622 5.6 296.2747 165.6885 1 0 94 0 0 1015
Jun 8th 19:53:50.012 UTC 2 14 40 681 674 89008 1783.892 0 216.3965 112.33 0 0 84 0 0 1791
Jun 8th 19:53:40.013 UTC 3 14 40 562 553 70743 1815.458 5.6 296.7712 165.8753 1 0 94 0 0 1014
Jun 8th 19:52:50.004 UTC 2 13 38 678 671 88644 1774.382 0 216.7063 112.1465 0 0 84 0 0 1780
Jun 8th 19:52:40.014 UTC 3 15 40 560 552 70623 1812.171 5.6 297.5195 165.8753 1 0 94 0 0 1008
Jun 8th 19:51:50.005 UTC 2 15 40 677 664 88584 1752.204 0 216.7726 112.3353 0 0 84 0 0 1773
Jun 8th 19:51:40.001 UTC 3 15 40 556 548 70197 1800.175 5.6 298.3375 166.8137 1 0 94 0 0 1001
Jun 8th 19:50:50.013 UTC 2 15 40 672 664 88034 1752.204 0 217.1248 112.3353 0 0 84 0 0 1764
Jun 8th 19:50:40.013 UTC 3 15 40 551 545 69559 1791.965 5.6 299.2482 167.462 1 0 94 0 0 995
Jun 8th 19:49:50.002 UTC 2 15 38 667 662 87202 1749.022 0 217.4817 112.6116 0 0 84 0 0 1754
Jun 8th 19:49:40.011 UTC 3 12 39 550 545 69479 1791.965 5.6 299.6653 168.311 1 0 94 0 0 989
Jun 8th 19:48:50.011 UTC 2 14 40 663 659 86738 1740.534 0 217.9273 113.14 0 0 84 0 0 1748
Jun 8th 19:48:37.582 UTC 3 12 38 547 542 69111 1785.219 5.6 300.5032 169.194 1 0 91 0 0 982
Jun 8th 19:47:50.009 UTC 2 13 38 662 655 86629 1730.003 0 218.1298 113.8991 0 0 84 0 0 1736
Jun 8th 19:47:36.850 UTC 3 13 38 543 536 68659 1758.42 5.6 301.8072 170.3559 1 0 90 0 0 976
Jun 8th 19:46:50.008 UTC 2 14 40 659 649 86335 1708.054 0 218.6374 114.3471 0 0 84 0 0 1726
Jun 8th 19:46:35.911 UTC 3 15 39 542 531 68550 1741.647 5.6 301.9893 171.1687 1 0 89 0 0 972
Jun 8th 19:45:48.899 UTC 2 15 40 656 645 85804 1697.728 0 218.6602 114.6803 0 0 83 0 0 1715
Jun 8th 19:45:35.901 UTC 3 15 40 540 529 68193 1734.371 5.6 302.4924 171.5903 1 0 89 0 0 968
Jun 8th 19:44:48.888 UTC 2 15 40 651 644 85013 1696.834 0 219.0663 114.8335 0 0 83 0 0 1709
Jun 8th 19:44:35.233 UTC 3 14 39 537 527 67924 1730.596 5.6 300.0226 172.1593 1 0 88 0 0 961
Jun 8th 19:43:48.887 UTC 2 15 40 646 638 84263 1682.257 0 219.7022 115.4043 0 0 83 0 0 1698
Jun 8th 19:43:35.223 UTC 3 15 40 530 525 67021 1722.953 5.6 298.5341 172.4296 1 0 88 0 0 957
Jun 8th 19:42:48.879 UTC 2 14 39 644 635 84049 1671.586 0 219.8857 115.7538 0 0 83 0 0 1685
Jun 8th 19:42:35.223 UTC 3 14 40 527 523 66704 1717.308 5.6 298.6679 173.2801 1 0 88 0 0 954
Jun 8th 19:41:48.890 UTC 2 14 40 639 631 83534 1659.08 0 217.9946 116.0331 0 0 83 0 0 1677
Jun 8th 19:41:35.234 UTC 3 15 40 526 519 66550 1704.553 5.6 298.9752 174.2111 1 0 88 0 0 947
Jun 8th 19:40:48.890 UTC 2 15 40 636 629 83305 1651.377 0 218.4409 116.1393 0 0 83 0 0 1670
Jun 8th 19:40:34.559 UTC 3 15 39 524 515 66257 1690.078 5.6 299.3583 169.5128 1 0 87 0 0 938
Jun 8th 19:39:48.888 UTC 2 14 40 633 625 82840 1638.606 0 217.036 116.8845 0 0 83 0 0 1659
Jun 8th 19:39:33.917 UTC 3 14 39 521 513 65866 1683.256 5.6 300.1805 169.8014 1 0 86 0 0 934
Jun 8th 19:38:48.889 UTC 2 14 40 630 623 82677 1632.894 0 205.9426 117.1423 0 0 83 0 0 1651
Jun 8th 19:38:33.030 UTC 3 15 39 518 509 65617 1672.234 5.6 301.3271 170.3527 1 0 85 0 0 928
Jun 8th 19:37:47.867 UTC 2 15 40 627 618 82281 1620.739 0 206.0393 115.363 0 0 82 0 0 1641
Jun 8th 19:37:33.034 UTC 3 15 40 514 505 65103 1657.222 5.6 302.7273 171.1635 1 0 85 0 0 922
Jun 8th 19:36:47.857 UTC 2 14 39 622 617 81736 1619.851 0 203.8409 113.8659 0 0 82 0 0 1634
Jun 8th 19:36:33.043 UTC 3 14 40 510 502 64628 1646.251 5.6 299.819 172.3891 1 0 85 0 0 915
Jun 8th 19:35:46.888 UTC 2 14 40 618 612 81248 1604.895 0 204.3167 103.0908 0 0 81 0 0 1628
Jun 8th 19:35:33.032 UTC 3 15 39 509 499 64519 1640.689 5.6 299.9727 173.017 1 0 85 0 0 906
Jun 8th 19:34:46.899 UTC 2 13 40 616 610 80991 1598.634 0 204.487 103.5695 0 0 81 0 0 1615
Jun 8th 19:34:33.034 UTC 3 15 39 503 497 63676 1632.868 5.6 301.405 173.5952 1 0 85 0 0 904
Jun 8th 19:33:46.890 UTC 2 15 40 613 602 80483 1575.163 0 204.882 101.341 0 0 81 0 0 1603
Jun 8th 19:33:33.031 UTC 3 13 40 499 495 63302 1626.9 5.6 302.0391 170.6977 1 0 85 0 0 899
Jun 8th 19:32:46.888 UTC 2 15 40 610 601 80186 1571.528 0 204.7949 101.4833 0 0 81 0 0 1595
Jun 8th 19:32:33.043 UTC 3 15 40 497 490 62994 1609.106 5.6 302.7389 171.6047 1 0 85 0 0 893
Jun 8th 19:31:46.899 UTC 2 15 39 606 598 79331 1564.08 0 204.8742 101.7987 0 0 81 0 0 1587
Jun 8th 19:31:33.032 UTC 3 13 38 496 487 62746 1604.964 5.6 303.1675 172.848 1 0 85 0 0 886
Jun 8th 19:30:45.798 UTC 2 15 40 601 595 78703 1557.995 0 204.4905 102.1795 0 0 80 0 0 1576
Jun 8th 19:30:32.205 UTC 3 15 40 491 482 62004 1589.583 5.6 303.0616 173.1143 1 0 84 0 0 884
Jun 8th 19:29:45.796 UTC 2 14 40 598 592 78357 1549.43 0 204.581 102.1101 0 0 80 0 0 1568
Jun 8th 19:29:32.225 UTC 3 15 39 487 479 61585 1579.623 5.6 304.1779 173.9333 1 0 84 0 0 876
Jun 8th 19:28:45.805 UTC 2 13 39 595 588 77920 1536.25 0 204.758 101.7274 0 0 80 0 0 1560
Jun 8th 19:28:32.214 UTC 3 15 40 484 477 60996 1573.413 5.6 304.9843 174.4786 1 0 84 0 0 868
Jun 8th 19:27:43.783 UTC 2 13 40 593 584 77564 1525.413 0 205.1269 102.0022 0 0 78 0 0 1551
Jun 8th 19:27:32.216 UTC 3 13 40 480 474 60395 1561.172 5.6 305.855 174.406 1 0 84 0 0 863
Jun 8th 19:26:43.774 UTC 2 15 40 589 578 76860 1508.038 0 205.4727 102.2538 0 0 78 0 0 1543
Jun 8th 19:26:32.205 UTC 3 13 39 478 470 60003 1549.857 5.6 306.4491 175.3323 1 0 84 0 0 857
Jun 8th 19:25:43.784 UTC 2 15 40 584 577 76466 1504.687 0 201.6332 102.3528 0 0 78 0 0 1531
Jun 8th 19:25:31.327 UTC 3 15 38 477 467 59923 1540.216 5.6 306.9356 175.6474 1 0 83 0 0 852
Jun 8th 19:24:43.786 UTC 2 15 40 579 573 75761 1491.01 0 201.8244 102.7449 0 0 78 0 0 1521
Jun 8th 19:24:31.316 UTC 3 13 39 471 464 59198 1531.817 5.6 308.1598 176.8123 1 0 83 0 0 848
Jun 8th 19:23:43.776 UTC 2 14 40 577 571 75498 1482.423 0 201.7156 103.2084 0 0 78 0 0 1512
Jun 8th 19:23:30.601 UTC 3 14 40 469 461 59058 1524.283 5.6 308.2637 177.4611 1 0 82 0 0 843
Jun 8th 19:22:43.786 UTC 2 13 40 574 568 75152 1475.153 0 201.7877 99.4632 0 0 78 0 0 1500
Jun 8th 19:22:30.612 UTC 3 14 38 463 460 58321 1519.538 5.6 309.8331 177.832 1 0 82 0 0 839
Jun 8th 19:21:42.898 UTC 2 14 39 571 563 74755 1465.873 0 202.2373 99.3644 0 0 77 0 0 1490
Jun 8th 19:21:30.612 UTC 3 12 39 461 456 58084 1509.224 5.6 310.6735 178.6705 1 0 82 0 0 833
Jun 8th 19:20:41.938 UTC 2 12 40 567 560 74334 1456.993 0 195.551 99.75999 0 0 76 0 0 1484
Jun 8th 19:20:29.194 UTC 3 11 37 460 453 58024 1500.816 5.6 311.2244 179.5493 1 0 80 0 0 825
Jun 8th 19:19:41.949 UTC 2 15 40 565 553 74120 1439.358 0 196.0188 99.933 0 0 76 0 0 1473
Jun 8th 19:19:27.806 UTC 3 12 39 457 448 57726 1491.935 5.6 312.1375 180.8581 1 0 78 0 0 821
Jun 8th 19:18:41.939 UTC 2 15 40 560 550 73592 1432.453 0 191.4106 100.4086 0 0 76 0 0 1463
Jun 8th 19:18:26.265 UTC 3 14 40 451 445 56976 1476.155 5.6 314.5477 181.1167 1 0 76 0 0 815
Jun 8th 19:17:41.940 UTC 2 15 40 553 549 72724 1429.415 0 188.2112 100.5729 0 0 76 0 0 1455
Jun 8th 19:17:26.257 UTC 3 15 40 448 441 56556 1461.791 5.6 316.1016 182.2451 1 0 76 0 0 809
Jun 8th 19:16:41.940 UTC 2 15 40 551 545 72436 1418.204 0 188.2482 89.47192 0 0 76 0 0 1448
Jun 8th 19:16:26.265 UTC 3 12 40 448 438 56556 1454.934 5.6 316.1016 184.4307 1 0 76 0 0 801
Jun 8th 19:15:41.951 UTC 2 13 40 548 541 72064 1407.865 0 188.3067 86.51267 0 0 76 0 0 1440
Jun 8th 19:15:23.877 UTC 3 14 39 444 433 56182 1433.036 5.6 317.8916 185.3465 1 0 73 0 0 793
Jun 8th 19:14:40.980 UTC 2 15 40 546 535 71827 1393.345 0 188.6156 86.08926 0 0 75 0 0 1431
Jun 8th 19:14:23.224 UTC 3 14 40 440 430 55919 1419.729 5.6 290.5836 186.458 1 0 72 0 0 788
Jun 8th 19:13:40.976 UTC 2 14 40 541 533 71257 1389.851 0 188.5256 86.17548 0 0 75 0 0 1422
Jun 8th 19:13:23.223 UTC 3 14 40 437 429 55508 1415.51 5.6 291.36 186.7629 1 0 72 0 0 781
Jun 8th 19:12:40.967 UTC 2 15 40 536 528 70533 1376.531 0 189.1032 86.62827 0 0 75 0 0 1413
Jun 8th 19:12:22.502 UTC 3 15 37 436 427 55331 1409.668 5.6 291.6207 187.1803 1 0 71 0 0 776
Jun 8th 19:11:40.977 UTC 2 12 40 532 528 70033 1376.531 0 189.6717 86.52597 0 0 75 0 0 1403
Jun 8th 19:11:22.509 UTC 3 14 33 431 427 54702 1409.668 5.6 271.7764 185.2097 1 0 71 0 0 771
Jun 8th 19:10:40.978 UTC 2 14 39 529 521 69616 1362.851 0 189.5069 86.8887 0 0 75 0 0 1391
Jun 8th 19:10:21.632 UTC 3 13 36 428 423 54439 1396 5.6 261.4182 160.734 1 0 70 0 0 768
Jun 8th 19:09:39.212 UTC 2 14 40 525 517 69018 1349.17 0 190.2856 87.40234 0 0 73 0 0 1379
Jun 8th 19:09:20.867 UTC 3 14 34 427 421 54379 1390.929 5.6 261.3343 161.0889 1 0 69 0 0 764
Jun 8th 19:08:39.211 UTC 2 12 40 520 514 68153 1344.004 0 190.7211 87.54018 0 0 73 0 0 1368
Jun 8th 19:08:20.856 UTC 3 13 35 424 419 54062 1379.984 5.6 262.2235 150.6075 1 0 69 0 0 762
Jun 8th 19:07:37.347 UTC 2 15 39 518 508 67896 1329.235 0 191.0894 87.88724 0 0 71 0 0 1355
Jun 8th 19:07:20.091 UTC 3 11 38 422 416 53828 1366.016 5.6 262.7272 131.6534 1 0 68 0 0 759
Jun 8th 19:06:37.357 UTC 2 14 40 512 504 67048 1319.579 0 191.0054 88.34078 0 0 71 0 0 1344
Jun 8th 19:06:19.489 UTC 3 15 39 421 408 53761 1340.621 5.6 257.5591 132.6326 1 0 67 0 0 755
Jun 8th 19:05:37.356 UTC 2 15 40 511 500 66894 1309.147 0 191.1943 88.69011 0 0 71 0 0 1333
Jun 8th 19:05:18.816 UTC 3 14 40 419 407 53349 1338.659 5.6 258.4387 132.9625 1 0 66 0 0 752
Jun 8th 19:04:37.346 UTC 2 13 39 504 499 65828 1306.9 0 191.5548 88.12954 0 0 71 0 0 1323
Jun 8th 19:04:18.166 UTC 3 14 40 413 406 52852 1334.884 5.6 241.9801 133.2663 1 0 65 0 0 745
Jun 8th 19:03:37.346 UTC 2 15 40 499 493 64936 1291.337 0 191.9681 88.58179 0 0 71 0 0 1316
Jun 8th 19:03:18.164 UTC 3 15 36 408 404 52224 1328.083 5.6 241.9979 128.2979 1 0 65 0 0 738
Jun 8th 19:02:37.356 UTC 2 11 40 498 493 64759 1291.337 0 192.1245 88.66024 0 0 71 0 0 1307
Jun 8th 19:02:18.153 UTC 3 15 33 406 401 52030 1316.289 5.6 242.3631 129.1703 1 0 65 0 0 732
Jun 8th 19:01:36.327 UTC 2 15 40 494 484 64385 1271.105 0 192.8708 89.17883 0 0 70 0 0 1294
Jun 8th 19:01:17.235 UTC 3 12 36 405 400 51950 1311.572 5.6 242.6058 112.6663 1 0 64 0 0 730
Jun 8th 19:00:36.316 UTC 2 15 40 490 481 63824 1262.412 0 193.49 89.62318 0 0 70 0 0 1282
Jun 8th 19:00:16.632 UTC 3 9 40 403 398 51810 1303.598 5.6 243.2037 113.0139 1 0 63 0 0 728
Jun 8th 18:59:36.336 UTC 2 15 40 486 477 63515 1247.411 0 194.2645 90.28919 0 0 70 0 0 1276
Jun 8th 18:59:13.613 UTC 3 13 40 402 392 51730 1277.763 5.6 243.3331 113.5136 1 0 59 0 0 718
Jun 8th 18:58:36.328 UTC 2 15 40 482 473 62992 1236.839 0 190.6503 90.85542 0 0 70 0 0 1265
Jun 8th 18:58:12.632 UTC 3 15 40 401 388 51650 1263.591 5.6 243.4437 114.0093 1 0 58 0 0 712
Jun 8th 18:57:36.327 UTC 2 15 40 480 469 62694 1226.068 0 190.1129 91.31541 0 0 70 0 0 1256
Jun 8th 18:57:12.623 UTC 3 15 40 396 387 50928 1261.111 5.6 244.621 114.228 1 0 58 0 0 708
Jun 8th 18:56:35.285 UTC 2 14 40 472 467 61315 1220.609 0 189.253 87.66228 0 0 69 0 0 1245
Jun 8th 18:56:12.644 UTC 3 15 40 395 385 50868 1255.208 5.6 244.8177 114.7533 1 0 58 0 0 702
Jun 8th 18:55:34.276 UTC 2 14 40 470 465 60955 1214.277 0 188.9523 87.95028 0 0 68 0 0 1235
Jun 8th 18:55:12.633 UTC 3 15 39 388 384 50111 1253.201 5.6 231.1435 115.0054 1 0 58 0 0 699
Jun 8th 18:54:34.275 UTC 2 13 39 468 461 60698 1204.034 0 188.6884 86.42545 0 0 68 0 0 1226
Jun 8th 18:54:10.920 UTC 3 14 40 385 381 49745 1244.948 5.6 231.0425 115.8417 1 0 56 0 0 691
Jun 8th 18:53:34.273 UTC 2 14 40 466 456 60410 1188.614 0 188.0589 86.09116 0 0 68 0 0 1221
Jun 8th 18:53:10.930 UTC 3 14 39 384 378 49685 1235.311 5.6 231.3516 116.6791 1 0 56 0 0 682
Jun 8th 18:52:32.521 UTC 2 14 40 461 453 59634 1181.163 0 188.2099 86.57755 0 0 66 0 0 1212
Jun 8th 18:52:10.081 UTC 3 12 39 381 375 49116 1226.781 5.6 232.3895 115.4301 1 0 55 0 0 676
Jun 8th 18:51:32.512 UTC 2 15 40 457 450 58936 1172.965 0 188.492 86.48243 0 0 66 0 0 1203
Jun 8th 18:51:09.400 UTC 3 15 40 379 368 48976 1208.005 5.6 232.7854 103.4444 1 0 54 0 0 671
Jun 8th 18:50:31.531 UTC 2 14 39 453 449 58528 1170.575 0 188.4848 85.88531 0 0 65 0 0 1194
Jun 8th 18:50:09.390 UTC 3 14 39 374 366 48179 1200.445 5.6 234.0321 104.1112 1 0 54 0 0 664
Jun 8th 18:49:31.520 UTC 2 12 40 450 445 58185 1163.953 0 188.0601 86.11089 0 0 65 0 0 1183
Jun 8th 18:49:09.387 UTC 3 15 40 371 362 47639 1185.421 5.6 227.5609 104.5875 1 0 54 0 0 660
Jun 8th 18:48:29.631 UTC 2 12 40 447 441 57697 1149.111 0 188.4134 86.14983 0 0 63 0 0 1174
Jun 8th 18:48:09.399 UTC 3 15 39 368 358 47202 1171.562 5.6 228.2909 105.1927 1 0 54 0 0 654
Jun 8th 18:47:29.642 UTC 2 14 40 445 433 57483 1127.182 0 188.7565 85.88299 0 0 63 0 0 1166
Jun 8th 18:47:08.745 UTC 3 15 39 363 357 46789 1167.283 5.6 221.7903 105.3495 1 0 53 0 0 648
Jun 8th 18:46:29.631 UTC 2 15 40 442 430 57043 1116.664 0 187.6885 86.1086 0 0 63 0 0 1156
Jun 8th 18:46:08.101 UTC 3 14 40 362 353 46729 1156.778 5.6 221.7774 106.5795 1 0 52 0 0 643
Jun 8th 18:45:29.632 UTC 2 14 40 436 430 56286 1116.664 0 180.5634 86.25366 0 0 63 0 0 1147
Jun 8th 18:45:07.357 UTC 3 14 39 359 351 46292 1151.86 5.6 221.6492 99.93304 1 0 51 0 0 636
Jun 8th 18:44:29.641 UTC 2 15 40 431 426 55726 1104.646 0 178.6872 86.70638 0 0 63 0 0 1136
Jun 8th 18:44:06.714 UTC 3 13 40 352 350 45418 1148.704 5.6 222.9102 92.71389 1 0 50 0 0 634
Jun 8th 18:43:29.642 UTC 2 15 40 430 422 55592 1095.491 0 178.7433 78.79793 0 0 63 0 0 1126
Jun 8th 18:43:05.988 UTC 3 15 40 351 344 45338 1131.858 5.6 222.7668 93.38258 1 0 49 0 0 628
Jun 8th 18:42:27.939 UTC 2 15 40 427 418 55314 1085.656 0 178.2991 77.32534 0 0 61 0 0 1117
Jun 8th 18:42:05.265 UTC 3 13 38 349 342 45101 1126.74 5.6 223.4579 93.89576 1 0 48 0 0 619
Jun 8th 18:41:27.032 UTC 2 13 40 422 417 54685 1083.237 0 179.1667 76.81575 0 0 60 0 0 1109
Jun 8th 18:41:05.265 UTC 3 15 39 346 336 44798 1108.63 5.6 224.2212 94.2611 1 0 48 0 0 616
Jun 8th 18:40:25.232 UTC 2 13 40 418 413 54239 1074.222 0 179.0452 76.6619 0 0 58 0 0 1097
Jun 8th 18:40:05.266 UTC 3 15 39 341 333 44146 1101.517 5.6 225.2633 94.6194 1 0 48 0 0 612
Jun 8th 18:39:24.294 UTC 2 11 40 416 410 53953 1068.274 0 179.4539 77.39066 0 0 57 0 0 1085
Jun 8th 18:39:05.256 UTC 3 15 39 339 329 43860 1085.903 5.6 225.9684 95.16524 1 0 48 0 0 608
Jun 8th 18:38:24.296 UTC 2 15 40 412 401 53220 1049.111 0 180.3915 77.43017 0 0 57 0 0 1076
Jun 8th 18:38:05.265 UTC 3 15 40 335 327 43485 1080.117 5.6 226.756 95.53622 1 0 48 0 0 603
Jun 8th 18:37:24.286 UTC 2 15 38 406 397 52532 1036.155 0 180.7968 77.90331 0 0 57 0 0 1069
Jun 8th 18:37:05.266 UTC 3 15 40 332 322 42931 1060.406 5.6 220.3125 96.63368 1 0 48 0 0 593
Jun 8th 18:36:24.285 UTC 2 13 40 403 395 52303 1031.132 0 180.5209 78.51312 0 0 57 0 0 1059
Jun 8th 18:36:05.255 UTC 3 14 40 328 320 42266 1054.713 5.6 221.1059 96.86131 1 0 48 0 0 589
Jun 8th 18:35:24.294 UTC 2 14 40 398 391 51698 1021.658 0 180.4787 78.44512 0 0 57 0 0 1051
Jun 8th 18:35:05.256 UTC 3 15 40 325 317 41825 1043.292 5.6 218.5133 97.34969 1 0 48 0 0 581
Jun 8th 18:34:24.294 UTC 2 15 39 393 388 50998 1015.023 0 180.0025 78.52825 0 0 57 0 0 1045
Jun 8th 18:34:05.256 UTC 3 15 38 323 315 41691 1033.048 5.6 212.2167 90.88248 1 0 48 0 0 574
Jun 8th 18:33:24.284 UTC 2 13 39 390 385 50640 1009.598 0 179.9225 77.8452 0 0 57 0 0 1033
Jun 8th 18:33:05.255 UTC 3 15 40 319 311 41171 1023.957 5.6 212.5155 91.78572 1 0 48 0 0 570
Jun 8th 18:32:24.294 UTC 2 14 40 386 378 49809 992.4046 0 180.5815 77.62796 0 0 57 0 0 1024
Jun 8th 18:32:05.265 UTC 3 15 40 316 309 40706 1020.434 5.6 212.6964 88.8672 1 0 48 0 0 566
Jun 8th 18:31:22.407 UTC 2 14 40 384 374 49620 981.5963 0 180.9166 77.52932 0 0 55 0 0 1014
Jun 8th 18:31:05.265 UTC 3 14 40 312 306 40149 1013.566 5.6 213.8314 83.06184 1 0 48 0 0 560
Jun 8th 18:30:22.408 UTC 2 15 40 378 369 48987 969.6869 0 181.7049 77.88163 0 0 55 0 0 1004
Jun 8th 18:30:05.256 UTC 3 15 38 308 302 39345 997.8978 5.6 214.5171 83.65282 1 0 48 0 0 555
Jun 8th 18:29:22.419 UTC 2 15 40 375 366 48570 961.0517 0 182.3938 78.387 0 0 55 0 0 995
Jun 8th 18:29:05.265 UTC 3 13 39 307 298 39236 982.6378 5.6 214.9276 84.1318 1 0 48 0 0 550
Jun 8th 18:28:22.408 UTC 2 15 40 369 361 47561 948.4627 0 179.1749 78.65137 0 0 55 0 0 983
Jun 8th 18:28:05.265 UTC 3 15 40 304 294 38746 971.3699 5.6 215.6367 84.62675 1 0 48 0 0 546
Jun 8th 18:27:22.408 UTC 2 15 39 366 359 47234 942.7825 0 179.8906 78.94519 0 0 55 0 0 973
Jun 8th 18:27:05.255 UTC 3 13 39 299 294 38114 971.3699 5.6 217.355 84.91115 1 0 48 0 0 541
Jun 8th 18:26:21.491 UTC 2 14 38 361 355 46817 932.0507 0 179.4154 78.67477 0 0 54 0 0 965
Jun 8th 18:26:03.920 UTC 3 14 40 297 289 37925 952.9411 5.6 216.2042 85.89689 1 0 46 0 0 531
Jun 8th 18:25:21.490 UTC 2 14 40 360 349 46757 919.8221 0 176.6123 76.9001 0 0 54 0 0 957
Jun 8th 18:25:03.091 UTC 3 15 38 293 286 37665 942.7678 5.6 216.5511 86.41544 1 0 45 0 0 526
Jun 8th 18:24:21.487 UTC 2 15 40 353 347 45841 914.9333 0 178.3027 75.9697 0 0 54 0 0 945
Jun 8th 18:24:03.091 UTC 3 15 39 293 283 37665 934.8633 5.6 216.5511 87.17693 1 0 45 0 0 524
Jun 8th 18:23:21.478 UTC 2 13 40 350 344 45468 906.1258 0 178.7509 76.86971 0 0 54 0 0 935
Jun 8th 18:23:03.102 UTC 3 13 37 288 282 37034 932.3902 5.6 216.9362 86.70439 1 0 45 0 0 519
Jun 8th 18:22:20.508 UTC 2 12 39 347 340 45219 898.6074 0 178.7518 74.97144 0 0 53 0 0 924
Jun 8th 18:22:00.938 UTC 3 14 39 285 278 36646 917.092 5.6 218.1973 86.91843 1 0 42 0 0 515
Jun 8th 18:21:17.661 UTC 2 12 39 344 337 44978 892.2028 0 178.3499 75.41209 0 0 50 0 0 914
Jun 8th 18:21:00.950 UTC 3 14 38 281 276 36215 906.1655 0 218.9972 87.75076 0 0 42 0 0 509
Jun 8th 18:20:14.816 UTC 2 13 40 339 333 44312 883.4813 0 179.5495 75.87217 0 0 47 0 0 903
Jun 8th 18:20:00.952 UTC 3 14 40 281 271 36215 891.5884 0 218.9972 88.3886 0 0 42 0 0 506
Jun 8th 18:19:12.733 UTC 2 13 39 336 329 43827 871.0678 0 180.0731 75.21923 0 0 45 0 0 894
Jun 8th 18:19:00.940 UTC 3 15 39 278 269 35872 887.341 0 217.1611 88.53154 0 0 42 0 0 500
Jun 8th 18:18:12.723 UTC 2 14 40 332 323 43203 859.1011 0 180.7687 76.09638 0 0 45 0 0 884
Jun 8th 18:18:00.942 UTC 3 15 38 273 266 35191 877.5538 0 213.6711 89.24403 0 0 42 0 0 495
Jun 8th 18:17:12.723 UTC 2 15 40 327 317 42646 846.4833 0 181.8109 76.28304 0 0 45 0 0 874
Jun 8th 18:17:00.186 UTC 3 13 40 269 265 34833 873.584 0 213.4463 89.72117 0 0 41 0 0 490
Jun 8th 18:16:12.713 UTC 2 15 40 323 315 42191 842.9412 0 182.0238 76.7047 0 0 45 0 0 863
Jun 8th 18:16:00.174 UTC 3 15 38 267 261 34453 860.4972 0 213.8113 90.25523 0 0 41 0 0 486
Jun 8th 18:15:12.732 UTC 2 14 39 316 311 41443 832.4232 0 182.1846 77.33537 0 0 45 0 0 853
Jun 8th 18:14:59.430 UTC 3 13 40 265 258 34235 851.0865 0 214.5898 83.50493 0 0 40 0 0 481
Jun 8th 18:14:12.722 UTC 2 14 40 315 306 41363 822.1605 0 182.2878 77.6921 0 0 45 0 0 845
Jun 8th 18:13:58.695 UTC 3 15 40 264 252 34058 834.9107 0 214.1014 84.20855 0 0 39 0 0 474
Jun 8th 18:13:12.722 UTC 2 15 40 311 301 40863 809.6768 0 183.3722 77.76793 0 0 45 0 0 835
Jun 8th 18:12:58.684 UTC 3 14 38 258 252 33382 834.9107 0 215.3667 84.49673 0 0 39 0 0 469
Jun 8th 18:12:11.825 UTC 2 13 40 305 300 40056 807.4429 0 185.0753 78.40755 0 0 44 0 0 826
Jun 8th 18:11:58.684 UTC 3 14 35 254 249 32931 823.2599 0 216.3537 83.73678 0 0 39 0 0 463
Jun 8th 18:11:11.815 UTC 2 10 39 302 297 39836 801.3989 0 185.6047 79.06575 0 0 44 0 0 813
Jun 8th 18:10:56.931 UTC 3 14 38 252 245 32697 811.0347 0 216.8671 84.87049 0 0 37 0 0 460
Jun 8th 18:10:09.070 UTC 2 11 40 299 293 39616 789.5726 0 185.6495 79.73724 0 0 41 0 0 804
Jun 8th 18:09:56.931 UTC 3 15 38 250 240 32557 799.1349 0 217.7611 85.33604 0 0 37 0 0 456
Jun 8th 18:09:06.041 UTC 2 12 39 296 289 39299 780.4619 0 186.5149 80.23602 0 0 38 0 0 794
Jun 8th 18:08:56.939 UTC 3 15 40 247 236 32254 782.0529 0 218.744 86.0714 0 0 37 0 0 450
Jun 8th 18:08:06.061 UTC 2 15 39 293 282 39079 763.8999 0 187.6647 80.47883 0 0 38 0 0 786
Jun 8th 18:07:56.939 UTC 3 14 40 241 234 31151 774.0942 0 217.1952 86.55874 0 0 37 0 0 443
Jun 8th 18:07:06.052 UTC 2 15 40 287 277 38549 749.8047 0 188.3755 81.37573 0 0 38 0 0 776
Jun 8th 18:06:56.930 UTC 3 14 39 239 231 30797 764.2336 0 216.0949 87.4907 0 0 37 0 0 437
Jun 8th 18:06:06.050 UTC 2 14 40 282 275 37975 740.3462 0 189.1546 81.9468 0 0 38 0 0 766
Jun 8th 18:05:56.929 UTC 3 15 40 238 228 30737 754.0284 0 216.2061 88.03421 0 0 37 0 0 434
Jun 8th 18:05:06.042 UTC 2 15 40 278 273 37356 735.2946 0 189.7788 82.21851 0 0 38 0 0 755
Jun 8th 18:04:56.940 UTC 3 15 39 233 225 30177 743.4626 0 214.9789 85.49382 0 0 37 0 0 429
Jun 8th 18:04:06.053 UTC 2 14 40 277 269 37247 720.7495 0 189.4693 82.76465 0 0 38 0 0 742
Jun 8th 18:03:56.930 UTC 3 14 40 231 224 29940 740.5523 0 214.2523 84.31237 0 0 37 0 0 428
Jun 8th 18:03:06.052 UTC 2 15 39 274 263 36910 700.5848 0 190.2561 83.36654 0 0 38 0 0 732
Jun 8th 18:02:56.928 UTC 3 14 40 226 221 29425 732.3 0 214.5341 85.31467 0 0 37 0 0 421
Jun 8th 18:02:06.042 UTC 2 15 40 273 262 36578 699.0945 0 190.5329 83.5675 0 0 38 0 0 723
Jun 8th 18:01:56.928 UTC 3 15 40 224 217 29064 715.2499 0 215.0647 83.97847 0 0 37 0 0 416
Jun 8th 18:01:05.064 UTC 2 14 40 264 261 35423 694.8918 0 187.8403 83.77736 0 0 37 0 0 715
Jun 8th 18:00:56.193 UTC 3 12 39 221 216 28424 711.0472 0 215.6094 83.3512 0 0 36 0 0 410
Jun 8th 18:00:05.053 UTC 2 14 40 262 257 35115 681.7667 0 187.1502 84.82655 0 0 37 0 0 704
Jun 8th 17:59:56.195 UTC 3 14 40 220 209 28315 688.5275 0 215.7572 84.56264 0 0 36 0 0 405
Jun 8th 17:59:05.054 UTC 2 13 39 261 255 34938 675.8376 0 187.6159 83.38418 0 0 37 0 0 695
Jun 8th 17:58:55.224 UTC 3 15 40 216 206 27542 680.2241 0 214.9704 84.46569 0 0 35 0 0 399
Jun 8th 17:58:03.072 UTC 2 12 39 259 252 34535 670.9998 0 185.9871 83.25805 0 0 35 0 0 686
Jun 8th 17:57:55.234 UTC 3 15 40 211 204 26798 672.4633 0 217.2772 84.91027 0 0 35 0 0 393
Jun 8th 17:57:00.010 UTC 2 14 40 254 247 33518 656.7515 0 184.2607 82.77728 0 0 32 0 0 678
Jun 8th 17:56:55.234 UTC 3 15 40 207 203 26286 669.036 0 217.2524 85.25014 0 0 35 0 0 387
Jun 8th 17:56:00.020 UTC 2 15 40 252 243 33183 645.9367 0 182.4955 83.36333 0 0 32 0 0 669
Jun 8th 17:55:55.225 UTC 3 12 40 206 200 26226 656.9767 0 216.5749 85.5836 0 0 35 0 0 380
Jun 8th 17:55:00.013 UTC 2 15 39 247 239 32578 636.5196 0 184.2202 79.68867 0 0 32 0 0 658
Jun 8th 17:54:55.236 UTC 3 14 40 204 196 25846 644.4164 0 217.0903 86.27689 0 0 35 0 0 376
Jun 8th 17:54:00.006 UTC 2 15 40 244 235 32096 623.6594 0 183.7877 78.57642 0 0 32 0 0 650
Jun 8th 17:53:55.236 UTC 3 15 40 202 192 25613 632.5901 0 217.9431 86.42516 0 0 35 0 0 370
Jun 8th 17:52:58.754 UTC 2 15 40 240 232 31490 617.4653 0 183.386 79.38047 0 0 31 0 0 641
Jun 8th 17:52:55.227 UTC 3 14 40 197 191 25244 628.5054 0 217.8652 86.30763 0 0 35 0 0 364
Jun 8th 17:51:58.753 UTC 2 12 40 235 230 31017 614.1115 0 183.1469 80.72071 0 0 31 0 0 634
Jun 8th 17:51:55.226 UTC 3 15 40 194 186 24878 613.7113 0 219.4319 87.73549 0 0 35 0 0 356
Jun 8th 17:50:57.917 UTC 2 15 39 232 224 30532 599.0302 0 183.5183 79.04298 0 0 30 0 0 625
Jun 8th 17:50:55.235 UTC 3 13 40 191 185 24609 610.4085 0 220.5365 88.92008 0 0 35 0 0 350
Jun 8th 17:49:57.907 UTC 2 15 40 228 220 30130 586.923 0 184.0852 79.70403 0 0 30 0 0 618
Jun 8th 17:49:55.235 UTC 3 14 39 188 180 24238 600.0947 0 221.644 88.98552 0 0 35 0 0 342
Jun 8th 17:48:57.917 UTC 2 14 40 223 216 29525 575.0073 0 185.2638 79.38236 0 0 30 0 0 607
Jun 8th 17:48:54.416 UTC 3 14 39 182 177 23446 587.0654 0 224.0648 89.8606 0 0 34 0 0 338
Jun 8th 17:47:57.918 UTC 2 15 40 220 212 28684 563.6276 0 185.2724 79.44862 0 0 30 0 0 598
Jun 8th 17:47:54.428 UTC 3 13 39 181 172 23386 569.4854 0 224.7867 92.45425 0 0 34 0 0 332
Jun 8th 17:46:56.989 UTC 2 12 40 218 210 28515 558.3112 0 185.7178 80.03728 0 0 29 0 0 588
Jun 8th 17:46:54.418 UTC 3 15 38 178 168 23018 558.6228 0 225.401 92.9838 0 0 34 0 0 327
Jun 8th 17:45:56.999 UTC 2 15 40 213 203 27666 535.7467 0 175.5944 79.98849 0 0 29 0 0 576
Jun 8th 17:45:54.419 UTC 3 14 38 174 166 22442 552.0938 0 228.1589 93.05733 0 0 34 0 0 324
Jun 8th 17:44:57.000 UTC 2 15 40 209 201 27101 530.81 0 174.4237 79.98187 0 0 29 0 0 567
Jun 8th 17:44:53.775 UTC 3 14 39 170 163 21975 544.0138 0 228.0635 93.91302 0 0 33 0 0 318
Jun 8th 17:43:56.989 UTC 2 15 40 206 200 26755 527.0668 0 169.7832 80.27143 0 0 29 0 0 557
Jun 8th 17:43:53.785 UTC 3 14 40 167 160 21609 535.034 0 228.103 95.147 0 0 33 0 0 313
Jun 8th 17:42:57.010 UTC 2 13 39 201 197 26249 518.2242 0 165.57 72.86568 0 0 29 0 0 547
Jun 8th 17:42:53.785 UTC 3 15 38 164 158 21124 526.9828 0 230.0025 95.55631 0 0 33 0 0 308
Jun 8th 17:41:56.091 UTC 2 12 40 201 195 26249 512.4514 0 165.57 70.27377 0 0 28 0 0 539
Jun 8th 17:41:53.776 UTC 3 13 36 160 155 20760 518.0349 0 230.4291 97.83097 0 0 33 0 0 301
Jun 8th 17:40:55.131 UTC 2 12 39 197 190 25700 499.4794 0 162.3734 61.89194 0 0 27 0 0 526
Jun 8th 17:40:52.357 UTC 3 13 40 159 151 20583 505.4714 0 230.9404 98.00123 0 0 31 0 0 299
Jun 8th 17:39:55.141 UTC 2 15 40 195 185 25466 482.1357 0 162.0658 62.25392 0 0 27 0 0 520
Jun 8th 17:39:51.541 UTC 3 15 40 156 145 20172 483.2516 0 231.1942 98.12981 0 0 30 0 0 290
Jun 8th 17:38:54.213 UTC 2 13 38 189 184 24810 479.4838 0 162.8582 58.79029 0 0 26 0 0 511
Jun 8th 17:38:51.539 UTC 3 14 40 153 144 19898 479.1478 0 232.432 99.11486 0 0 30 0 0 284
Jun 8th 17:37:51.571 UTC 2 14 40 186 180 24415 469.6328 0 162.3758 58.70402 0 0 23 0 0 504
Jun 8th 17:37:51.550 UTC 3 15 38 150 141 19629 470.286 0 234.4165 99.97395 0 0 30 0 0 276
Jun 8th 17:36:50.878 UTC 3 14 40 146 139 19291 464.6122 0 232.1117 99.47226 0 0 29 0 0 271
Jun 8th 17:36:50.593 UTC 2 14 39 185 176 24355 459.3382 0 162.3261 59.52503 0 0 22 0 0 495
Jun 8th 17:35:50.878 UTC 3 15 40 141 135 18610 452.0966 0 232.4975 101.1312 0 0 29 0 0 267
Jun 8th 17:35:50.581 UTC 2 13 40 180 173 23490 449.8222 0 164.0025 59.34932 0 0 22 0 0 484
Jun 8th 17:34:50.891 UTC 3 15 38 140 133 18476 448.2863 0 233.6776 102.4324 0 0 29 0 0 262
Jun 8th 17:34:50.600 UTC 2 14 40 176 166 22922 430.468 0 158.232 60.08172 0 0 22 0 0 473
Jun 8th 17:33:50.592 UTC 2 15 40 174 164 22614 424.4942 0 157.9245 60.18442 0 0 22 0 0 464
Jun 8th 17:33:49.929 UTC 3 13 39 136 130 17909 435.9143 0 236.7378 101.9336 0 0 28 0 0 256
Jun 8th 17:32:50.590 UTC 2 15 40 167 163 21657 423.6166 0 156.8637 60.26575 0 0 22 0 0 455
Jun 8th 17:32:49.113 UTC 3 14 40 133 125 17635 416.2953 0 238.1861 101.939 0 0 27 0 0 250
Jun 8th 17:31:49.600 UTC 2 13 39 164 160 21311 416.7365 0 157.3568 55.75014 0 0 21 0 0 447
Jun 8th 17:31:49.123 UTC 3 14 40 130 121 17217 399.3888 0 240.9873 104.8157 0 0 27 0 0 243
Jun 8th 17:30:49.122 UTC 3 15 40 129 117 17040 384.7415 0 240.9098 106.8267 0 0 27 0 0 238
Jun 8th 17:30:48.754 UTC 2 14 40 163 154 21251 403.8794 0 156.7137 55.69129 0 0 20 0 0 437
Jun 8th 17:29:49.112 UTC 3 14 40 126 115 16791 376.2308 0 239.0738 107.2663 0 0 27 0 0 234
Jun 8th 17:29:47.794 UTC 2 15 40 157 149 20560 393.7603 0 157.5231 55.27623 0 0 19 0 0 426
Jun 8th 17:28:49.123 UTC 3 15 40 121 113 15846 370.5729 0 207.6166 107.7296 0 0 27 0 0 229
Jun 8th 17:28:46.722 UTC 2 15 39 153 145 20157 383.3093 0 158.0983 55.71548 0 0 18 0 0 416
Jun 8th 17:27:49.123 UTC 3 15 37 118 112 15509 366.0224 0 203.1412 107.7751 0 0 27 0 0 225
Jun 8th 17:27:46.733 UTC 2 15 40 150 140 19977 371.4702 0 158.454 55.12244 0 0 18 0 0 405
Jun 8th 17:26:49.112 UTC 3 15 35 115 110 15163 360.7315 0 200.4753 108.8761 0 0 27 0 0 221
Jun 8th 17:26:46.733 UTC 2 14 40 145 136 19228 360.9682 0 159.7114 54.82319 0 0 18 0 0 395
Jun 8th 17:25:48.378 UTC 3 14 36 113 107 14974 349.4125 0 197.4784 84.40822 0 0 26 0 0 217
Jun 8th 17:25:46.732 UTC 2 15 40 141 133 18683 353.7339 0 160.9693 55.33838 0 0 18 0 0 383
Jun 8th 17:24:47.695 UTC 3 14 37 110 104 14608 341.1411 0 197.7321 75.20381 0 0 25 0 0 214
Jun 8th 17:24:46.722 UTC 2 15 40 135 129 17948 344.8817 0 159.9014 55.35592 0 0 18 0 0 371
Jun 8th 17:23:47.694 UTC 3 15 38 109 101 14528 332.0305 0 198.5309 71.97453 0 0 25 0 0 213
Jun 8th 17:23:46.732 UTC 2 15 40 132 124 17508 333.2851 0 160.8 56.69591 0 0 18 0 0 357
Jun 8th 17:22:47.684 UTC 3 13 40 104 98 13678 323.5899 0 201.2865 68.64484 0 0 25 0 0 210
Jun 8th 17:22:46.732 UTC 2 14 40 128 122 16924 327.7102 0 162.612 57.74727 0 0 18 0 0 346
Jun 8th 17:21:47.695 UTC 3 15 40 101 92 13076 307.4396 0 202.84 69.37798 0 0 25 0 0 202
Jun 8th 17:21:46.723 UTC 2 14 39 124 116 16498 309.1027 0 164.2428 56.47257 0 0 18 0 0 338
Jun 8th 17:20:47.695 UTC 3 13 40 97 90 12601 301.737 0 203.9849 71.23606 0 0 25 0 0 198
Jun 8th 17:20:46.734 UTC 2 14 40 122 113 16304 298.8209 0 164.728 57.40415 0 0 18 0 0 328
Jun 8th 17:19:47.694 UTC 3 11 39 94 88 12233 296.9471 0 203.7521 72.76481 0 0 25 0 0 188
Jun 8th 17:19:46.734 UTC 2 15 40 119 109 15987 288.4944 0 164.8492 58.31627 0 0 18 0 0 322
Jun 8th 17:18:46.296 UTC 3 14 40 88 82 11613 276.5814 0 206.8669 73.45535 0 0 23 0 0 181
Jun 8th 17:18:45.847 UTC 2 14 39 113 107 15234 280.874 0 158.9643 59.04221 0 0 17 0 0 314
Jun 8th 17:17:46.285 UTC 3 14 40 87 81 11281 273.2754 0 208.6527 74.1234 0 0 23 0 0 177
Jun 8th 17:17:45.848 UTC 2 14 39 110 103 14726 270.9782 0 153.3278 60.13075 0 0 17 0 0 303
Jun 8th 17:16:45.857 UTC 2 15 40 107 100 14121 262.6494 0 150.2541 60.60776 0 0 17 0 0 297
Jun 8th 17:16:45.602 UTC 3 13 39 84 77 10524 262.4351 0 210.7975 73.62558 0 0 22 0 0 168
Jun 8th 17:15:45.856 UTC 2 14 39 104 97 13587 255.3385 0 148.5287 52.46033 0 0 17 0 0 287
Jun 8th 17:15:44.725 UTC 3 14 40 80 72 9911 242.5193 0 197.5645 75.10785 0 0 21 0 0 163
Jun 8th 17:14:45.846 UTC 2 14 40 100 94 12970 248.3404 0 146.7113 48.94421 0 0 17 0 0 280
Jun 8th 17:14:43.981 UTC 3 15 39 78 69 9674 233.9256 0 200.1766 76.75157 0 0 20 0 0 155
Jun 8th 17:13:45.866 UTC 2 15 40 96 89 12613 239.7115 0 148.5458 47.37642 0 0 17 0 0 271
Jun 8th 17:13:43.981 UTC 3 15 40 76 66 9282 224.6872 0 194.3061 77.92651 0 0 20 0 0 149
Jun 8th 17:12:45.856 UTC 2 13 40 92 85 12093 230.8018 0 150.2854 44.31522 0 0 17 0 0 262
Jun 8th 17:12:43.993 UTC 3 15 36 70 64 8380 215.3436 0 195.3972 79.73009 0 0 20 0 0 143
Jun 8th 17:11:43.981 UTC 3 15 38 68 61 8137 206.3478 0 195.7348 66.09481 0 0 20 0 0 142
Jun 8th 17:11:43.825 UTC 2 15 40 88 79 11568 216.2343 0 152.6438 45.49035 0 0 15 0 0 248
Jun 8th 17:10:43.979 UTC 3 14 37 65 59 7715 199.2571 0 197.4574 60.14227 0 0 20 0 0 138
Jun 8th 17:10:42.702 UTC 2 13 40 84 76 11110 208.3937 0 155.3987 46.46764 0 0 14 0 0 237
Jun 8th 17:09:43.346 UTC 3 13 39 62 56 7320 192.8015 0 200.2341 60.43357 0 0 19 0 0 135
Jun 8th 17:09:42.693 UTC 2 15 40 79 69 10573 191.4902 0 153.2355 47.25089 0 0 14 0 0 226
Jun 8th 17:08:43.336 UTC 3 13 40 59 51 7100 176.3161 0 195.2005 62.98367 0 0 19 0 0 131
Jun 8th 17:08:42.715 UTC 2 14 40 75 68 10147 188.9948 0 151.4202 48.19081 0 0 14 0 0 215
Jun 8th 17:07:43.336 UTC 3 13 40 56 49 6802 168.785 0 199.859 64.91253 0 0 19 0 0 125
Jun 8th 17:07:42.703 UTC 2 14 39 72 65 9507 182.153 0 148.6762 49.29799 0 0 14 0 0 206
Jun 8th 17:06:43.327 UTC 3 15 40 53 44 6508 153.8091 0 192.5501 66.08308 0 0 19 0 0 119
Jun 8th 17:06:41.673 UTC 2 12 37 67 62 8597 173.5593 0 151.004 44.64879 0 0 13 0 0 196
Jun 8th 17:05:43.338 UTC 3 14 36 50 41 6162 142.3115 0 188.1519 62.43282 0 0 19 0 0 110
Jun 8th 17:05:40.652 UTC 2 14 39 64 55 8194 154.8209 0 150.8615 40.8335 0 0 12 0 0 190
Jun 8th 17:04:41.329 UTC 3 15 34 46 38 5705 131.4904 0 180.4633 64.51402 0 0 16 0 0 103
Jun 8th 17:04:40.651 UTC 2 15 40 61 50 7851 141.1725 0 152.5345 40.81062 0 0 12 0 0 182
Jun 8th 17:03:40.641 UTC 2 15 40 56 48 6995 136.0826 0 154.7108 41.16321 0 0 12 0 0 171
Jun 8th 17:03:39.838 UTC 3 14 34 43 37 5408 127.9003 0 172.4884 55.52917 0 0 14 0 0 99
Jun 8th 17:02:40.641 UTC 2 15 40 52 45 6378 127.3549 0 151.4854 39.80284 0 0 12 0 0 161
Jun 8th 17:02:38.929 UTC 3 13 33 41 35 5219 124.7762 0 163.6103 50.43231 0 0 13 0 0 94
Jun 8th 17:01:40.652 UTC 2 15 40 47 42 5645 115.7392 0 150.5931 41.28185 0 0 12 0 0 154
Jun 8th 17:01:38.929 UTC 3 12 30 35 31 4442 113.1605 0 165.4077 38.34115 0 0 13 0 0 86
Jun 8th 17:00:40.642 UTC 2 13 39 46 39 5565 108.9261 0 150.4313 44.54812 0 0 12 0 0 142
Jun 8th 17:00:37.286 UTC 3 15 31 34 26 4265 93.33723 0 167.9143 35.27171 0 0 11 0 0 83
Jun 8th 16:59:39.621 UTC 2 14 39 44 33 5328 87.22643 0 146.8627 38.85038 0 0 11 0 0 135
Jun 8th 16:59:37.308 UTC 3 13 27 33 24 4088 76.52645 0 169.2832 26.76228 0 0 11 0 0 75
Jun 8th 16:58:38.560 UTC 2 15 40 38 30 4719 77.24139 0 143.5652 38.2356 0 0 10 0 0 128
Jun 8th 16:58:37.297 UTC 3 15 23 28 18 3318 55.01508 0 170.1277 24.99855 0 0 11 0 0 67
Jun 8th 16:57:38.551 UTC 2 15 40 38 29 4719 76.24575 0 143.5652 38.83839 0 0 10 0 0 119
Jun 8th 16:57:37.297 UTC 3 15 18 26 17 3198 52.97594 0 172.0127 25.45722 0 0 11 0 0 61
Jun 8th 16:56:38.541 UTC 2 13 40 31 26 3957 68.38599 0 140.8749 32.31626 0 0 10 0 0 112
Jun 8th 16:56:37.289 UTC 3 14 14 24 14 3029 46.37028 0 174.151 23.53925 0 0 11 0 0 53
Jun 8th 16:55:36.410 UTC 3 15 13 20 10 2535 30.54231 0 177.5494 19.01879 0 0 10 0 0 48
Jun 8th 16:55:34.992 UTC 2 15 40 28 22 3728 57.21703 0 130.9323 33.70041 0 0 7 0 0 103
Jun 8th 16:54:36.409 UTC 3 14 10 17 8 2281 24.55256 0 165.81 20.4269 0 0 10 0 0 42
Jun 8th 16:54:34.993 UTC 2 12 40 26 21 3442 55.13321 0 130.0011 37.21501 0 0 7 0 0 94
Jun 8th 16:53:35.576 UTC 3 14 9 13 7 1489 20.78384 0 140.5433 21.29784 0 0 9 0 0 39
Jun 8th 16:53:34.990 UTC 2 14 40 22 13 2824 35.01311 0 128.4854 25.62503 0 0 7 0 0 82
Jun 8th 16:52:34.923 UTC 3 15 7 8 4 790 10.28184 0 125.5943 15.91371 0 0 8 0 0 34
Jun 8th 16:52:34.052 UTC 2 15 39 20 10 2655 23.22829 0 132.2494 23.94016 0 0 6 0 0 71
Jun 8th 16:51:34.923 UTC 3 15 5 8 2 790 4.722886 0 125.5943 13.84987 0 0 8 0 0 30
Jun 8th 16:51:34.045 UTC 2 15 34 15 5 2003 9.681923 0 131.6706 24.10119 0 0 6 0 0 60
Jun 8th 16:50:34.042 UTC 2 15 28 12 3 1538 4.094249 0 113.9 19.0351 0 0 6 0 0 52
Jun 8th 16:50:34.021 UTC 3 13 2 5 1 541 2.44122 0 120.5429 13.9266 0 0 7 0 0 23
Jun 8th 16:49:34.052 UTC 2 15 20 7 1 904 1.924262 0 107.3126 18.32688 0 0 6 0 0 42
Jun 8th 16:49:33.042 UTC 3 10 2 3 0 372 0 0 113.7731 10.62648 0 0 6 0 0 18
Jun 8th 16:48:34.039 UTC 2 11 15 3 0 343 0 0 94.39634 23.88268 0 0 6 0 0 32
Jun 8th 16:48:31.447 UTC 3 6 3 1 0 109 0 0 103.9851 6.555216 0 0 4 0 0 13
Jun 8th 16:47:32.060 UTC 2 7 13 0 0 0 0 0 NaN 15.12759 0 0 4 0 0 24
Jun 8th 16:47:29.643 UTC 3 3 1 0 0 0 0 0 NaN 7.654463 0 0 2 0 0 6
Jun 8th 16:46:31.048 UTC 2 2 8 0 0 0 0 0 NaN 18.70711 0 0 3 0 0 13
Jun 8th 16:46:28.037 UTC 3 1 1 0 0 0 0 0 NaN 8.583561 0 0 0 0 0 2
Jun 8th 16:45:28.174 UTC 3 0 0 0 0 0 0 0 NaN NaN 0 0 0 0 0 0
Jun 8th 16:45:28.172 UTC 2 0 0 0 0 0 0 0 NaN NaN 0 0 0 0 0 0