dt1 dt2 dt3 dt4 controller drones queue deliveries fullTrips revenue costs penalties avgDelTime avgWaitTime fDel fRet fLaunch collisions unknown total
Jun 8th 23:49:24.165 UTC 3 15 1 789 781 106928 3606.983 7.26 199.2278 15.47803 1 1 119 0 0 1970
Jun 8th 23:49:23.740 UTC 2 15 1 855 847 114230 3773.831 0 194.8489 20.28635 0 0 45 0 0 3475
Jun 8th 23:48:24.154 UTC 3 13 1 788 780 106751 3604.216 7.26 199.1381 15.49118 1 1 119 0 0 1967
Jun 8th 23:48:23.750 UTC 2 15 1 853 845 113967 3758.897 0 194.8529 20.20627 0 0 45 0 0 3464
Jun 8th 23:47:24.175 UTC 3 15 1 784 776 106368 3589.25 7.26 198.925 15.45707 1 1 119 0 0 1960
Jun 8th 23:47:23.739 UTC 2 15 1 850 845 113502 3758.897 0 194.9447 20.20627 0 0 45 0 0 3455
Jun 8th 23:46:24.166 UTC 3 15 1 782 775 106060 3584.106 7.26 198.9268 15.40837 1 1 119 0 0 1956
Jun 8th 23:46:23.738 UTC 2 13 1 848 842 113145 3743.544 0 194.8663 20.26534 0 0 45 0 0 3444
Jun 8th 23:45:24.165 UTC 3 15 0 780 772 105871 3561.06 7.26 199.0989 15.43779 1 1 119 0 0 1951
Jun 8th 23:45:22.679 UTC 2 15 1 847 837 112991 3719.001 0 194.6944 20.30959 0 0 44 0 0 3434
Jun 8th 23:44:24.175 UTC 3 13 1 778 771 105459 3557.677 7.26 198.8046 15.42908 1 1 119 0 0 1945
Jun 8th 23:44:22.678 UTC 2 14 0 846 837 112837 3719.001 0 194.7474 20.32676 0 0 44 0 0 3425
Jun 8th 23:43:23.319 UTC 3 15 1 777 767 105379 3543.139 7.26 198.8137 15.42852 1 1 118 0 0 1939
Jun 8th 23:43:22.678 UTC 2 15 1 845 833 112777 3696.472 0 194.6452 20.29122 0 0 44 0 0 3417
Jun 8th 23:42:23.319 UTC 3 15 1 775 764 104987 3527.789 7.26 198.8781 15.39214 1 1 118 0 0 1934
Jun 8th 23:42:22.690 UTC 2 15 1 840 832 112083 3689.605 0 194.4669 20.29427 0 0 44 0 0 3406
Jun 8th 23:41:23.319 UTC 3 14 1 773 764 104748 3527.789 7.26 199.152 15.38851 1 1 118 0 0 1931
Jun 8th 23:41:22.678 UTC 2 15 1 837 831 111863 3687.403 0 194.3469 20.16495 0 0 44 0 0 3394
Jun 8th 23:40:23.327 UTC 3 13 1 771 762 104274 3523.708 7.26 199.0742 15.43678 1 1 118 0 0 1928
Jun 8th 23:40:22.678 UTC 2 15 1 836 831 111686 3687.403 0 194.37 20.16495 0 0 44 0 0 3383
Jun 8th 23:39:23.328 UTC 3 13 1 767 759 103774 3512.928 7.26 198.9058 15.47514 1 1 118 0 0 1925
Jun 8th 23:39:22.677 UTC 2 14 0 833 829 111437 3684.47 0 194.3591 20.19739 0 0 44 0 0 3370
Jun 8th 23:38:22.678 UTC 2 13 1 831 825 111035 3672.229 0 194.397 20.26955 0 0 44 0 0 3360
Jun 8th 23:38:22.410 UTC 3 15 1 762 756 103052 3496.593 7.26 199.1176 15.44429 1 1 117 0 0 1920
Jun 8th 23:37:22.401 UTC 3 14 1 762 755 103052 3493.472 7.26 199.1176 15.44067 1 1 117 0 0 1917
Jun 8th 23:37:21.595 UTC 2 13 0 828 821 110644 3657.611 0 194.5313 20.32975 0 0 43 0 0 3348
Jun 8th 23:36:22.399 UTC 3 15 1 760 751 102818 3477.239 7.26 199.2615 15.46303 1 1 117 0 0 1910
Jun 8th 23:36:21.605 UTC 2 15 1 826 817 110241 3639.269 0 194.7395 20.32646 0 0 43 0 0 3340
Jun 8th 23:35:22.411 UTC 3 15 1 757 748 102355 3470.362 7.26 199.494 15.49081 1 1 117 0 0 1906
Jun 8th 23:35:21.606 UTC 2 14 1 824 815 109997 3632.452 0 194.8831 20.34555 0 0 43 0 0 3330
Jun 8th 23:34:21.595 UTC 2 15 1 821 812 109694 3620.878 0 195.0132 20.31082 0 0 43 0 0 3321
Jun 8th 23:34:21.360 UTC 3 13 0 756 747 102221 3464.653 7.26 199.4287 15.52662 1 1 116 0 0 1899
Jun 8th 23:33:21.589 UTC 2 15 1 816 809 109137 3601.974 0 195.1768 20.33977 0 0 43 0 0 3311
Jun 8th 23:33:21.362 UTC 3 15 1 752 742 101582 3442.382 7.26 199.6199 15.51416 1 1 116 0 0 1894
Jun 8th 23:32:21.605 UTC 2 15 1 815 807 109028 3589.707 0 195.1201 20.33162 0 0 43 0 0 3303
Jun 8th 23:32:21.365 UTC 3 14 0 749 741 101161 3438.279 7.26 199.6487 15.53841 1 1 116 0 0 1887
Jun 8th 23:31:21.605 UTC 2 15 1 813 804 108839 3575.784 0 195.0814 20.33879 0 0 43 0 0 3293
Jun 8th 23:31:19.625 UTC 3 15 0 747 739 100875 3421.497 7.26 199.8401 15.54925 1 1 114 0 0 1882
Jun 8th 23:30:21.605 UTC 2 15 1 812 802 108730 3568.333 0 195.0117 20.3232 0 0 43 0 0 3282
Jun 8th 23:30:19.624 UTC 3 14 1 745 737 100581 3416.62 7.26 199.8234 15.54912 1 1 114 0 0 1878
Jun 8th 23:29:21.605 UTC 2 15 1 810 800 108541 3564.315 0 195.0227 20.3002 0 0 43 0 0 3275
Jun 8th 23:29:18.717 UTC 3 15 1 742 734 100161 3406.814 7.26 200.0264 15.57297 1 1 113 0 0 1870
Jun 8th 23:28:20.448 UTC 2 15 0 806 799 108084 3558.242 0 194.7696 20.31567 0 0 42 0 0 3265
Jun 8th 23:28:18.718 UTC 3 14 1 739 731 99795 3396.153 7.26 200.1671 15.60794 1 1 113 0 0 1865
Jun 8th 23:27:20.437 UTC 2 15 1 800 797 107327 3546.493 0 194.8354 20.28265 0 0 42 0 0 3256
Jun 8th 23:27:18.717 UTC 3 14 0 738 729 99715 3389.059 7.26 200.2899 15.61277 1 1 113 0 0 1859
Jun 8th 23:26:19.291 UTC 2 14 0 800 794 107327 3531.877 0 194.8354 20.34745 0 0 41 0 0 3244
Jun 8th 23:26:18.717 UTC 3 13 1 737 726 99538 3370.806 7.26 200.4555 15.66518 1 1 113 0 0 1856
Jun 8th 23:25:19.290 UTC 2 15 1 800 791 107327 3511.863 0 194.8354 20.30937 0 0 41 0 0 3232
Jun 8th 23:25:17.953 UTC 3 15 1 732 722 98646 3350.437 7.26 200.1609 15.69675 1 1 112 0 0 1853
Jun 8th 23:24:19.280 UTC 2 14 1 798 790 107138 3506.967 0 194.7638 20.31332 0 0 41 0 0 3222
Jun 8th 23:24:17.954 UTC 3 15 1 729 721 98225 3346.148 7.26 200.2536 15.67434 1 1 112 0 0 1848
Jun 8th 23:23:19.289 UTC 2 15 1 797 786 106984 3489.739 0 194.8043 20.3106 0 0 41 0 0 3215
Jun 8th 23:23:17.958 UTC 3 15 1 728 719 98048 3337.797 7.26 200.3212 15.62106 1 1 112 0 0 1840
Jun 8th 23:22:19.288 UTC 2 15 1 793 785 106610 3485.622 0 194.7632 20.29886 0 0 41 0 0 3207
Jun 8th 23:22:17.956 UTC 3 15 0 726 717 97743 3330.215 7.26 200.3079 15.63844 1 1 112 0 0 1833
Jun 8th 23:21:19.288 UTC 2 15 1 790 783 106176 3474.026 0 194.7019 20.28785 0 0 41 0 0 3199
Jun 8th 23:21:17.956 UTC 3 14 1 724 715 97412 3316.234 7.26 200.257 15.62073 1 1 112 0 0 1826
Jun 8th 23:20:18.167 UTC 2 15 0 789 781 105999 3467.653 0 194.6165 20.32952 0 0 40 0 0 3191
Jun 8th 23:20:17.955 UTC 3 15 1 721 713 97151 3307.775 7.26 200.3726 15.60181 1 1 112 0 0 1819
Jun 8th 23:19:18.158 UTC 2 15 1 786 780 105507 3461.028 0 194.3023 20.25481 0 0 40 0 0 3182
Jun 8th 23:19:17.948 UTC 3 14 1 720 711 96819 3301.233 7.26 200.2902 15.6357 1 1 112 0 0 1813
Jun 8th 23:18:18.147 UTC 2 13 1 784 778 105338 3450.765 0 194.2268 20.31306 0 0 40 0 0 3175
Jun 8th 23:18:17.115 UTC 3 12 0 717 710 96521 3298.115 7.26 200.2341 15.6755 1 1 111 0 0 1805
Jun 8th 23:17:18.166 UTC 2 15 1 782 774 105198 3435.799 0 194.2305 20.26646 0 0 40 0 0 3161
Jun 8th 23:17:16.094 UTC 3 13 1 715 708 96223 3287.269 7.26 200.3781 15.69372 1 1 110 0 0 1804
Jun 8th 23:16:18.156 UTC 2 15 1 780 772 104935 3426.666 0 194.2718 20.23486 0 0 40 0 0 3151
Jun 8th 23:16:16.093 UTC 3 13 1 713 705 95863 3281.346 7.26 200.2471 15.68335 1 1 110 0 0 1799
Jun 8th 23:15:18.156 UTC 2 14 1 779 770 104855 3415.628 0 194.1453 20.27765 0 0 40 0 0 3142
Jun 8th 23:15:16.103 UTC 3 13 1 709 703 95406 3274.772 7.26 200.4601 15.71439 1 1 110 0 0 1793
Jun 8th 23:14:18.146 UTC 2 14 0 774 768 104181 3403.345 0 194.2706 20.27397 0 0 40 0 0 3133
Jun 8th 23:14:16.104 UTC 3 13 1 707 700 94994 3260.61 7.26 200.7478 15.75159 1 1 110 0 0 1787
Jun 8th 23:13:18.166 UTC 2 15 1 773 766 104004 3397.732 0 194.1701 20.18759 0 0 40 0 0 3121
Jun 8th 23:13:15.113 UTC 3 13 1 706 698 94662 3250.366 7.26 200.7205 15.7688 1 1 109 0 0 1784
Jun 8th 23:12:18.158 UTC 2 12 1 771 766 103654 3397.732 0 194.2814 20.23059 0 0 40 0 0 3112
Jun 8th 23:12:14.058 UTC 3 14 0 704 694 94522 3228.472 7.26 200.6526 15.81787 1 1 108 0 0 1778
Jun 8th 23:11:18.159 UTC 2 15 1 769 759 103417 3363.737 0 194.1998 20.27209 0 0 40 0 0 3102
Jun 8th 23:11:14.058 UTC 3 14 1 701 692 93976 3217.386 7.26 200.9752 15.7312 1 1 108 0 0 1773
Jun 8th 23:10:18.147 UTC 2 15 1 766 757 103123 3354.099 0 194.2782 20.22173 0 0 40 0 0 3090
Jun 8th 23:10:14.056 UTC 3 13 1 700 691 93799 3213.615 7.26 200.9533 15.74042 1 1 108 0 0 1769
Jun 8th 23:09:18.158 UTC 2 15 1 764 756 102837 3352.781 0 194.2763 20.17054 0 0 40 0 0 3083
Jun 8th 23:09:14.059 UTC 3 15 1 698 687 93542 3204.928 7.26 200.8346 15.73536 1 1 108 0 0 1761
Jun 8th 23:08:18.157 UTC 2 14 1 762 755 102509 3347.235 0 194.3911 20.20555 0 0 40 0 0 3075
Jun 8th 23:08:13.037 UTC 3 15 1 693 685 92819 3198.993 7.26 201.1311 15.75319 1 1 107 0 0 1755
Jun 8th 23:07:18.156 UTC 2 15 1 759 749 102235 3318.837 0 194.3365 20.2585 0 0 40 0 0 3066
Jun 8th 23:07:13.047 UTC 3 15 1 690 683 92525 3184.62 7.26 201.2792 15.72833 1 1 107 0 0 1748
Jun 8th 23:06:18.147 UTC 2 15 0 756 748 101844 3313.751 0 194.1283 20.23825 0 0 40 0 0 3059
Jun 8th 23:06:13.036 UTC 3 14 1 687 681 92134 3170.336 7.26 201.1824 15.7338 1 1 107 0 0 1740
Jun 8th 23:05:18.156 UTC 2 15 1 754 745 101626 3296.988 0 194.085 20.15353 0 0 40 0 0 3051
Jun 8th 23:05:13.039 UTC 3 15 1 686 677 92074 3161.711 7.26 201.2529 15.75656 1 1 107 0 0 1733
Jun 8th 23:04:18.157 UTC 2 15 1 752 745 101333 3296.988 0 194.0356 20.15353 0 0 40 0 0 3043
Jun 8th 23:04:12.154 UTC 3 14 1 684 674 91788 3143.681 7.26 201.6388 15.76955 1 1 106 0 0 1727
Jun 8th 23:03:18.148 UTC 2 15 1 752 742 101333 3279.893 0 194.0356 20.12888 0 0 40 0 0 3031
Jun 8th 23:03:12.154 UTC 3 13 0 681 673 91205 3141.467 7.26 201.7968 15.80212 1 1 106 0 0 1724
Jun 8th 23:02:18.158 UTC 2 14 1 748 742 100696 3279.893 0 193.8331 20.14268 0 0 40 0 0 3018
Jun 8th 23:02:12.144 UTC 3 13 1 679 670 91024 3122.511 7.26 202.0135 15.86151 1 1 106 0 0 1722
Jun 8th 23:01:18.158 UTC 2 15 1 747 738 100616 3259.511 0 193.5988 20.13112 0 0 40 0 0 3007
Jun 8th 23:01:11.277 UTC 3 14 1 676 666 90536 3099.548 7.26 201.4384 15.89505 1 1 105 0 0 1717
Jun 8th 23:00:18.147 UTC 2 15 1 745 737 100422 3253.442 0 193.3428 20.07847 0 0 40 0 0 3001
Jun 8th 23:00:10.350 UTC 3 15 1 676 664 90536 3088.772 7.26 201.4384 15.77481 1 1 104 0 0 1708
Jun 8th 22:59:18.158 UTC 2 15 1 742 733 100124 3225.287 0 193.3783 20.03768 0 0 40 0 0 2993
Jun 8th 22:59:10.348 UTC 3 14 1 673 664 90238 3088.772 7.26 201.3913 15.74833 1 1 104 0 0 1701
Jun 8th 22:58:18.158 UTC 2 15 1 741 733 100044 3225.287 0 193.2711 20.03768 0 0 40 0 0 2983
Jun 8th 22:58:10.347 UTC 3 15 1 671 662 90024 3074.731 7.26 201.0873 15.70414 1 1 104 0 0 1697
Jun 8th 22:57:18.157 UTC 2 14 0 739 732 99781 3220.829 0 193.183 20.07072 0 0 40 0 0 2972
Jun 8th 22:57:09.494 UTC 3 14 1 670 661 89915 3069.798 7.26 201.0332 15.69341 1 1 103 0 0 1692
Jun 8th 22:56:18.147 UTC 2 15 1 737 729 99548 3206.954 0 192.9051 20.00448 0 0 40 0 0 2962
Jun 8th 22:56:09.493 UTC 3 15 1 665 659 89254 3056.848 7.26 200.5066 15.6797 1 1 103 0 0 1688
Jun 8th 22:55:18.158 UTC 2 15 0 737 728 99548 3200.383 0 192.9051 20.01026 0 0 40 0 0 2952
Jun 8th 22:55:09.495 UTC 3 15 1 665 658 89254 3049.879 7.26 200.5066 15.56814 1 1 103 0 0 1681
Jun 8th 22:54:18.157 UTC 2 13 0 733 726 99151 3187.941 0 192.6005 20.05784 0 0 40 0 0 2945
Jun 8th 22:54:09.492 UTC 3 13 1 664 658 89120 3049.879 7.26 200.4881 15.59676 1 1 103 0 0 1673
Jun 8th 22:53:18.146 UTC 2 15 1 731 723 98797 3172.707 0 192.409 19.99058 0 0 40 0 0 2937
Jun 8th 22:53:08.482 UTC 3 11 1 662 657 88906 3047.709 7.26 200.4697 15.64309 1 1 102 0 0 1668
Jun 8th 22:52:18.167 UTC 2 15 1 729 721 98469 3165.437 0 192.2272 19.90983 0 0 40 0 0 2926
Jun 8th 22:52:07.583 UTC 3 13 0 660 654 88766 3037.893 7.26 200.3991 15.65166 1 1 101 0 0 1664
Jun 8th 22:51:18.157 UTC 2 15 1 729 721 98469 3165.437 0 192.2272 19.90983 0 0 40 0 0 2916
Jun 8th 22:51:06.624 UTC 3 13 1 660 650 88766 3019.621 7.26 200.3991 15.7183 1 1 100 0 0 1659
Jun 8th 22:50:18.157 UTC 2 15 1 724 718 98039 3156.879 0 192.1219 19.91607 0 0 40 0 0 2905
Jun 8th 22:50:06.625 UTC 3 15 1 656 645 88221 2993.639 7.26 200.3027 15.70475 1 1 100 0 0 1654
Jun 8th 22:49:18.156 UTC 2 14 1 720 717 97665 3151.91 0 192.1062 19.88919 0 0 40 0 0 2897
Jun 8th 22:49:06.634 UTC 3 15 1 655 644 88044 2992.975 7.26 200.44 15.68911 1 1 100 0 0 1648
Jun 8th 22:48:18.157 UTC 2 15 1 719 713 97585 3135.313 0 192.2291 19.91464 0 0 40 0 0 2885
Jun 8th 22:48:06.635 UTC 3 14 1 650 643 87235 2983.982 7.26 201.0354 15.71538 1 1 100 0 0 1645
Jun 8th 22:47:18.146 UTC 2 15 1 719 710 97585 3121.505 0 192.2291 19.92654 0 0 40 0 0 2875
Jun 8th 22:47:06.625 UTC 3 11 0 649 643 87155 2983.982 7.26 200.8235 15.75654 1 1 100 0 0 1638
Jun 8th 22:46:18.157 UTC 2 14 1 716 707 96935 3110.735 0 192.2052 19.97769 0 0 40 0 0 2865
Jun 8th 22:46:06.633 UTC 3 12 0 648 639 87046 2959.12 7.26 200.7283 15.80421 1 1 100 0 0 1635
Jun 8th 22:45:18.157 UTC 2 15 1 714 703 96672 3090.037 0 192.2241 19.94261 0 0 40 0 0 2855
Jun 8th 22:45:05.664 UTC 3 15 1 645 635 86748 2935.471 7.26 200.3343 15.75314 1 1 99 0 0 1629
Jun 8th 22:44:18.147 UTC 2 14 1 711 703 96220 3090.037 0 192.355 19.90108 0 0 40 0 0 2846
Jun 8th 22:44:05.654 UTC 3 15 1 645 633 86748 2928.559 7.26 200.3343 15.60292 1 1 99 0 0 1622
Jun 8th 22:43:18.157 UTC 2 15 1 706 701 95361 3081.348 0 192.5527 19.89579 0 0 40 0 0 2839
Jun 8th 22:43:05.674 UTC 3 15 1 644 633 86571 2928.559 7.26 200.3275 15.60292 1 1 99 0 0 1615
Jun 8th 22:42:17.178 UTC 2 15 1 706 699 95361 3068.283 0 192.5527 19.91869 0 0 39 0 0 2831
Jun 8th 22:42:05.664 UTC 3 14 0 639 633 85969 2928.559 7.26 200.2264 15.61453 1 1 99 0 0 1608
Jun 8th 22:41:17.168 UTC 2 15 1 704 693 95172 3042.164 0 192.5555 20.01373 0 0 39 0 0 2821
Jun 8th 22:41:04.644 UTC 3 15 1 636 629 85691 2909.917 7.26 199.8356 15.6326 1 1 98 0 0 1604
Jun 8th 22:40:17.178 UTC 2 15 1 701 690 94777 3030.631 0 192.3989 20.02076 0 0 39 0 0 2812
Jun 8th 22:40:04.634 UTC 3 15 0 635 627 85631 2899.459 7.26 199.7981 15.65619 1 1 98 0 0 1598
Jun 8th 22:39:17.177 UTC 2 15 1 700 689 94600 3023.694 0 192.2705 19.93881 0 0 39 0 0 2801
Jun 8th 22:39:04.654 UTC 3 15 1 634 625 85477 2884.257 7.26 199.4525 15.61452 1 1 98 0 0 1594
Jun 8th 22:38:17.178 UTC 2 15 1 695 688 93946 3018.92 0 192.4288 19.88507 0 0 39 0 0 2792
Jun 8th 22:38:04.643 UTC 3 15 1 631 624 85160 2877.405 7.26 199.769 15.56861 1 1 98 0 0 1586
Jun 8th 22:37:17.188 UTC 2 15 1 692 687 93619 3012.857 0 192.0981 19.88531 0 0 39 0 0 2787
Jun 8th 22:37:04.644 UTC 3 15 1 630 622 84983 2868.167 0 199.6939 15.56794 0 1 98 0 0 1576
Jun 8th 22:36:17.178 UTC 2 15 0 691 685 93442 3002.208 0 191.9981 19.88564 0 0 39 0 0 2777
Jun 8th 22:36:04.645 UTC 3 15 0 629 619 84829 2847.15 0 199.53 15.59559 0 1 98 0 0 1571
Jun 8th 22:35:17.177 UTC 2 15 1 690 682 93382 2983.782 0 191.7913 19.87777 0 0 39 0 0 2767
Jun 8th 22:35:04.646 UTC 3 14 1 626 617 84295 2842.529 0 199.7352 15.52534 0 1 98 0 0 1568
Jun 8th 22:34:17.178 UTC 2 14 1 688 680 93028 2973.717 0 191.6208 19.89288 0 0 39 0 0 2755
Jun 8th 22:34:04.646 UTC 3 15 1 624 616 84007 2836.342 0 199.6118 15.52534 0 1 98 0 0 1564
Jun 8th 22:33:17.177 UTC 2 14 1 687 678 92968 2962.708 0 191.6099 19.85299 0 0 39 0 0 2746
Jun 8th 22:33:04.635 UTC 3 14 0 621 615 83555 2830.435 0 199.2602 15.55867 0 1 98 0 0 1558
Jun 8th 22:32:17.167 UTC 2 15 1 685 676 92637 2953.811 0 191.4781 19.81269 0 0 39 0 0 2736
Jun 8th 22:32:04.644 UTC 3 15 1 620 611 83421 2821.711 0 199.4114 15.52921 0 1 98 0 0 1553
Jun 8th 22:31:17.188 UTC 2 15 1 682 674 92091 2943.632 0 191.3777 19.74339 0 0 39 0 0 2728
Jun 8th 22:31:04.634 UTC 3 14 1 618 610 83164 2819.001 0 199.8506 15.56604 0 1 98 0 0 1546
Jun 8th 22:30:17.177 UTC 2 15 1 678 673 91567 2937.642 0 191.1762 19.73761 0 0 39 0 0 2719
Jun 8th 22:30:01.779 UTC 3 13 1 614 609 82756 2817.489 0 199.4824 15.59663 0 1 95 0 0 1539
Jun 8th 22:29:17.177 UTC 2 14 0 677 672 91341 2932.568 0 191.0921 19.78431 0 0 39 0 0 2715
Jun 8th 22:29:01.769 UTC 3 15 0 611 604 82365 2787.304 0 199.6841 15.62932 0 1 95 0 0 1529
Jun 8th 22:28:17.166 UTC 2 15 1 676 668 91261 2922.197 0 191.0847 19.78173 0 0 39 0 0 2703
Jun 8th 22:28:01.790 UTC 3 14 1 610 603 82285 2783.973 0 199.8157 15.59843 0 1 95 0 0 1525
Jun 8th 22:27:17.177 UTC 2 15 1 672 665 90677 2906.111 0 191.2271 19.79972 0 0 39 0 0 2694
Jun 8th 22:27:01.780 UTC 3 15 1 609 599 82225 2762.148 0 199.9462 15.63466 0 1 95 0 0 1521
Jun 8th 22:26:17.188 UTC 2 15 1 670 663 90278 2897.849 0 191.2957 19.78815 0 0 39 0 0 2683
Jun 8th 22:26:01.778 UTC 3 15 1 608 597 82048 2754.075 0 200.0471 15.59376 0 1 95 0 0 1517
Jun 8th 22:25:16.056 UTC 2 14 1 668 660 90021 2882.742 0 191.0932 19.83302 0 0 38 0 0 2674
Jun 8th 22:25:01.035 UTC 3 14 1 605 595 81770 2747.364 0 200.0646 15.63775 0 1 94 0 0 1511
Jun 8th 22:24:16.055 UTC 2 15 1 667 658 89844 2870.504 0 191.1904 19.78864 0 0 38 0 0 2661
Jun 8th 22:24:01.045 UTC 3 14 1 601 593 80930 2742.453 0 200.2706 15.66748 0 1 94 0 0 1509
Jun 8th 22:23:16.058 UTC 2 15 0 664 655 89329 2857.727 0 191.1836 19.79791 0 0 38 0 0 2650
Jun 8th 22:23:01.037 UTC 3 15 1 597 590 80572 2723.322 0 200.1598 15.60513 0 1 94 0 0 1503
Jun 8th 22:22:16.056 UTC 2 15 0 662 653 89095 2846.191 0 190.9825 19.77425 0 0 38 0 0 2643
Jun 8th 22:22:01.037 UTC 3 13 1 596 589 80463 2722.014 0 200.2914 15.67338 0 1 94 0 0 1496
Jun 8th 22:21:16.056 UTC 2 15 1 660 651 88861 2836.151 0 190.977 19.73545 0 0 38 0 0 2632
Jun 8th 22:21:01.036 UTC 3 14 0 595 587 80383 2706.1 0 200.2102 15.68854 0 1 94 0 0 1493
Jun 8th 22:20:16.047 UTC 2 15 1 657 649 88544 2830.5 0 190.8148 19.71742 0 0 38 0 0 2619
Jun 8th 22:20:00.134 UTC 3 12 1 593 586 80095 2701.798 0 200.1667 15.72065 0 1 93 0 0 1490
Jun 8th 22:19:16.056 UTC 2 15 1 655 648 88190 2823.406 0 190.6436 19.65411 0 0 38 0 0 2610
Jun 8th 22:18:59.297 UTC 3 11 1 591 584 79926 2696.29 0 200.0034 15.76259 0 1 92 0 0 1485
Jun 8th 22:18:16.049 UTC 2 15 1 651 646 87456 2817.538 0 190.6793 19.65074 0 0 38 0 0 2598
Jun 8th 22:17:58.391 UTC 3 13 0 589 581 79640 2685.638 0 200.0671 15.77908 0 1 91 0 0 1481
Jun 8th 22:17:15.060 UTC 2 15 0 649 642 87262 2803.873 0 190.5244 19.73565 0 0 37 0 0 2588
Jun 8th 22:16:58.381 UTC 3 14 1 587 578 79237 2677.692 0 200.2226 15.75502 0 1 91 0 0 1474
Jun 8th 22:16:15.058 UTC 2 14 1 648 640 87083 2792.963 0 190.6926 19.73875 0 0 37 0 0 2582
Jun 8th 22:15:58.383 UTC 3 15 1 584 576 78823 2667.848 0 200.2692 15.64652 0 1 91 0 0 1468
Jun 8th 22:15:13.967 UTC 2 13 0 645 637 86748 2782.477 0 191.127 19.8251 0 0 36 0 0 2571
Jun 8th 22:14:58.393 UTC 3 13 1 580 575 78206 2662.037 0 200.2264 15.6788 0 1 91 0 0 1462
Jun 8th 22:14:13.967 UTC 2 15 1 642 631 86431 2758.001 0 191.1014 19.83825 0 0 36 0 0 2568
Jun 8th 22:13:58.392 UTC 3 13 0 578 571 78037 2643.991 0 200.216 15.73826 0 1 91 0 0 1452
Jun 8th 22:13:13.978 UTC 2 15 1 642 630 86431 2752.27 0 191.1014 19.85398 0 0 36 0 0 2557
Jun 8th 22:12:58.382 UTC 3 14 1 578 567 78037 2622.189 0 200.216 15.7645 0 1 91 0 0 1448
Jun 8th 22:12:13.967 UTC 2 15 1 637 629 85808 2747.078 0 191.1427 19.7797 0 0 36 0 0 2547
Jun 8th 22:11:58.380 UTC 3 15 1 578 566 78037 2613.509 0 200.216 15.58519 0 0 91 0 0 1441
Jun 8th 22:11:13.966 UTC 2 15 1 633 628 85308 2741.736 0 191.1476 19.72072 0 0 36 0 0 2539
Jun 8th 22:10:58.392 UTC 3 15 1 572 566 77298 2613.509 0 200.1973 15.58519 0 0 91 0 0 1435
Jun 8th 22:10:13.966 UTC 2 15 1 631 625 85002 2731.859 0 191.0095 19.67076 0 0 36 0 0 2530
Jun 8th 22:09:58.378 UTC 3 15 1 570 563 77041 2598.358 0 200.2906 15.4963 0 0 91 0 0 1429
Jun 8th 22:09:13.979 UTC 2 15 0 630 624 84942 2730.136 0 190.9405 19.69263 0 0 36 0 0 2521
Jun 8th 22:08:58.391 UTC 3 15 1 569 562 76981 2591.526 0 200.3531 15.47467 0 0 91 0 0 1422
Jun 8th 22:08:13.968 UTC 2 14 1 627 619 84528 2697.178 0 191.0678 19.8031 0 0 36 0 0 2512
Jun 8th 22:07:57.584 UTC 3 14 1 567 560 76742 2583.701 0 200.2655 15.5068 0 0 90 0 0 1416
Jun 8th 22:07:13.962 UTC 2 15 1 625 615 84242 2681.902 0 191.1594 19.78139 0 0 36 0 0 2505
Jun 8th 22:06:57.583 UTC 3 13 0 565 556 76505 2570.186 0 200.2046 15.60792 0 0 90 0 0 1408
Jun 8th 22:06:13.976 UTC 2 14 1 624 614 84063 2677.319 0 191.0976 19.78798 0 0 36 0 0 2493
Jun 8th 22:05:56.799 UTC 3 15 1 564 553 76425 2564.917 0 200.1043 15.56074 0 0 89 0 0 1407
Jun 8th 22:05:13.967 UTC 2 15 1 622 611 83661 2657.292 0 191.2257 19.72753 0 0 36 0 0 2482
Jun 8th 22:04:56.809 UTC 3 15 0 559 552 75988 2561.41 0 200.7441 15.57687 0 0 89 0 0 1402
Jun 8th 22:04:13.959 UTC 2 15 1 618 610 82977 2654.784 0 191.0095 19.71157 0 0 36 0 0 2471
Jun 8th 22:03:56.800 UTC 3 14 1 554 550 75156 2556.755 0 200.743 15.59725 0 0 89 0 0 1397
Jun 8th 22:03:13.977 UTC 2 15 1 615 607 82291 2642.003 0 190.7792 19.61835 0 0 36 0 0 2463
Jun 8th 22:02:56.799 UTC 3 11 0 554 550 75156 2556.755 0 200.743 15.66779 0 0 89 0 0 1392
Jun 8th 22:02:13.975 UTC 2 15 1 612 607 81974 2642.003 0 191.0314 19.61835 0 0 36 0 0 2450
Jun 8th 22:01:56.809 UTC 3 11 1 551 547 74748 2539.599 0 201.2285 15.71745 0 0 89 0 0 1388
Jun 8th 22:01:13.965 UTC 2 14 1 611 606 81797 2640.58 0 190.9628 19.62133 0 0 36 0 0 2443
Jun 8th 22:00:55.769 UTC 3 11 0 551 544 74748 2525.227 0 201.2285 15.77504 0 0 88 0 0 1381
Jun 8th 22:00:13.974 UTC 2 15 1 609 599 81540 2607.338 0 190.8899 19.68882 0 0 36 0 0 2432
Jun 8th 21:59:54.881 UTC 3 13 0 550 540 74688 2513.302 0 201.3327 15.81226 0 0 87 0 0 1376
Jun 8th 21:59:13.973 UTC 2 15 1 608 597 81406 2604.495 0 190.8978 19.71816 0 0 36 0 0 2425
Jun 8th 21:58:54.880 UTC 3 15 1 549 536 74628 2497.445 0 201.533 15.71186 0 0 87 0 0 1368
Jun 8th 21:58:13.965 UTC 2 14 0 606 596 81188 2596.22 0 190.4827 19.71817 0 0 36 0 0 2418
Jun 8th 21:57:54.881 UTC 3 14 1 544 535 74025 2491.538 0 201.7862 15.7047 0 0 87 0 0 1359
Jun 8th 21:57:12.772 UTC 2 15 0 602 594 80763 2590.428 0 190.8915 19.72479 0 0 35 0 0 2409
Jun 8th 21:56:54.870 UTC 3 15 1 541 533 73731 2488.254 0 201.9114 15.62081 0 0 87 0 0 1352
Jun 8th 21:56:12.782 UTC 2 15 1 596 592 80014 2587.521 0 190.7958 19.68206 0 0 35 0 0 2403
Jun 8th 21:55:54.887 UTC 3 14 1 537 532 73237 2482.223 0 202.4289 15.65728 0 0 87 0 0 1347
Jun 8th 21:55:12.783 UTC 2 14 0 595 591 79860 2582.578 0 191.032 19.69186 0 0 35 0 0 2391
Jun 8th 21:54:54.878 UTC 3 14 1 536 529 73157 2470.18 0 202.3485 15.68672 0 0 87 0 0 1343
Jun 8th 21:54:12.770 UTC 2 15 1 593 585 79574 2552.974 0 191.2129 19.775 0 0 35 0 0 2384
Jun 8th 21:53:54.015 UTC 3 14 1 534 525 72963 2454.955 0 202.1079 15.73076 0 0 86 0 0 1333
Jun 8th 21:53:12.791 UTC 2 15 1 593 582 79574 2545.921 0 191.2129 19.78214 0 0 35 0 0 2374
Jun 8th 21:52:53.027 UTC 3 13 1 532 524 72477 2452.881 0 202.3536 15.75285 0 0 85 0 0 1330
Jun 8th 21:52:12.793 UTC 2 15 1 591 579 79405 2532.892 0 191.1196 19.76896 0 0 35 0 0 2363
Jun 8th 21:51:53.026 UTC 3 15 1 529 521 72015 2441.102 0 202.4477 15.68933 0 0 85 0 0 1324
Jun 8th 21:51:12.780 UTC 2 15 0 587 578 78982 2527.914 0 191.4649 19.7421 0 0 35 0 0 2356
Jun 8th 21:50:53.025 UTC 3 15 1 525 520 71504 2436.376 0 202.894 15.60684 0 0 85 0 0 1316
Jun 8th 21:50:12.780 UTC 2 15 1 583 575 78536 2514.425 0 191.5168 19.75249 0 0 35 0 0 2348
Jun 8th 21:49:53.036 UTC 3 14 1 524 516 71327 2419.731 0 202.878 15.6954 0 0 85 0 0 1311
Jun 8th 21:49:12.780 UTC 2 15 1 580 574 78076 2507.602 0 191.2848 19.70502 0 0 35 0 0 2338
Jun 8th 21:48:53.033 UTC 3 15 1 522 512 71039 2407.42 0 202.6198 15.65093 0 0 85 0 0 1306
Jun 8th 21:48:11.728 UTC 2 15 1 578 572 77839 2502.031 0 191.1861 19.7425 0 0 34 0 0 2328
Jun 8th 21:47:52.217 UTC 3 14 1 518 512 70571 2407.42 0 202.9392 15.66386 0 0 84 0 0 1300
Jun 8th 21:47:11.739 UTC 2 15 1 576 568 77602 2487.335 0 191.4367 19.77023 0 0 34 0 0 2319
Jun 8th 21:46:51.454 UTC 3 14 1 516 509 70382 2395.061 0 203.2922 15.70515 0 0 83 0 0 1295
Jun 8th 21:46:11.739 UTC 2 15 1 574 566 77482 2478.451 0 191.4025 19.7842 0 0 34 0 0 2311
Jun 8th 21:45:51.453 UTC 3 15 1 513 504 69923 2369.611 0 203.3294 15.6815 0 0 83 0 0 1287
Jun 8th 21:45:11.738 UTC 2 15 1 571 563 77087 2465.301 0 191.6129 19.82264 0 0 34 0 0 2304
Jun 8th 21:44:51.443 UTC 3 15 1 510 503 69509 2366.867 0 203.7887 15.67455 0 0 83 0 0 1279
Jun 8th 21:44:11.737 UTC 2 15 1 569 560 76801 2455.861 0 191.4911 19.85809 0 0 34 0 0 2296
Jun 8th 21:43:50.624 UTC 3 11 1 508 502 69117 2358.592 0 204.0498 15.77101 0 0 82 0 0 1271
Jun 8th 21:43:10.697 UTC 2 14 1 567 558 76488 2446.055 0 191.4525 19.90435 0 0 33 0 0 2289
Jun 8th 21:42:47.831 UTC 3 13 1 505 500 68654 2347.021 0 204.0464 15.77101 0 0 79 0 0 1266
Jun 8th 21:42:10.709 UTC 2 15 1 563 556 75641 2437.506 0 191.697 19.83812 0 0 33 0 0 2279
Jun 8th 21:41:46.831 UTC 3 14 1 505 495 68654 2329.508 0 204.0464 15.82073 0 0 78 0 0 1257
Jun 8th 21:41:10.709 UTC 2 15 1 561 552 75287 2417.494 0 191.7967 19.84966 0 0 33 0 0 2271
Jun 8th 21:40:46.820 UTC 3 14 0 504 492 68477 2320.736 0 204.3617 15.87684 0 0 78 0 0 1251
Jun 8th 21:40:10.710 UTC 2 14 1 558 550 74874 2412.28 0 191.6807 19.83624 0 0 33 0 0 2260
Jun 8th 21:39:46.839 UTC 3 15 1 500 490 68119 2309.685 0 204.0737 15.78218 0 0 78 0 0 1249
Jun 8th 21:39:10.709 UTC 2 15 0 557 548 74794 2400.256 0 191.6149 19.84355 0 0 33 0 0 2250
Jun 8th 21:38:46.829 UTC 3 15 1 497 488 67702 2303.826 0 204.1312 15.74283 0 0 78 0 0 1243
Jun 8th 21:38:10.709 UTC 2 15 1 554 545 74423 2384.642 0 191.6991 19.84429 0 0 33 0 0 2239
Jun 8th 21:37:46.829 UTC 3 15 1 491 487 66879 2297.135 0 204.3328 15.63938 0 0 78 0 0 1236
Jun 8th 21:37:10.709 UTC 2 15 1 550 544 73948 2380.567 0 191.6212 19.75866 0 0 33 0 0 2234
Jun 8th 21:36:46.817 UTC 3 12 0 491 487 66879 2297.135 0 204.3328 15.71119 0 0 78 0 0 1227
Jun 8th 21:36:10.700 UTC 2 14 1 549 543 73794 2379.159 0 191.7313 19.78044 0 0 33 0 0 2223
Jun 8th 21:35:46.838 UTC 3 13 0 488 484 66511 2284.01 0 204.3174 15.75152 0 0 78 0 0 1225
Jun 8th 21:35:10.699 UTC 2 14 1 547 539 73605 2363.615 0 191.8884 19.83521 0 0 33 0 0 2211
Jun 8th 21:34:46.818 UTC 3 14 0 488 481 66511 2270.434 0 204.3174 15.73947 0 0 78 0 0 1221
Jun 8th 21:34:10.711 UTC 2 14 1 543 536 73130 2358.156 0 191.7925 19.85777 0 0 33 0 0 2201
Jun 8th 21:33:46.827 UTC 3 13 0 486 479 66119 2263.334 0 204.7642 15.79257 0 0 78 0 0 1218
Jun 8th 21:33:10.709 UTC 2 15 1 540 533 72806 2340.362 0 192.0326 19.81076 0 0 33 0 0 2190
Jun 8th 21:32:45.940 UTC 3 12 0 482 476 65729 2244.203 0 205.0012 15.88937 0 0 77 0 0 1213
Jun 8th 21:32:10.698 UTC 2 14 0 537 531 72345 2333.709 0 192.2623 19.8444 0 0 33 0 0 2179
Jun 8th 21:31:43.408 UTC 3 13 1 482 473 65729 2230.603 0 205.0012 15.93604 0 0 74 0 0 1207
Jun 8th 21:31:10.698 UTC 2 14 1 535 528 72082 2316.614 0 192.2963 19.85991 0 0 33 0 0 2171
Jun 8th 21:30:43.399 UTC 3 14 1 480 470 65288 2215.132 0 204.7736 15.87264 0 0 74 0 0 1202
Jun 8th 21:30:10.710 UTC 2 15 1 535 523 72082 2284.91 0 192.2963 19.9243 0 0 33 0 0 2160
Jun 8th 21:29:42.432 UTC 3 15 1 477 468 64873 2201.902 0 204.7921 15.88544 0 0 73 0 0 1198
Jun 8th 21:29:10.708 UTC 2 15 1 532 521 71665 2278.47 0 192.0247 19.87669 0 0 33 0 0 2149
Jun 8th 21:28:42.441 UTC 3 15 1 476 466 64793 2190.018 0 205.0271 15.85881 0 0 73 0 0 1193
Jun 8th 21:28:10.698 UTC 2 15 1 530 520 71476 2276.811 0 191.9418 19.69011 0 0 33 0 0 2139
Jun 8th 21:27:42.440 UTC 3 14 0 473 465 64474 2182.047 0 204.6708 15.89034 0 0 73 0 0 1189
Jun 8th 21:27:10.709 UTC 2 15 1 525 520 70800 2276.811 0 191.9668 19.69011 0 0 33 0 0 2128
Jun 8th 21:26:41.603 UTC 3 15 1 469 462 64104 2171.545 0 204.3357 15.81071 0 0 72 0 0 1185
Jun 8th 21:26:10.708 UTC 2 15 1 521 518 70181 2265.387 0 191.6513 19.69378 0 0 33 0 0 2118
Jun 8th 21:25:41.613 UTC 3 14 1 469 462 64104 2171.545 0 204.3357 15.81775 0 0 72 0 0 1180
Jun 8th 21:25:10.708 UTC 2 13 1 521 517 70181 2262.199 0 191.6513 19.69751 0 0 33 0 0 2107
Jun 8th 21:24:41.603 UTC 3 15 1 465 459 63539 2153.467 0 204.356 15.76614 0 0 72 0 0 1175
Jun 8th 21:24:09.626 UTC 2 15 1 521 512 70181 2242.956 0 191.6513 19.74673 0 0 32 0 0 2096
Jun 8th 21:23:41.613 UTC 3 14 1 464 458 63385 2148.674 0 204.4062 15.80511 0 0 72 0 0 1172
Jun 8th 21:23:09.647 UTC 2 15 1 519 509 69963 2230.622 0 191.4447 19.75081 0 0 32 0 0 2085
Jun 8th 21:22:41.604 UTC 3 13 1 464 457 63385 2144.35 0 204.4062 15.84443 0 0 72 0 0 1169
Jun 8th 21:22:09.636 UTC 2 15 1 514 506 69231 2220.653 0 191.8293 19.77407 0 0 32 0 0 2074
Jun 8th 21:21:40.697 UTC 3 14 1 461 453 62997 2129.039 0 203.6 15.90619 0 0 71 0 0 1164
Jun 8th 21:21:09.637 UTC 2 15 1 511 502 68865 2200.954 0 192.0063 19.73201 0 0 32 0 0 2064
Jun 8th 21:20:40.696 UTC 3 15 1 460 449 62937 2104.866 0 203.8311 15.92282 0 0 71 0 0 1159
Jun 8th 21:20:09.647 UTC 2 15 1 509 502 68608 2200.954 0 192.0107 19.73201 0 0 32 0 0 2052
Jun 8th 21:19:40.695 UTC 3 15 1 456 448 62293 2100.98 0 203.6502 15.87813 0 0 71 0 0 1156
Jun 8th 21:19:09.637 UTC 2 15 1 507 500 68251 2190.724 0 192.0752 19.68164 0 0 32 0 0 2042
Jun 8th 21:18:39.699 UTC 3 15 1 454 447 62036 2094.448 0 203.7473 15.89149 0 0 70 0 0 1151
Jun 8th 21:18:09.636 UTC 2 15 0 505 496 67905 2166.497 0 192.0128 19.77544 0 0 32 0 0 2033
Jun 8th 21:17:39.696 UTC 3 14 0 452 447 61682 2094.448 0 203.7431 15.91137 0 0 70 0 0 1145
Jun 8th 21:17:08.545 UTC 2 15 1 503 495 67551 2163.685 0 191.7327 19.79908 0 0 31 0 0 2021
Jun 8th 21:16:39.696 UTC 3 14 1 450 444 61255 2080.372 0 203.7752 15.95396 0 0 70 0 0 1140
Jun 8th 21:16:08.534 UTC 2 14 1 501 493 67195 2152.995 0 191.5625 19.83492 0 0 31 0 0 2011
Jun 8th 21:15:39.696 UTC 3 12 1 448 443 61086 2077.117 0 203.3877 16.02345 0 0 70 0 0 1137
Jun 8th 21:15:08.547 UTC 2 15 1 497 490 66789 2138.246 0 191.8526 19.74036 0 0 31 0 0 2003
Jun 8th 21:14:38.808 UTC 3 13 0 447 441 60909 2068.724 0 203.6075 16.03951 0 0 69 0 0 1131
Jun 8th 21:14:08.539 UTC 2 15 1 496 488 66709 2129.681 0 191.7305 19.75252 0 0 31 0 0 1991
Jun 8th 21:13:38.820 UTC 3 11 0 444 440 60538 2059.699 0 203.5735 16.11163 0 0 69 0 0 1126
Jun 8th 21:13:08.538 UTC 2 15 1 495 486 66649 2122.951 0 191.5735 19.76068 0 0 31 0 0 1983
Jun 8th 21:12:37.093 UTC 3 15 1 443 434 60384 2031.796 0 203.7316 16.14779 0 0 67 0 0 1120
Jun 8th 21:12:08.528 UTC 2 13 1 491 485 66049 2116.071 0 191.3246 19.78507 0 0 31 0 0 1973
Jun 8th 21:11:37.102 UTC 3 15 1 442 433 60304 2028.612 0 203.544 16.05581 0 0 67 0 0 1113
Jun 8th 21:11:07.302 UTC 2 15 0 489 481 65540 2099.298 0 191.4288 19.82573 0 0 30 0 0 1966
Jun 8th 21:10:37.093 UTC 3 15 1 439 429 59960 1999.649 0 203.5602 16.0259 0 0 67 0 0 1106
Jun 8th 21:10:07.302 UTC 2 15 1 488 478 65356 2080.32 0 191.0703 19.77361 0 0 30 0 0 1957
Jun 8th 21:09:35.860 UTC 3 14 1 438 428 59900 1997.916 0 203.7198 15.98633 0 0 66 0 0 1099
Jun 8th 21:09:07.314 UTC 2 15 1 484 477 64869 2077.187 0 191.2004 19.7737 0 0 30 0 0 1950
Jun 8th 21:08:35.858 UTC 3 15 1 434 426 59497 1987.58 0 203.3068 15.8953 0 0 66 0 0 1092
Jun 8th 21:08:07.312 UTC 2 15 1 484 474 64869 2065.864 0 191.2004 19.77826 0 0 30 0 0 1941
Jun 8th 21:07:35.869 UTC 3 15 1 432 424 59056 1977.132 0 202.8412 15.917 0 0 66 0 0 1085
Jun 8th 21:07:07.301 UTC 2 15 1 480 472 64418 2054.97 0 190.6825 19.72518 0 0 30 0 0 1933
Jun 8th 21:06:35.868 UTC 3 14 1 431 423 58976 1972.425 0 202.6982 15.91135 0 0 66 0 0 1079
Jun 8th 21:06:07.311 UTC 2 15 1 477 471 63887 2051.782 0 191.0406 19.66752 0 0 30 0 0 1923
Jun 8th 21:05:35.860 UTC 3 14 0 429 421 58746 1964.534 0 202.3474 15.93793 0 0 66 0 0 1075
Jun 8th 21:05:07.301 UTC 2 15 1 476 469 63710 2041.066 0 190.9008 19.67146 0 0 30 0 0 1911
Jun 8th 21:04:35.862 UTC 3 15 0 425 419 58023 1953.777 0 201.9698 15.86372 0 0 66 0 0 1072
Jun 8th 21:04:07.302 UTC 2 15 1 474 466 63382 2028.994 0 190.4445 19.6962 0 0 30 0 0 1900
Jun 8th 21:03:35.861 UTC 3 15 1 423 418 57829 1950.42 0 202.1139 15.74299 0 0 66 0 0 1067
Jun 8th 21:03:07.313 UTC 2 15 1 472 462 63021 2009.439 0 190.4141 19.65416 0 0 30 0 0 1890
Jun 8th 21:02:35.861 UTC 3 15 1 421 417 57498 1946.271 0 202.0877 15.70496 0 0 66 0 0 1064
Jun 8th 21:02:07.301 UTC 2 15 1 469 461 62604 2002.604 0 190.8276 19.67505 0 0 30 0 0 1879
Jun 8th 21:01:35.859 UTC 3 13 1 419 416 57137 1941.334 0 202.2961 15.74396 0 0 66 0 0 1060
Jun 8th 21:01:07.303 UTC 2 15 1 468 458 62544 1984.714 0 190.658 19.70447 0 0 30 0 0 1870
Jun 8th 21:00:35.871 UTC 3 12 1 418 413 57028 1933.124 0 202.158 15.84363 0 0 66 0 0 1054
Jun 8th 21:00:07.313 UTC 2 15 1 465 456 62104 1969.658 0 190.3144 19.61104 0 0 30 0 0 1861
Jun 8th 20:59:34.369 UTC 3 13 1 417 409 56948 1917.988 0 202.2433 15.90555 0 0 64 0 0 1046
Jun 8th 20:59:07.312 UTC 2 14 1 463 456 61886 1969.658 0 190.0717 19.63214 0 0 30 0 0 1853
Jun 8th 20:58:33.378 UTC 3 14 0 414 405 56629 1897.399 0 202.7414 15.95977 0 0 63 0 0 1040
Jun 8th 20:58:07.302 UTC 2 15 1 462 453 61709 1958.375 0 189.8734 19.52496 0 0 30 0 0 1842
Jun 8th 20:57:33.400 UTC 3 15 0 410 402 56094 1878.696 0 203.5211 15.98042 0 0 63 0 0 1034
Jun 8th 20:57:07.313 UTC 2 15 1 458 452 61336 1952.535 0 189.2196 19.52455 0 0 30 0 0 1833
Jun 8th 20:56:33.391 UTC 3 14 1 409 399 55917 1862.849 0 203.7691 16.05625 0 0 63 0 0 1030
Jun 8th 20:56:07.313 UTC 2 15 1 455 450 60990 1940.192 0 189.2579 19.48511 0 0 30 0 0 1823
Jun 8th 20:55:33.391 UTC 3 14 1 408 396 55738 1843.322 0 203.6786 16.01045 0 0 63 0 0 1022
Jun 8th 20:55:07.311 UTC 2 15 1 455 447 60990 1927.274 0 189.2579 19.44475 0 0 30 0 0 1815
Jun 8th 20:54:33.379 UTC 3 15 1 408 394 55738 1830.344 0 203.6786 15.9282 0 0 63 0 0 1015
Jun 8th 20:54:07.300 UTC 2 15 1 452 446 60456 1925.241 0 189.1282 19.42246 0 0 30 0 0 1808
Jun 8th 20:53:33.390 UTC 3 15 1 403 393 55201 1823.033 0 203.0743 15.70335 0 0 63 0 0 1011
Jun 8th 20:53:07.312 UTC 2 15 0 451 442 60396 1904.084 0 189.0304 19.52065 0 0 30 0 0 1799
Jun 8th 20:52:33.388 UTC 3 15 1 399 393 54652 1823.033 0 202.1613 15.70335 0 0 63 0 0 1004
Jun 8th 20:52:07.312 UTC 2 15 1 447 440 59943 1896.678 0 188.8084 19.44512 0 0 30 0 0 1788
Jun 8th 20:51:33.390 UTC 3 15 1 398 392 54543 1820.225 0 202.06 15.57081 0 0 63 0 0 1000
Jun 8th 20:51:07.300 UTC 2 15 1 445 437 59774 1882.857 0 189.2688 19.44787 0 0 30 0 0 1777
Jun 8th 20:50:33.398 UTC 3 14 1 396 391 54329 1816.823 0 201.693 15.60492 0 0 63 0 0 996
Jun 8th 20:50:07.321 UTC 2 15 1 445 435 59774 1876.283 0 189.2688 19.45118 0 0 30 0 0 1766
Jun 8th 20:49:32.562 UTC 3 15 1 393 389 53961 1805.01 0 201.3955 15.5227 0 0 62 0 0 994
Jun 8th 20:49:07.311 UTC 2 13 1 442 434 59337 1872.119 0 189.0766 19.46286 0 0 30 0 0 1754
Jun 8th 20:48:32.558 UTC 3 15 1 392 387 53784 1799.76 0 201.1713 15.50118 0 0 62 0 0 988
Jun 8th 20:48:07.311 UTC 2 15 1 437 430 58305 1852.573 0 188.6588 19.40326 0 0 30 0 0 1745
Jun 8th 20:47:31.506 UTC 3 13 1 390 384 53478 1787.296 0 201.6378 15.61297 0 0 61 0 0 982
Jun 8th 20:47:07.310 UTC 2 15 1 437 429 58305 1848.696 0 188.6588 19.33502 0 0 30 0 0 1738
Jun 8th 20:46:30.635 UTC 3 15 1 389 380 53324 1766.946 0 201.7585 15.57102 0 0 60 0 0 976
Jun 8th 20:46:07.300 UTC 2 15 1 433 427 57813 1837.971 0 188.4369 19.2519 0 0 30 0 0 1728
Jun 8th 20:45:30.634 UTC 3 15 1 386 377 52755 1753.808 0 202.4167 15.60152 0 0 60 0 0 971
Jun 8th 20:45:07.312 UTC 2 15 1 432 425 57659 1829.926 0 188.4159 19.25432 0 0 30 0 0 1718
Jun 8th 20:44:28.975 UTC 3 14 1 384 375 52615 1745.792 0 202.3621 15.67576 0 0 58 0 0 963
Jun 8th 20:44:07.300 UTC 2 15 1 429 421 57051 1811.223 0 188.093 19.30506 0 0 30 0 0 1710
Jun 8th 20:43:28.993 UTC 3 15 1 381 371 52199 1728.314 0 202.8966 15.71764 0 0 58 0 0 958
Jun 8th 20:43:06.249 UTC 2 15 1 427 419 56837 1803.101 0 188.4007 19.28023 0 0 29 0 0 1701
Jun 8th 20:42:28.984 UTC 3 14 1 379 370 52005 1722.682 0 202.8098 15.78746 0 0 58 0 0 954
Jun 8th 20:42:06.248 UTC 2 15 1 426 416 56660 1791.112 0 188.5157 19.30981 0 0 29 0 0 1689
Jun 8th 20:41:28.983 UTC 3 15 1 376 367 51634 1708.561 0 202.7692 15.56481 0 0 58 0 0 946
Jun 8th 20:41:06.239 UTC 2 14 1 422 414 56254 1779.541 0 188.3514 19.33503 0 0 29 0 0 1679
Jun 8th 20:40:28.975 UTC 3 15 1 373 367 51194 1708.561 0 202.2326 15.56481 0 0 58 0 0 943
Jun 8th 20:40:06.249 UTC 2 15 1 420 411 56060 1762.501 0 188.3064 19.29584 0 0 29 0 0 1671
Jun 8th 20:39:28.226 UTC 3 15 0 371 365 50859 1703.593 0 202.3311 15.62607 0 0 57 0 0 935
Jun 8th 20:39:06.249 UTC 2 14 1 418 410 55900 1757.242 0 188.157 19.27511 0 0 29 0 0 1661
Jun 8th 20:38:28.236 UTC 3 15 1 368 362 50347 1689.842 0 202.519 15.62651 0 0 57 0 0 930
Jun 8th 20:38:06.238 UTC 2 15 0 417 408 55820 1748.878 0 187.9787 19.189 0 0 29 0 0 1653
Jun 8th 20:37:28.225 UTC 3 14 1 366 360 50207 1681.769 0 202.3038 15.60041 0 0 57 0 0 922
Jun 8th 20:37:06.239 UTC 2 14 1 413 407 55382 1744.069 0 187.4978 19.14377 0 0 29 0 0 1646
Jun 8th 20:36:28.228 UTC 3 14 1 364 358 49838 1673.258 0 202.7193 15.62207 0 0 57 0 0 917
Jun 8th 20:36:06.250 UTC 2 15 1 412 404 55322 1727.644 0 187.5761 19.03141 0 0 29 0 0 1634
Jun 8th 20:35:28.225 UTC 3 13 1 363 355 49665 1657.5 0 202.6039 15.70967 0 0 57 0 0 912
Jun 8th 20:35:06.247 UTC 2 14 0 408 403 54708 1720.723 0 187.028 19.0762 0 0 29 0 0 1627
Jun 8th 20:34:27.371 UTC 3 14 1 361 352 49525 1641.911 0 203.1248 15.69857 0 0 56 0 0 906
Jun 8th 20:34:05.207 UTC 2 15 1 407 400 54524 1707.815 0 186.8894 19.078 0 0 28 0 0 1616
Jun 8th 20:33:26.685 UTC 3 14 1 357 349 48975 1626.221 0 203.5296 15.78651 0 0 55 0 0 899
Jun 8th 20:33:05.217 UTC 2 14 1 406 398 54464 1700.258 0 186.8254 19.0442 0 0 28 0 0 1609
Jun 8th 20:32:26.684 UTC 3 15 1 355 345 48689 1611.28 0 203.6283 15.72046 0 0 55 0 0 892
Jun 8th 20:32:05.207 UTC 2 15 1 403 396 53918 1690.557 0 186.664 19.01828 0 0 28 0 0 1598
Jun 8th 20:31:26.673 UTC 3 15 0 353 345 48432 1611.28 0 203.853 15.72046 0 0 55 0 0 889
Jun 8th 20:31:05.207 UTC 2 15 1 401 392 53607 1672.355 0 186.9345 18.98204 0 0 28 0 0 1589
Jun 8th 20:30:26.685 UTC 3 14 1 349 342 47747 1597.934 0 203.8067 15.67177 0 0 55 0 0 885
Jun 8th 20:30:05.217 UTC 2 15 0 399 392 53467 1672.355 0 186.6057 18.98204 0 0 28 0 0 1579
Jun 8th 20:29:26.686 UTC 3 14 1 348 341 47638 1593.748 0 203.7535 15.69598 0 0 55 0 0 877
Jun 8th 20:29:05.208 UTC 2 15 0 395 387 53093 1656.907 0 186.5808 19.1571 0 0 28 0 0 1573
Jun 8th 20:28:26.685 UTC 3 14 0 345 338 47335 1574.435 0 203.6533 15.70147 0 0 55 0 0 866
Jun 8th 20:28:05.219 UTC 2 15 0 393 386 52836 1651.058 0 186.8866 19.06587 0 0 28 0 0 1564
Jun 8th 20:27:26.674 UTC 3 14 0 343 335 47049 1559.239 0 202.7524 15.78735 0 0 55 0 0 861
Jun 8th 20:27:05.208 UTC 2 15 0 389 385 52430 1646.89 0 187.0774 18.99927 0 0 28 0 0 1554
Jun 8th 20:26:26.675 UTC 3 15 1 340 333 46480 1555.25 0 203.3189 15.69757 0 0 55 0 0 859
Jun 8th 20:26:05.207 UTC 2 15 0 388 380 52276 1629.176 0 187.0952 19.122 0 0 28 0 0 1544
Jun 8th 20:25:26.686 UTC 3 15 1 339 331 46346 1540.954 0 203.7472 15.66094 0 0 55 0 0 852
Jun 8th 20:25:05.207 UTC 2 15 1 387 375 52216 1604.263 0 187.3564 19.13498 0 0 28 0 0 1535
Jun 8th 20:24:26.686 UTC 3 13 1 337 329 46018 1529.533 0 203.6727 15.68005 0 0 55 0 0 847
Jun 8th 20:24:05.207 UTC 2 15 1 382 374 51659 1602.399 0 187.2605 19.08209 0 0 28 0 0 1525
Jun 8th 20:23:26.676 UTC 3 15 0 335 326 45878 1513.319 0 203.3208 15.65257 0 0 55 0 0 841
Jun 8th 20:23:05.218 UTC 2 15 1 380 372 51303 1595.679 0 187.3506 19.02715 0 0 28 0 0 1515
Jun 8th 20:22:26.686 UTC 3 15 1 333 324 45689 1505.564 0 202.4204 15.49695 0 0 55 0 0 840
Jun 8th 20:22:05.208 UTC 2 15 0 377 371 50838 1592.449 0 187.5156 18.98396 0 0 28 0 0 1502
Jun 8th 20:21:26.686 UTC 3 14 1 332 324 45512 1505.564 0 202.5426 15.30896 0 0 55 0 0 831
Jun 8th 20:21:05.207 UTC 2 15 1 373 368 50316 1575.996 0 187.3006 19.0253 0 0 28 0 0 1498
Jun 8th 20:20:26.685 UTC 3 15 1 328 323 44858 1500.819 0 202.3548 15.30896 0 0 55 0 0 823
Jun 8th 20:20:05.217 UTC 2 14 1 372 365 50256 1562.277 0 187.4421 19.08127 0 0 28 0 0 1490
Jun 8th 20:19:26.686 UTC 3 13 1 325 322 44463 1495.114 0 201.7737 15.39118 0 0 55 0 0 817
Jun 8th 20:19:04.146 UTC 2 14 0 370 362 50067 1550.282 0 187.6021 19.12425 0 0 27 0 0 1479
Jun 8th 20:18:26.675 UTC 3 15 1 324 317 44279 1476.155 0 201.7298 15.38495 0 0 55 0 0 813
Jun 8th 20:18:03.166 UTC 2 15 1 368 360 49710 1544.107 0 188.1563 19.12272 0 0 26 0 0 1469
Jun 8th 20:17:26.676 UTC 3 15 1 322 316 44045 1472.951 0 202.1441 15.2529 0 0 55 0 0 809
Jun 8th 20:17:03.177 UTC 2 15 0 366 356 49570 1527.092 0 188.405 19.20243 0 0 26 0 0 1458
Jun 8th 20:16:26.687 UTC 3 13 0 322 315 44045 1467.047 0 202.1441 15.34578 0 0 55 0 0 803
Jun 8th 20:16:02.066 UTC 2 15 1 363 352 49182 1506.599 0 187.9872 19.32766 0 0 25 0 0 1447
Jun 8th 20:15:25.922 UTC 3 11 1 317 313 43130 1459.201 0 202.2208 15.42416 0 0 54 0 0 797
Jun 8th 20:15:02.086 UTC 2 15 1 360 352 48884 1506.599 0 187.5093 19.32766 0 0 25 0 0 1441
Jun 8th 20:14:25.206 UTC 3 15 1 316 307 42946 1436.244 0 202.4411 15.39535 0 0 53 0 0 790
Jun 8th 20:14:02.077 UTC 2 15 1 358 350 48627 1493.576 0 187.6106 19.31456 0 0 25 0 0 1433
Jun 8th 20:13:25.207 UTC 3 15 1 315 306 42837 1434.658 0 202.8717 15.30402 0 0 53 0 0 783
Jun 8th 20:13:02.078 UTC 2 15 0 355 349 48081 1486.626 0 187.4309 19.25302 0 0 25 0 0 1425
Jun 8th 20:12:25.218 UTC 3 15 0 309 303 41851 1420.62 0 203.8846 15.379 0 0 53 0 0 778
Jun 8th 20:12:02.068 UTC 2 15 0 352 347 47664 1480.99 0 186.8186 19.21176 0 0 25 0 0 1413
Jun 8th 20:11:25.206 UTC 3 13 0 307 301 41614 1412.371 0 204.0776 15.49598 0 0 53 0 0 773
Jun 8th 20:11:02.076 UTC 2 12 1 352 346 47664 1479.426 0 186.8186 19.33479 0 0 25 0 0 1404
Jun 8th 20:10:23.371 UTC 3 11 1 306 300 41554 1410.297 0 204.351 15.57514 0 0 51 0 0 766
Jun 8th 20:10:00.984 UTC 2 15 1 349 342 47224 1459.906 0 186.8299 19.24973 0 0 24 0 0 1397
Jun 8th 20:09:21.360 UTC 3 13 1 302 296 41011 1393.345 0 204.8979 15.63419 0 0 49 0 0 761
Jun 8th 20:09:00.996 UTC 2 14 1 346 339 46829 1439.17 0 187.2444 19.31232 0 0 24 0 0 1385
Jun 8th 20:08:21.351 UTC 3 13 1 302 293 41011 1386.27 0 204.8979 15.70956 0 0 49 0 0 758
Jun 8th 20:07:59.965 UTC 2 15 1 345 334 46656 1414.391 0 186.7109 19.44546 0 0 23 0 0 1375
Jun 8th 20:07:20.290 UTC 3 14 0 297 290 40377 1372.564 0 205.6986 15.77716 0 0 48 0 0 751
Jun 8th 20:06:59.954 UTC 2 15 1 344 333 46576 1410.466 0 186.7191 19.24356 0 0 23 0 0 1365
Jun 8th 20:06:20.290 UTC 3 13 1 294 288 39865 1363.591 0 206.6797 15.78933 0 0 48 0 0 746
Jun 8th 20:05:59.955 UTC 2 15 1 341 332 46266 1405.849 0 186.7409 19.06933 0 0 23 0 0 1355
Jun 8th 20:05:20.281 UTC 3 11 1 292 286 39462 1350.374 0 206.8044 15.88885 0 0 48 0 0 741
Jun 8th 20:04:59.965 UTC 2 15 1 339 332 45980 1405.849 0 186.3855 19.06933 0 0 23 0 0 1346
Jun 8th 20:04:20.280 UTC 3 12 0 291 284 39353 1338.908 0 206.4726 15.93956 0 0 48 0 0 738
Jun 8th 20:03:58.967 UTC 2 15 1 336 328 45528 1388.952 0 186.0382 18.92192 0 0 22 0 0 1333
Jun 8th 20:03:19.466 UTC 3 14 1 289 278 39018 1312.007 0 204.4803 15.71606 0 0 47 0 0 731
Jun 8th 20:02:58.987 UTC 2 15 1 332 328 44817 1388.952 0 185.1805 18.92192 0 0 22 0 0 1324
Jun 8th 20:02:19.454 UTC 3 15 1 289 277 39018 1309.897 0 204.4803 15.71606 0 0 47 0 0 729
Jun 8th 20:01:58.975 UTC 2 14 1 330 325 44460 1376.063 0 185.5072 19.05438 0 0 22 0 0 1314
Jun 8th 20:01:19.455 UTC 3 15 1 285 276 38414 1305.184 0 204.4543 15.54309 0 0 47 0 0 724
Jun 8th 20:00:58.977 UTC 2 15 1 330 322 44460 1359.811 0 185.5072 18.99713 0 0 22 0 0 1306
Jun 8th 20:00:19.468 UTC 3 15 1 281 276 37678 1305.184 0 204.2114 15.54309 0 0 47 0 0 716
Jun 8th 19:59:58.987 UTC 2 14 1 329 318 44234 1340.032 0 185.5872 19.13683 0 0 22 0 0 1297
Jun 8th 19:59:19.456 UTC 3 15 1 279 272 37423 1290.045 0 203.6584 15.48701 0 0 47 0 0 709
Jun 8th 19:58:58.987 UTC 2 15 1 325 315 43679 1325.401 0 185.3602 18.94552 0 0 22 0 0 1289
Jun 8th 19:58:19.453 UTC 3 15 1 277 271 36998 1286.5 0 203.0808 15.38019 0 0 47 0 0 703
Jun 8th 19:57:58.976 UTC 2 15 0 324 315 43525 1325.401 0 185.2511 18.94552 0 0 22 0 0 1279
Jun 8th 19:57:18.494 UTC 3 14 1 274 270 36521 1282.521 0 203.9007 15.40001 0 0 46 0 0 697
Jun 8th 19:56:58.978 UTC 2 15 1 322 312 43122 1311.073 0 184.7641 18.7612 0 0 22 0 0 1271
Jun 8th 19:56:18.493 UTC 3 15 1 273 267 36441 1264.52 0 203.928 15.35267 0 0 46 0 0 692
Jun 8th 19:55:58.987 UTC 2 15 1 316 312 42063 1311.073 0 184.509 18.7612 0 0 22 0 0 1260
Jun 8th 19:55:17.420 UTC 3 14 0 271 265 36272 1248.618 0 204.0555 15.48417 0 0 45 0 0 686
Jun 8th 19:54:58.978 UTC 2 14 1 314 310 41894 1298.787 0 184 18.80177 0 0 22 0 0 1251
Jun 8th 19:54:16.469 UTC 3 13 1 270 263 36212 1242.536 0 204.2073 15.57557 0 0 44 0 0 679
Jun 8th 19:53:58.977 UTC 2 15 1 314 308 41894 1290.353 0 184 18.67518 0 0 22 0 0 1244
Jun 8th 19:53:15.472 UTC 3 13 1 268 260 35969 1224.024 0 204.5943 15.66543 0 0 43 0 0 672
Jun 8th 19:52:58.975 UTC 2 14 1 313 305 41710 1275.581 0 183.653 18.79993 0 0 22 0 0 1237
Jun 8th 19:52:13.739 UTC 3 15 1 267 257 35909 1212.929 0 204.388 15.7109 0 0 41 0 0 665
Jun 8th 19:51:58.986 UTC 2 15 1 311 300 41570 1258.138 0 183.3426 18.81371 0 0 22 0 0 1226
Jun 8th 19:51:13.748 UTC 3 14 1 264 255 35660 1206.084 0 204.7489 15.71146 0 0 41 0 0 660
Jun 8th 19:50:58.976 UTC 2 15 1 307 298 41241 1247.158 0 183.3779 18.65468 0 0 22 0 0 1217
Jun 8th 19:50:13.748 UTC 3 15 1 261 253 35226 1200.598 0 203.0133 15.67934 0 0 41 0 0 653
Jun 8th 19:49:58.978 UTC 2 15 1 305 297 40984 1240.294 0 183.5656 18.67056 0 0 22 0 0 1209
Jun 8th 19:49:13.739 UTC 3 15 1 259 252 34940 1196.676 0 203.4872 15.53454 0 0 41 0 0 649
Jun 8th 19:48:58.988 UTC 2 15 1 303 294 40698 1222.934 0 183.5527 18.57641 0 0 22 0 0 1197
Jun 8th 19:48:13.737 UTC 3 13 1 255 250 34537 1186.283 0 202.7835 15.66687 0 0 41 0 0 641
Jun 8th 19:47:58.985 UTC 2 15 1 299 293 40200 1217.643 0 182.8091 18.49473 0 0 22 0 0 1192
Jun 8th 19:47:13.748 UTC 3 14 0 253 246 34183 1161.421 0 201.9994 15.76685 0 0 41 0 0 635
Jun 8th 19:46:58.987 UTC 2 14 1 299 292 40200 1211.96 0 182.8091 18.49988 0 0 22 0 0 1180
Jun 8th 19:46:12.891 UTC 3 15 1 252 243 34074 1140.947 0 202.1118 15.52872 0 0 40 0 0 630
Jun 8th 19:45:58.975 UTC 2 14 1 297 288 39986 1199.157 0 182.4002 18.47737 0 0 22 0 0 1173
Jun 8th 19:45:12.886 UTC 3 15 1 251 243 34014 1140.947 0 201.8997 15.52872 0 0 40 0 0 627
Jun 8th 19:44:58.973 UTC 2 14 1 295 287 39805 1193.496 0 182.5193 18.50656 0 0 22 0 0 1160
Jun 8th 19:44:12.900 UTC 3 15 0 249 242 33602 1134.434 0 202.0334 15.51333 0 0 40 0 0 621
Jun 8th 19:43:58.986 UTC 2 15 1 291 282 39402 1177.266 0 182.0821 18.40282 0 0 22 0 0 1149
Jun 8th 19:43:12.891 UTC 3 15 1 248 240 33425 1124.8 0 201.8965 15.41158 0 0 40 0 0 618
Jun 8th 19:42:58.976 UTC 2 15 0 288 282 39202 1177.266 0 182.2121 18.40282 0 0 22 0 0 1139
Jun 8th 19:42:12.899 UTC 3 15 1 246 237 33168 1110.593 0 201.3902 15.20432 0 0 40 0 0 611
Jun 8th 19:41:58.974 UTC 2 15 1 285 279 38830 1160.867 0 182.4826 18.32825 0 0 22 0 0 1131
Jun 8th 19:41:12.890 UTC 3 15 0 244 237 32950 1110.593 0 200.6559 15.20432 0 0 40 0 0 605
Jun 8th 19:40:58.987 UTC 2 15 0 283 278 38710 1155.888 0 182.3701 18.3372 0 0 22 0 0 1121
Jun 8th 19:40:12.879 UTC 3 15 0 241 235 32426 1099.344 0 200.5732 15.26604 0 0 40 0 0 602
Jun 8th 19:39:58.974 UTC 2 13 1 282 274 38630 1139.923 0 182.3256 18.53864 0 0 22 0 0 1108
Jun 8th 19:39:12.103 UTC 3 14 1 239 233 32169 1089.841 0 200.0975 15.35582 0 0 39 0 0 598
Jun 8th 19:38:55.874 UTC 2 15 1 281 271 38570 1127.315 0 182.465 18.59038 0 0 19 0 0 1099
Jun 8th 19:38:12.103 UTC 3 15 1 237 231 32009 1077.504 0 200.5532 15.23177 0 0 39 0 0 593
Jun 8th 19:37:54.842 UTC 2 14 1 279 269 38352 1117.917 0 182.7176 18.71283 0 0 18 0 0 1089
Jun 8th 19:37:12.103 UTC 3 15 1 235 228 31691 1063.967 0 200.4786 15.28599 0 0 39 0 0 588
Jun 8th 19:36:54.833 UTC 2 15 0 276 265 37932 1098.962 0 182.0148 18.73796 0 0 18 0 0 1079
Jun 8th 19:36:11.346 UTC 3 14 1 235 226 31691 1057.036 0 200.4786 15.35254 0 0 38 0 0 580
Jun 8th 19:35:54.831 UTC 2 15 1 273 264 37498 1097.759 0 182.0342 18.46203 0 0 18 0 0 1072
Jun 8th 19:35:11.356 UTC 3 15 1 232 223 31354 1040.331 0 201.4616 15.36322 0 0 38 0 0 577
Jun 8th 19:34:54.845 UTC 2 14 1 269 264 37218 1097.759 0 181.901 18.49352 0 0 18 0 0 1061
Jun 8th 19:34:11.356 UTC 3 14 1 230 220 31194 1027.783 0 201.1306 15.52333 0 0 38 0 0 571
Jun 8th 19:33:54.843 UTC 2 15 1 266 260 36755 1076.238 0 181.9322 18.50219 0 0 18 0 0 1051
Jun 8th 19:33:10.367 UTC 3 15 1 228 218 30957 1012.664 0 199.9396 15.31905 0 0 37 0 0 566
Jun 8th 19:32:54.844 UTC 2 15 1 265 257 36582 1063.601 0 181.7324 18.50365 0 0 18 0 0 1039
Jun 8th 19:32:10.379 UTC 3 14 1 223 218 30176 1012.664 0 200.2248 15.34581 0 0 37 0 0 563
Jun 8th 19:31:54.844 UTC 2 15 1 263 254 36393 1048.577 0 181.2979 18.51984 0 0 18 0 0 1028
Jun 8th 19:31:09.380 UTC 3 14 1 223 216 30176 1006.269 0 200.2248 15.44352 0 0 36 0 0 559
Jun 8th 19:30:54.833 UTC 2 15 1 262 251 36061 1038.35 0 181.6214 18.3636 0 0 18 0 0 1016
Jun 8th 19:30:09.381 UTC 3 14 1 220 215 29762 1003.598 0 199.4684 15.44057 0 0 36 0 0 558
Jun 8th 19:29:54.844 UTC 2 14 1 258 250 35486 1033.531 0 181.3888 18.45189 0 0 18 0 0 1004
Jun 8th 19:29:09.390 UTC 3 14 1 219 213 29578 992.9648 0 199.9677 15.43436 0 0 36 0 0 553
Jun 8th 19:28:54.842 UTC 2 15 1 254 248 34808 1026.102 0 181.3797 18.26467 0 0 18 0 0 994
Jun 8th 19:28:09.380 UTC 3 15 0 216 208 29280 962.4833 0 199.3048 15.58759 0 0 36 0 0 548
Jun 8th 19:27:53.750 UTC 2 15 0 253 245 34654 1016.369 0 181.022 18.36333 0 0 17 0 0 983
Jun 8th 19:27:09.380 UTC 3 14 1 214 206 28855 951.5888 0 198.8224 15.48305 0 0 36 0 0 545
Jun 8th 19:26:52.696 UTC 2 15 0 249 243 34128 1005.791 0 181.2451 18.33732 0 0 16 0 0 970
Jun 8th 19:26:09.390 UTC 3 14 1 213 205 28721 947.3287 0 199.3395 15.47031 0 0 36 0 0 541
Jun 8th 19:25:52.687 UTC 2 15 1 246 239 33533 984.2283 0 181.1014 18.42584 0 0 16 0 0 960
Jun 8th 19:25:09.381 UTC 3 14 1 213 202 28721 932.9304 0 199.3395 15.58858 0 0 36 0 0 538
Jun 8th 19:24:52.687 UTC 2 15 1 245 236 33307 969.9513 0 181.4498 18.38603 0 0 16 0 0 949
Jun 8th 19:24:09.382 UTC 3 15 1 212 199 28567 917.5939 0 199.282 14.97478 0 0 36 0 0 530
Jun 8th 19:23:52.687 UTC 2 15 0 244 235 33198 967.3888 0 181.4058 18.30871 0 0 16 0 0 942
Jun 8th 19:23:09.392 UTC 3 15 1 207 199 27995 917.5939 0 198.4383 14.97478 0 0 36 0 0 527
Jun 8th 19:22:52.679 UTC 2 15 1 243 230 33019 948.3442 0 180.9568 18.06777 0 0 16 0 0 931
Jun 8th 19:22:09.383 UTC 3 15 1 205 198 27657 909.1917 0 198.8327 14.8651 0 0 36 0 0 517
Jun 8th 19:21:52.698 UTC 2 15 1 239 230 32593 948.3442 0 181.203 18.06777 0 0 16 0 0 925
Jun 8th 19:21:09.382 UTC 3 15 1 201 196 27051 899.7746 0 197.6685 14.90872 0 0 36 0 0 508
Jun 8th 19:20:52.688 UTC 2 14 1 234 230 32065 948.3442 0 180.6659 18.10203 0 0 16 0 0 919
Jun 8th 19:20:08.382 UTC 3 14 1 201 195 27051 897.7131 0 197.6685 15.00573 0 0 35 0 0 503
Jun 8th 19:19:52.689 UTC 2 14 1 232 226 31896 938.257 0 180.3993 18.22536 0 0 16 0 0 911
Jun 8th 19:19:08.390 UTC 3 13 1 200 192 26991 887.4792 0 197.1748 15.08612 0 0 35 0 0 496
Jun 8th 19:18:51.467 UTC 2 14 1 228 224 31272 930.777 0 180.9707 18.31356 0 0 15 0 0 902
Jun 8th 19:18:08.391 UTC 3 15 1 198 188 26663 873.4159 0 197.6942 14.93426 0 0 35 0 0 490
Jun 8th 19:17:51.453 UTC 2 15 1 227 218 31192 907.2967 0 181.3873 18.36924 0 0 15 0 0 892
Jun 8th 19:17:08.401 UTC 3 15 1 193 187 25966 870.5822 0 199.5547 14.76806 0 0 35 0 0 485
Jun 8th 19:16:51.452 UTC 2 15 1 226 216 31083 895.1609 0 181.4461 18.31435 0 0 15 0 0 881
Jun 8th 19:16:08.392 UTC 3 14 1 190 185 25525 863.9446 0 199.3675 14.80222 0 0 35 0 0 480
Jun 8th 19:15:51.464 UTC 2 15 1 222 214 30447 886.0247 0 181.8651 18.31085 0 0 15 0 0 873
Jun 8th 19:15:07.288 UTC 3 13 0 189 182 25391 843.0045 0 199.7863 14.96797 0 0 34 0 0 471
Jun 8th 19:14:51.457 UTC 2 14 1 220 212 30044 877.1439 0 181.8189 18.34536 0 0 15 0 0 864
Jun 8th 19:14:06.316 UTC 3 12 1 188 180 25282 836.0287 0 200.4269 15.13281 0 0 33 0 0 467
Jun 8th 19:13:51.465 UTC 2 15 1 218 208 29687 861.4531 0 181.9616 18.30919 0 0 15 0 0 855
Jun 8th 19:13:06.317 UTC 3 10 0 185 179 24979 833.7726 0 200.0728 15.27108 0 0 33 0 0 461
Jun 8th 19:12:51.465 UTC 2 15 1 216 207 29453 856.5674 0 181.3159 18.21286 0 0 15 0 0 844
Jun 8th 19:12:05.410 UTC 3 15 1 184 173 24870 810.8954 0 200.3223 14.8761 0 0 32 0 0 460
Jun 8th 19:11:51.455 UTC 2 15 1 212 204 28911 845.1719 0 181.2179 18.18344 0 0 15 0 0 830
Jun 8th 19:11:05.421 UTC 3 15 1 183 173 24761 810.8954 0 200.8786 14.8761 0 0 32 0 0 456
Jun 8th 19:10:51.457 UTC 2 15 0 208 203 28420 838.6461 0 180.9704 18.07542 0 0 15 0 0 821
Jun 8th 19:10:04.512 UTC 3 14 0 179 171 23966 804.5578 0 201.226 15.01566 0 0 31 0 0 447
Jun 8th 19:09:51.465 UTC 2 15 1 208 200 28420 823.616 0 180.9704 18.0806 0 0 15 0 0 815
Jun 8th 19:09:03.676 UTC 3 14 1 175 169 23370 798.0128 0 200.0785 15.04189 0 0 30 0 0 442
Jun 8th 19:08:51.465 UTC 2 15 1 205 197 27960 808.1231 0 180.0443 18.06704 0 0 15 0 0 804
Jun 8th 19:08:03.676 UTC 3 13 1 171 167 22917 783.1102 0 201.5756 15.16304 0 0 30 0 0 439
Jun 8th 19:07:51.465 UTC 2 15 1 204 195 27783 797.937 0 179.9965 17.96568 0 0 15 0 0 794
Jun 8th 19:07:02.748 UTC 3 15 0 171 163 22917 759.7608 0 201.5756 15.24518 0 0 29 0 0 432
Jun 8th 19:06:51.454 UTC 2 15 0 203 194 27703 792.3302 0 179.5968 17.80425 0 0 15 0 0 784
Jun 8th 19:06:01.830 UTC 3 15 1 168 161 22465 745.0977 0 201.7033 15.32909 0 0 28 0 0 424
Jun 8th 19:05:51.465 UTC 2 14 1 199 192 26911 780.1848 0 178.9534 17.83482 0 0 15 0 0 778
Jun 8th 19:05:00.922 UTC 3 15 1 168 159 22465 731.3344 0 201.7033 15.37292 0 0 27 0 0 419
Jun 8th 19:04:51.465 UTC 2 15 1 196 189 26365 767.5256 0 178.6131 17.57138 0 0 15 0 0 767
Jun 8th 19:03:59.838 UTC 3 12 1 168 158 22465 728.7687 0 201.7033 15.54855 0 0 26 0 0 411
Jun 8th 19:03:51.456 UTC 2 15 1 195 188 26139 766.0386 0 178.2785 17.41303 0 0 15 0 0 761
Jun 8th 19:02:58.707 UTC 3 15 0 166 154 22024 714.2043 0 200.7282 15.54106 0 0 25 0 0 404
Jun 8th 19:02:51.455 UTC 2 14 1 193 187 25970 759.6787 0 178.3736 17.49967 0 0 15 0 0 751
Jun 8th 19:01:58.704 UTC 3 15 1 161 153 21392 709.8325 0 199.4147 15.1693 0 0 25 0 0 401
Jun 8th 19:01:50.279 UTC 2 12 1 190 184 25575 752.2529 0 178.2623 17.75968 0 0 14 0 0 739
Jun 8th 19:00:58.705 UTC 3 15 1 158 152 21095 704.631 0 198.4977 15.03257 0 0 25 0 0 395
Jun 8th 19:00:50.271 UTC 2 15 1 186 179 25001 733.9869 0 178.6054 17.66737 0 0 14 0 0 730
Jun 8th 18:59:58.697 UTC 3 15 1 155 151 20747 699.1678 0 197.7037 14.84608 0 0 25 0 0 392
Jun 8th 18:59:50.291 UTC 2 14 1 185 176 24892 718.1494 0 179.1906 17.77172 0 0 14 0 0 719
Jun 8th 18:58:58.694 UTC 3 15 1 153 148 20342 678.9011 0 197.5834 14.56714 0 0 25 0 0 386
Jun 8th 18:58:50.281 UTC 2 15 1 183 172 24599 696.6763 0 179.3757 17.67668 0 0 14 0 0 710
Jun 8th 18:57:58.714 UTC 3 13 1 153 148 20342 678.9011 0 197.5834 14.66292 0 0 25 0 0 379
Jun 8th 18:57:50.282 UTC 2 15 1 180 170 24211 685.8648 0 178.425 17.75208 0 0 14 0 0 703
Jun 8th 18:56:55.902 UTC 3 15 1 152 145 20233 665.0708 0 197.484 14.74104 0 0 22 0 0 373
Jun 8th 18:56:50.271 UTC 2 15 0 177 169 23865 683.1906 0 177.7855 17.67623 0 0 14 0 0 693
Jun 8th 18:55:55.914 UTC 3 15 1 150 141 20052 656.6525 0 197.6369 14.89542 0 0 22 0 0 367
Jun 8th 18:55:50.292 UTC 2 15 1 177 168 23865 677.2169 0 177.7855 17.29347 0 0 14 0 0 683
Jun 8th 18:54:55.902 UTC 3 15 1 149 138 19943 641.3448 0 198.4487 14.90197 0 0 22 0 0 364
Jun 8th 18:54:50.288 UTC 2 15 1 171 166 22832 665.5214 0 176.7977 17.16732 0 0 14 0 0 671
Jun 8th 18:53:55.904 UTC 3 13 1 143 137 19093 635.5338 0 199.2936 14.97606 0 0 22 0 0 361
Jun 8th 18:53:50.281 UTC 2 15 0 170 164 22678 659.2317 0 176.69 17.27306 0 0 14 0 0 660
Jun 8th 18:52:53.760 UTC 3 14 1 140 134 18651 618.6879 0 198.6148 14.94841 0 0 20 0 0 355
Jun 8th 18:52:49.218 UTC 2 15 1 169 161 22501 646.6459 0 176.2781 17.32227 0 0 13 0 0 651
Jun 8th 18:51:53.779 UTC 3 14 1 140 131 18651 609.7399 0 198.6148 15.08962 0 0 20 0 0 351
Jun 8th 18:51:49.218 UTC 2 13 1 167 160 22307 643.0974 0 176.4208 17.48888 0 0 13 0 0 640
Jun 8th 18:50:53.767 UTC 3 14 1 139 129 18571 599.8156 0 198.9834 14.71099 0 0 20 0 0 345
Jun 8th 18:50:48.166 UTC 2 15 1 165 154 22021 615.0986 0 176.2676 17.76752 0 0 12 0 0 630
Jun 8th 18:49:53.770 UTC 3 15 1 133 127 17679 592.0101 0 199.2164 14.39785 0 0 20 0 0 341
Jun 8th 18:49:48.167 UTC 2 15 1 161 153 21595 611.6298 0 176.3085 17.67261 0 0 12 0 0 620
Jun 8th 18:48:53.759 UTC 3 14 1 131 126 17193 591.024 0 200.2778 14.44391 0 0 20 0 0 336
Jun 8th 18:48:48.157 UTC 2 15 1 159 151 21297 601.5459 0 176.0995 17.53963 0 0 12 0 0 610
Jun 8th 18:47:52.624 UTC 3 15 0 128 122 16779 573.7473 0 201.4966 14.63164 0 0 19 0 0 328
Jun 8th 18:47:48.157 UTC 2 15 1 158 148 21188 587.5528 0 176.0937 17.53591 0 0 12 0 0 602
Jun 8th 18:46:51.717 UTC 3 15 1 127 119 16625 560.5266 0 200.3845 14.64364 0 0 18 0 0 323
Jun 8th 18:46:47.087 UTC 2 15 1 154 146 20756 579.1984 0 175.0876 17.60845 0 0 11 0 0 592
Jun 8th 18:45:51.707 UTC 3 15 1 126 115 16565 540.7256 0 201.2841 14.84176 0 0 18 0 0 315
Jun 8th 18:45:47.076 UTC 2 15 1 151 146 20319 579.1984 0 175.6479 17.60845 0 0 11 0 0 586
Jun 8th 18:44:51.707 UTC 3 14 0 123 114 15914 535.4667 0 201.6921 14.86736 0 0 18 0 0 309
Jun 8th 18:44:47.068 UTC 2 14 0 149 142 19962 563.2556 0 174.7337 17.92569 0 0 11 0 0 576
Jun 8th 18:43:50.697 UTC 3 15 1 121 112 15628 526.4326 0 201.9273 14.98286 0 0 17 0 0 307
Jun 8th 18:43:47.081 UTC 2 15 1 147 139 19842 552.2175 0 174.8412 17.78553 0 0 11 0 0 563
Jun 8th 18:42:50.695 UTC 3 13 1 118 112 15214 526.4326 0 202.009 15.17156 0 0 17 0 0 301
Jun 8th 18:42:47.077 UTC 2 15 1 146 136 19616 538.5945 0 174.4371 17.82675 0 0 11 0 0 555
Jun 8th 18:41:49.901 UTC 3 14 1 117 108 15134 501.593 0 202.0366 15.38042 0 0 16 0 0 297
Jun 8th 18:41:47.077 UTC 2 15 1 143 133 19182 525.5588 0 174.1301 17.50451 0 0 11 0 0 544
Jun 8th 18:40:48.889 UTC 3 15 1 114 106 14762 496.9945 0 199.9435 15.01683 0 0 15 0 0 289
Jun 8th 18:40:47.066 UTC 2 15 1 138 132 18597 520.6126 0 173.7221 17.39424 0 0 11 0 0 536
Jun 8th 18:39:48.881 UTC 3 15 1 113 104 14682 487.1914 0 201.0576 14.82595 0 0 15 0 0 282
Jun 8th 18:39:47.087 UTC 2 14 0 136 131 18172 515.6089 0 174.1139 17.47252 0 0 11 0 0 528
Jun 8th 18:38:48.888 UTC 3 13 1 109 103 14250 481.1251 0 201.1071 14.91518 0 0 15 0 0 277
Jun 8th 18:38:47.079 UTC 2 15 0 135 127 17995 502.4328 0 173.3829 17.49562 0 0 11 0 0 518
Jun 8th 18:37:48.889 UTC 3 15 1 108 100 14141 467.081 0 200.499 14.70231 0 0 15 0 0 275
Jun 8th 18:37:47.077 UTC 2 13 1 131 125 17504 490.0544 0 173.7211 17.5904 0 0 11 0 0 505
Jun 8th 18:36:48.888 UTC 3 13 1 105 100 13721 467.081 0 200.8982 14.81242 0 0 15 0 0 271
Jun 8th 18:36:45.996 UTC 2 15 0 130 120 17350 464.3149 0 173.3566 17.66212 0 0 10 0 0 494
Jun 8th 18:35:48.891 UTC 3 12 1 103 97 13552 454.9451 0 198.9103 15.13722 0 0 15 0 0 267
Jun 8th 18:35:45.996 UTC 2 15 1 128 118 16994 453.6821 0 172.6847 17.01505 0 0 10 0 0 483
Jun 8th 18:34:47.913 UTC 3 14 1 102 93 13375 433.6508 0 198.4481 14.746 0 0 14 0 0 260
Jun 8th 18:34:46.005 UTC 2 15 1 126 118 16696 453.6821 0 172.7345 17.01505 0 0 10 0 0 475
Jun 8th 18:33:47.923 UTC 3 15 1 99 91 12725 421.1417 0 200.1969 14.7096 0 0 14 0 0 254
Jun 8th 18:33:44.902 UTC 2 15 1 124 115 16439 443.496 0 171.982 17.04528 0 0 9 0 0 467
Jun 8th 18:32:47.924 UTC 3 14 1 96 89 12166 415.2827 0 199.8477 14.0144 0 0 14 0 0 246
Jun 8th 18:32:44.911 UTC 2 15 1 120 112 15928 428.7403 0 169.5284 16.95051 0 0 9 0 0 460
Jun 8th 18:31:47.923 UTC 3 15 1 96 88 12166 408.8367 0 199.8477 14.0144 0 0 14 0 0 242
Jun 8th 18:31:44.902 UTC 2 15 1 117 111 15631 424.8088 0 169.9201 16.61105 0 0 9 0 0 448
Jun 8th 18:30:47.913 UTC 3 14 0 93 86 11917 402.5916 0 201.0667 14.23651 0 0 14 0 0 234
Jun 8th 18:30:44.902 UTC 2 15 1 116 109 15454 413.3846 0 170.575 16.57702 0 0 9 0 0 441
Jun 8th 18:29:47.045 UTC 3 13 1 90 83 11496 388.8603 0 199.5988 14.54375 0 0 13 0 0 228
Jun 8th 18:29:44.902 UTC 2 13 0 115 106 15394 400.5595 0 169.5672 17.0004 0 0 9 0 0 432
Jun 8th 18:28:47.047 UTC 3 14 1 88 80 11188 374.8257 0 201.672 14.45312 0 0 13 0 0 222
Jun 8th 18:28:43.800 UTC 2 15 1 113 102 15157 383.7391 0 169.0147 16.45717 0 0 8 0 0 424
Jun 8th 18:27:47.039 UTC 3 13 1 84 78 10791 365.6034 0 200.8094 14.79252 0 0 13 0 0 219
Jun 8th 18:27:43.791 UTC 2 14 1 109 102 14744 383.7391 0 167.0298 16.41195 0 0 8 0 0 412
Jun 8th 18:26:47.048 UTC 3 15 1 83 75 10614 348.8309 0 201.3434 14.34759 0 0 13 0 0 211
Jun 8th 18:26:43.790 UTC 2 14 1 106 100 14232 375.9815 0 167.3691 16.40705 0 0 8 0 0 405
Jun 8th 18:25:47.049 UTC 3 15 0 82 73 10437 335.0612 0 202.0941 14.55129 0 0 13 0 0 207
Jun 8th 18:25:42.699 UTC 2 15 1 104 97 13969 364.4966 0 166.2167 16.15186 0 0 7 0 0 393
Jun 8th 18:24:47.034 UTC 3 15 1 80 71 10106 324.9581 0 201.0583 14.24089 0 0 13 0 0 200
Jun 8th 18:24:42.687 UTC 2 14 1 102 96 13516 362.9202 0 165.4496 16.25041 0 0 7 0 0 387
Jun 8th 18:23:47.043 UTC 3 12 1 76 71 9319 324.9581 0 199.3891 14.49327 0 0 13 0 0 196
Jun 8th 18:23:42.697 UTC 2 14 1 99 92 13238 347.006 0 164.4645 16.28984 0 0 7 0 0 375
Jun 8th 18:22:47.034 UTC 3 12 1 75 69 9142 311.8267 0 201.3808 14.67971 0 0 13 0 0 193
Jun 8th 18:22:42.687 UTC 2 15 0 96 90 12804 341.6258 0 165.8221 16.18118 0 0 7 0 0 364
Jun 8th 18:21:43.785 UTC 3 14 1 74 65 9062 296.8125 0 201.3511 14.7435 0 0 10 0 0 183
Jun 8th 18:21:42.698 UTC 2 14 1 94 87 12473 335.0457 0 166.0702 16.08144 0 0 7 0 0 357
Jun 8th 18:20:43.779 UTC 3 13 1 73 64 8908 291.2567 0 199.4599 15.03092 0 0 10 0 0 180
Jun 8th 18:20:42.699 UTC 2 13 1 91 84 12176 325.3542 0 168.1464 16.42675 0 0 7 0 0 346
Jun 8th 18:19:43.779 UTC 3 15 0 69 61 8363 279.6347 0 200.3637 15.18008 0 0 10 0 0 178
Jun 8th 18:19:40.545 UTC 2 14 1 88 80 11779 307.3563 0 167.8005 16.57773 0 0 5 0 0 332
Jun 8th 18:18:43.788 UTC 3 14 0 67 60 8223 275.0363 0 198.514 14.94717 0 0 10 0 0 172
Jun 8th 18:18:40.565 UTC 2 15 1 84 75 11328 288.0372 0 169.924 16.43888 0 0 5 0 0 323
Jun 8th 18:17:43.778 UTC 3 13 1 65 58 8103 269.1933 0 197.9527 15.00954 0 0 10 0 0 167
Jun 8th 18:17:40.554 UTC 2 14 1 83 74 11174 285.9215 0 171.2755 16.5013 0 0 5 0 0 314
Jun 8th 18:16:43.789 UTC 3 15 1 62 55 7712 259.0072 0 199.8986 14.12701 0 0 10 0 0 161
Jun 8th 18:16:40.557 UTC 2 15 1 80 69 10806 266.6312 0 171.5904 16.611 0 0 5 0 0 304
Jun 8th 18:15:43.789 UTC 3 15 1 58 53 7305 249.0605 0 199.0223 14.07719 0 0 10 0 0 158
Jun 8th 18:15:40.547 UTC 2 15 1 76 68 10297 263.8773 0 172.1008 16.16423 0 0 5 0 0 293
Jun 8th 18:14:43.788 UTC 3 13 0 56 52 6945 243.6643 0 200.4453 14.53608 0 0 10 0 0 152
Jun 8th 18:14:40.559 UTC 2 14 1 72 65 9787 255.4399 0 171.486 16.36488 0 0 5 0 0 283
Jun 8th 18:13:43.786 UTC 3 12 0 54 50 6711 233.775 0 200.3262 14.95493 0 0 10 0 0 148
Jun 8th 18:13:38.017 UTC 2 15 1 71 62 9707 245.4038 0 172.0751 16.66752 0 0 3 0 0 272
Jun 8th 18:12:43.799 UTC 3 15 1 54 43 6711 195.2774 0 200.3262 15.10073 0 0 10 0 0 143
Jun 8th 18:12:38.030 UTC 2 15 1 64 61 8603 243.0551 0 173.7296 16.62765 0 0 3 0 0 262
Jun 8th 18:11:43.788 UTC 3 15 1 52 41 6522 187.0252 0 204.4551 14.41411 0 0 10 0 0 139
Jun 8th 18:11:38.027 UTC 2 14 1 64 58 8603 233.7977 0 173.7296 16.95639 0 0 3 0 0 251
Jun 8th 18:10:43.787 UTC 3 14 1 49 40 5894 182.7618 0 206.6012 14.45245 0 0 10 0 0 134
Jun 8th 18:10:38.025 UTC 2 12 0 62 55 8361 221.0044 0 175.5542 17.79596 0 0 3 0 0 242
Jun 8th 18:09:43.822 UTC 3 15 1 47 37 5626 166.9754 0 206.7766 14.18795 0 0 10 0 0 129
Jun 8th 18:09:38.028 UTC 2 14 0 59 51 8161 208.4346 0 175.314 17.67563 0 0 3 0 0 232
Jun 8th 18:08:43.788 UTC 3 15 1 46 35 5449 159.9262 0 206.8138 13.74225 0 0 10 0 0 122
Jun 8th 18:08:38.025 UTC 2 15 1 57 46 7904 185.6085 0 177.648 17.18183 0 0 3 0 0 223
Jun 8th 18:07:43.788 UTC 3 14 0 43 34 5009 155.6724 0 206.073 14.05081 0 0 10 0 0 118
Jun 8th 18:07:38.037 UTC 2 15 0 52 46 7027 185.6085 0 180.3051 17.18183 0 0 3 0 0 212
Jun 8th 18:06:42.759 UTC 3 15 1 39 33 4565 152.7142 0 201.0249 14.05081 0 0 9 0 0 112
Jun 8th 18:06:38.026 UTC 2 14 1 50 42 6673 168.4275 0 183.5185 18.0636 0 0 3 0 0 205
Jun 8th 18:05:41.930 UTC 3 14 1 37 30 4257 138.3287 0 199.9002 13.67638 0 0 8 0 0 102
Jun 8th 18:05:38.019 UTC 2 15 1 48 38 6248 154.8907 0 180.8938 18.12177 0 0 3 0 0 198
Jun 8th 18:04:41.921 UTC 3 15 1 32 28 3607 128.5479 0 198.7312 12.84402 0 0 8 0 0 99
Jun 8th 18:04:38.017 UTC 2 15 1 47 35 6168 143.3803 0 181.9491 18.14682 0 0 3 0 0 186
Jun 8th 18:03:41.932 UTC 3 13 0 32 28 3607 128.5479 0 198.7312 13.15332 0 0 8 0 0 95
Jun 8th 18:03:38.029 UTC 2 15 1 43 34 5596 137.9969 0 180.1555 17.01298 0 0 3 0 0 175
Jun 8th 18:02:41.025 UTC 3 13 0 30 26 3438 123.9399 0 203.345 13.54197 0 0 7 0 0 91
Jun 8th 18:02:38.031 UTC 2 15 1 38 33 4964 132.6135 0 181.292 16.74893 0 0 3 0 0 164
Jun 8th 18:01:41.019 UTC 3 14 0 30 21 3438 99.79269 0 203.345 14.39276 0 0 7 0 0 85
Jun 8th 18:01:38.018 UTC 2 15 1 36 30 4701 117.7461 0 177.5425 16.72905 0 0 3 0 0 155
Jun 8th 18:00:41.027 UTC 3 15 1 27 17 3050 80.22794 0 213.5001 13.37608 0 0 7 0 0 79
Jun 8th 18:00:38.018 UTC 2 15 1 35 27 4522 104.0593 0 176.8513 16.61127 0 0 3 0 0 146
Jun 8th 17:59:41.024 UTC 3 14 1 24 15 2821 68.54527 0 210.405 14.21825 0 0 7 0 0 71
Jun 8th 17:59:38.028 UTC 2 15 1 34 25 4345 93.27975 0 175.3603 16.60604 0 0 3 0 0 140
Jun 8th 17:58:41.022 UTC 3 15 1 21 11 2524 42.62384 0 214.0536 12.29155 0 0 7 0 0 64
Jun 8th 17:58:36.977 UTC 2 15 0 31 22 3853 78.52401 0 171.9417 17.38115 0 0 2 0 0 132
Jun 8th 17:57:41.023 UTC 3 15 0 20 11 2370 42.62384 0 215.5937 12.29155 0 0 7 0 0 56
Jun 8th 17:57:36.977 UTC 2 15 1 28 20 3575 71.37589 0 167.2434 15.82026 0 0 2 0 0 124
Jun 8th 17:56:41.013 UTC 3 15 1 19 10 2186 35.22684 0 215.5094 11.51884 0 0 7 0 0 54
Jun 8th 17:56:36.989 UTC 2 15 0 26 19 3338 68.89957 0 165.4939 15.82413 0 0 2 0 0 111
Jun 8th 17:55:41.022 UTC 3 13 1 16 10 2006 35.22684 0 220.0902 12.05806 0 0 7 0 0 49
Jun 8th 17:55:35.570 UTC 2 14 1 23 18 2797 62.54605 0 162.1952 15.33197 0 0 1 0 0 102
Jun 8th 17:54:40.041 UTC 3 13 0 13 8 1712 27.35753 0 194.2445 12.67689 0 0 6 0 0 45
Jun 8th 17:54:35.570 UTC 2 15 1 19 14 2371 40.46352 0 153.5393 14.05086 0 0 1 0 0 90
Jun 8th 17:53:38.196 UTC 3 12 1 13 6 1712 20.82848 0 194.2445 13.6623 0 0 4 0 0 40
Jun 8th 17:53:35.572 UTC 2 14 0 19 12 2371 31.13588 0 153.5393 15.24219 0 0 1 0 0 80
Jun 8th 17:52:37.411 UTC 3 13 1 10 3 1272 11.57421 0 162.3672 10.14537 0 0 3 0 0 37
Jun 8th 17:52:35.579 UTC 2 15 1 19 6 2371 10.48611 0 153.5393 13.99043 0 0 1 0 0 68
Jun 8th 17:51:37.421 UTC 3 15 1 8 1 1009 3.634692 0 169.3293 10.14537 0 0 3 0 0 33
Jun 8th 17:51:35.581 UTC 2 15 1 16 5 2047 8.284225 0 149.3029 12.80384 0 0 1 0 0 57
Jun 8th 17:50:37.412 UTC 3 15 1 4 0 487 0 0 152.0746 6.328596 0 0 3 0 0 28
Jun 8th 17:50:35.572 UTC 2 15 1 14 3 1858 4.231472 0 147.54 9.924557 0 0 1 0 0 47
Jun 8th 17:49:37.422 UTC 3 11 1 2 0 230 0 0 158.0284 5.927392 0 0 3 0 0 19
Jun 8th 17:49:35.577 UTC 2 15 1 5 2 472 3.277316 0 72.5236 8.054537 0 0 1 0 0 41
Jun 8th 17:48:36.381 UTC 3 9 0 1 0 121 0 0 151.6722 6.040748 0 0 2 0 0 14
Jun 8th 17:48:35.579 UTC 2 15 1 2 1 169 1.39773 0 73.63642 7.325799 0 0 1 0 0 31
Jun 8th 17:47:35.566 UTC 2 10 1 2 0 169 0 0 73.63642 8.10146 0 0 1 0 0 22
Jun 8th 17:47:34.501 UTC 3 6 1 0 0 0 0 0 NaN 5.027138 0 0 0 0 0 8
Jun 8th 17:46:35.574 UTC 2 4 1 0 0 0 0 0 NaN 10.19577 0 0 1 0 0 13
Jun 8th 17:46:34.490 UTC 3 1 1 0 0 0 0 0 NaN 7.676868 0 0 0 0 0 2
Jun 8th 17:45:34.624 UTC 3 0 0 0 0 0 0 0 NaN NaN 0 0 0 0 0 0
Jun 8th 17:45:34.609 UTC 2 0 0 0 0 0 0 0 NaN NaN 0 0 0 0 0 0