dt1 dt2 dt3 dt4 controller drones queue deliveries fullTrips revenue costs penalties avgDelTime avgWaitTime fDel fRet fLaunch collisions unknown potentialLost avgPotentialLost
Jun 11th 12:49:36.301 UTC 3 14 1 617 609 1613.46 2819.027 0 195.528 10.59094 0 1 93 0 0 0 NaN
Jun 11th 12:49:06.773 UTC 2 15 39 852 842 2724.026 3699.425 0 425.4038 252.4352 0 0 51 0 0 337.975 0.5398962
Jun 11th 12:48:36.302 UTC 3 14 0 616 608 1612.26 2815.246 0 195.4019 10.60618 0 1 93 0 0 0 NaN
Jun 11th 12:48:06.773 UTC 2 15 37 850 841 2720.082 3695.742 0 422.2975 252.7223 0 0 51 0 0 337.975 0.5398962
Jun 11th 12:47:36.290 UTC 3 13 0 614 606 1610.16 2805.867 0 195.192 10.63765 0 1 93 0 0 0 NaN
Jun 11th 12:47:04.764 UTC 2 15 38 846 839 2704.973 3686.278 0 423.6236 252.6416 0 0 49 0 0 337.975 0.5398962
Jun 11th 12:46:35.404 UTC 3 11 1 614 606 1610.16 2805.867 0 195.192 10.66851 0 1 92 0 0 0 NaN
Jun 11th 12:46:04.762 UTC 2 15 38 845 836 2702.318 3670.261 0 423.8523 249.9785 0 0 49 0 0 337.975 0.5398962
Jun 11th 12:45:34.651 UTC 3 13 0 610 603 1604.475 2788.846 0 195.0042 10.67573 0 1 91 0 0 0 NaN
Jun 11th 12:45:04.762 UTC 2 15 39 844 834 2698.853 3664.495 0 424.1518 250.4621 0 0 49 0 0 335.1551 0.5379696
Jun 11th 12:44:34.642 UTC 3 14 0 608 601 1596.353 2776.209 0 194.8999 10.69067 0 1 91 0 0 0 NaN
Jun 11th 12:44:04.751 UTC 2 15 38 839 833 2676.083 3660.458 0 425.3757 250.7366 0 0 49 0 0 334.3551 0.5375484
Jun 11th 12:43:34.651 UTC 3 14 1 607 598 1594.813 2759.701 0 194.7854 10.70646 0 1 91 0 0 0 NaN
Jun 11th 12:43:04.772 UTC 2 15 40 837 829 2672.371 3650.891 0 423.8537 251.7414 0 0 49 0 0 333.2151 0.5374436
Jun 11th 12:42:34.653 UTC 3 15 2 606 594 1592.788 2732.532 0 194.8664 10.5355 0 1 91 0 0 0 NaN
Jun 11th 12:42:04.762 UTC 2 15 39 832 827 2658.158 3644.321 0 420.4362 252.263 0 0 49 0 0 333.2151 0.5374436
Jun 11th 12:41:34.642 UTC 3 15 0 605 594 1590.133 2732.532 0 194.8358 10.5355 0 1 91 0 0 0 NaN
Jun 11th 12:41:04.762 UTC 2 13 38 830 827 2652.871 3644.321 0 420.6567 248.1214 0 0 49 0 0 333.2151 0.5374436
Jun 11th 12:40:34.660 UTC 3 14 0 603 593 1585.254 2729.063 0 194.7875 10.56369 0 1 91 0 0 0 NaN
Jun 11th 12:40:04.752 UTC 2 14 39 828 820 2643.15 3611.682 0 419.3991 249.6484 0 0 49 0 0 333.2151 0.5374436
Jun 11th 12:39:34.649 UTC 3 14 0 601 593 1572.047 2729.063 0 194.6062 10.56369 0 1 91 0 0 0 NaN
Jun 11th 12:39:04.761 UTC 2 14 38 827 817 2641.125 3595.953 0 419.5583 246.0513 0 0 49 0 0 333.2151 0.5374436
Jun 11th 12:38:34.650 UTC 3 13 0 598 591 1559.135 2721.908 0 194.4276 10.59541 0 1 91 0 0 0 NaN
Jun 11th 12:38:03.691 UTC 2 15 39 824 813 2622.766 3571.866 0 420.3264 246.555 0 0 48 0 0 333.2151 0.5374436
Jun 11th 12:37:34.661 UTC 3 14 1 595 588 1553.157 2710.806 0 194.5173 10.59224 0 1 91 0 0 0 NaN
Jun 11th 12:37:03.691 UTC 2 15 39 823 811 2616.556 3560.116 0 420.5692 246.8622 0 0 48 0 0 331.5151 0.5364321
Jun 11th 12:36:34.649 UTC 3 14 1 592 585 1544.022 2698.45 0 194.2518 10.54089 0 1 91 0 0 0 NaN
Jun 11th 12:36:03.701 UTC 2 15 39 821 810 2611.596 3558.885 0 420.9255 247.0769 0 0 48 0 0 331.5151 0.5364321
Jun 11th 12:35:33.762 UTC 3 12 1 592 583 1544.022 2692.001 0 194.2518 10.58719 0 1 90 0 0 0 NaN
Jun 11th 12:35:03.701 UTC 2 15 41 817 808 2601.003 3547.592 0 420.4043 247.542 0 0 48 0 0 328.7341 0.534527
Jun 11th 12:34:33.097 UTC 3 12 1 589 582 1533.409 2687.569 0 194.365 10.59152 0 1 89 0 0 0 NaN
Jun 11th 12:34:03.691 UTC 2 14 38 816 808 2598.551 3547.592 0 420.842 247.824 0 0 48 0 0 327.9341 0.5340946
Jun 11th 12:33:33.096 UTC 3 12 0 586 581 1527.439 2685.204 0 194.5924 10.60603 0 1 89 0 0 0 NaN
Jun 11th 12:33:03.685 UTC 2 12 39 810 807 2585.551 3542.996 0 419.1884 248.4277 0 0 48 0 0 327.9341 0.5340946
Jun 11th 12:32:33.087 UTC 3 10 0 585 580 1522.917 2678.736 0 194.5796 10.63099 0 1 89 0 0 0 NaN
Jun 11th 12:32:02.610 UTC 2 15 39 810 804 2585.551 3531.77 0 419.1884 248.4277 0 0 47 0 0 325.9941 0.5335419
Jun 11th 12:31:33.097 UTC 3 10 1 582 578 1514.937 2669.191 0 194.7013 10.65488 0 1 89 0 0 0 NaN
Jun 11th 12:31:02.601 UTC 2 15 37 807 803 2579.708 3525.834 0 417.9885 248.6681 0 0 47 0 0 325.9941 0.5335419
Jun 11th 12:30:32.191 UTC 3 10 0 582 576 1514.937 2658.338 0 194.7013 10.66163 0 1 88 0 0 0 NaN
Jun 11th 12:30:02.611 UTC 2 15 38 806 800 2578.073 3514.149 0 416.4142 248.3146 0 0 47 0 0 325.9941 0.5335419
Jun 11th 12:29:32.199 UTC 3 11 0 581 573 1513.137 2642.424 0 194.8659 10.69411 0 1 88 0 0 0 NaN
Jun 11th 12:29:02.601 UTC 2 13 37 804 799 2573.142 3508.657 0 416.5699 246.7515 0 0 47 0 0 325.9941 0.5335419
Jun 11th 12:28:31.353 UTC 3 12 0 581 570 1513.137 2634.264 0 194.8659 10.70451 0 1 87 0 0 0 NaN
Jun 11th 12:28:02.601 UTC 2 15 39 803 794 2570.689 3495.611 0 416.9796 247.366 0 0 47 0 0 325.9941 0.5335419
Jun 11th 12:27:30.465 UTC 3 10 1 577 570 1502.817 2634.264 0 195.2125 10.73852 0 1 86 0 0 0 NaN
Jun 11th 12:27:02.610 UTC 2 15 39 797 790 2551.213 3484.366 0 418.0746 244.609 0 0 47 0 0 325.9941 0.5335419
Jun 11th 12:26:30.464 UTC 3 15 0 575 565 1497.327 2601.271 0 195.202 10.74595 0 0 86 0 0 0 NaN
Jun 11th 12:26:02.599 UTC 2 15 40 795 785 2542.303 3467.188 0 418.5743 244.4797 0 0 47 0 0 325.9941 0.5335419
Jun 11th 12:25:30.475 UTC 3 13 1 573 565 1493.412 2601.271 0 195.1032 10.7713 0 0 86 0 0 0 NaN
Jun 11th 12:25:02.598 UTC 2 15 39 791 782 2524.037 3451.344 0 419.2533 244.977 0 0 47 0 0 325.9941 0.5335419
Jun 11th 12:24:29.071 UTC 3 13 0 571 564 1491.272 2594.129 0 195.1228 10.7771 0 0 84 0 0 0 NaN
Jun 11th 12:24:02.608 UTC 2 14 39 788 781 2510.267 3446.781 0 420.1635 245.326 0 0 47 0 0 325.9941 0.5352941
Jun 11th 12:23:29.059 UTC 3 12 1 569 563 1487.457 2591.398 0 195.0961 10.80231 0 0 84 0 0 0 NaN
Jun 11th 12:23:02.610 UTC 2 14 42 787 777 2507.567 3426.75 0 420.317 246.3001 0 0 47 0 0 324.7841 0.5359474
Jun 11th 12:22:28.068 UTC 3 12 0 569 562 1487.457 2584.431 0 195.0961 10.80716 0 0 83 0 0 0 NaN
Jun 11th 12:22:02.602 UTC 2 15 42 786 775 2503.585 3413.284 0 420.5809 246.4781 0 0 47 0 0 324.7841 0.5467746
Jun 11th 12:21:28.057 UTC 3 12 0 566 560 1482.094 2571.013 0 194.9927 10.8413 0 0 83 0 0 0 NaN
Jun 11th 12:21:02.593 UTC 2 15 41 781 773 2487.78 3403.506 0 421.7241 246.848 0 0 47 0 0 323.6941 0.5580933
Jun 11th 12:20:28.056 UTC 3 10 0 565 560 1480.069 2571.013 0 194.7189 10.85283 0 0 83 0 0 0 NaN
Jun 11th 12:20:02.616 UTC 2 15 39 779 773 2484.573 3403.506 0 418.9465 246.848 0 0 47 0 0 323.6941 0.5600244
Jun 11th 12:19:28.064 UTC 3 8 0 564 560 1479.169 2571.013 0 194.5503 10.88024 0 0 83 0 0 0 NaN
Jun 11th 12:19:02.609 UTC 2 15 41 778 770 2480.49 3392.491 0 419.2146 247.6091 0 0 47 0 0 322.6041 0.5610507
Jun 11th 12:18:28.053 UTC 3 10 0 563 558 1475.704 2564.133 0 194.6048 10.88024 0 0 83 0 0 0 NaN
Jun 11th 12:18:02.602 UTC 2 14 42 775 768 2469.937 3386.175 0 419.7538 248.3479 0 0 47 0 0 321.0042 0.5691563
Jun 11th 12:17:28.052 UTC 3 9 0 561 557 1470.522 2561.714 0 194.6743 10.89914 0 0 83 0 0 0 NaN
Jun 11th 12:17:02.601 UTC 2 15 41 770 766 2456.72 3374.285 0 419.9482 248.6317 0 0 47 0 0 320.1042 0.5757269
Jun 11th 12:16:28.066 UTC 3 10 1 561 555 1470.522 2555.836 0 194.6743 10.91488 0 0 83 0 0 0 NaN
Jun 11th 12:16:02.591 UTC 2 14 43 770 763 2456.72 3361.84 0 419.9482 245.9557 0 0 47 0 0 318.6327 0.5825095
Jun 11th 12:15:28.055 UTC 3 10 1 558 553 1465.536 2542.701 0 194.7288 10.93046 0 0 83 0 0 0 NaN
Jun 11th 12:15:00.632 UTC 2 15 43 769 760 2451.635 3345.23 0 420.0549 246.5627 0 0 45 0 0 318.6327 0.604616
Jun 11th 12:14:28.055 UTC 3 10 0 557 551 1464.186 2537.174 0 194.7095 10.95873 0 0 83 0 0 0 NaN
Jun 11th 12:14:00.631 UTC 2 15 45 765 756 2431.183 3323.154 0 421.1054 247.1483 0 0 45 0 0 317.5427 0.6238559
Jun 11th 12:13:28.067 UTC 3 11 0 555 549 1459.821 2528.775 0 194.9767 10.96579 0 0 83 0 0 0 NaN
Jun 11th 12:13:00.629 UTC 2 14 43 765 756 2431.183 3323.154 0 421.1054 247.1423 0 0 45 0 0 316.7427 0.643786
Jun 11th 12:12:27.210 UTC 3 11 0 554 548 1456.142 2523.669 0 195.0717 10.98182 0 0 82 0 0 0 NaN
Jun 11th 12:12:00.621 UTC 2 15 41 764 753 2429.453 3305.734 0 421.3167 247.5367 0 0 45 0 0 316.7427 0.6530777
Jun 11th 12:11:27.198 UTC 3 8 0 552 548 1453.892 2523.669 0 195.173 11.01337 0 0 82 0 0 0 NaN
Jun 11th 12:11:00.632 UTC 2 15 40 760 751 2418.236 3297.271 0 420.3642 247.9932 0 0 45 0 0 316.7427 0.6654258
Jun 11th 12:10:27.220 UTC 3 7 0 551 548 1450.572 2523.669 0 195.029 11.02393 0 0 82 0 0 0 NaN
Jun 11th 12:10:00.632 UTC 2 15 40 756 750 2407.346 3291.039 0 420.104 248.242 0 0 45 0 0 313.5377 0.6628704
Jun 11th 12:09:27.199 UTC 3 9 0 549 544 1444.564 2511.759 0 194.7307 11.04875 0 0 82 0 0 0 NaN
Jun 11th 12:09:00.622 UTC 2 15 40 756 750 2407.346 3291.039 0 420.104 248.242 0 0 45 0 0 311.2477 0.6622291
Jun 11th 12:08:26.353 UTC 3 13 0 547 540 1436.059 2480.601 0 194.8773 11.04875 0 0 81 0 0 0 NaN
Jun 11th 12:08:00.639 UTC 2 15 37 751 748 2394.968 3281.095 0 420.0535 248.8843 0 0 45 0 0 311.2477 0.6622291
Jun 11th 12:07:25.443 UTC 3 11 0 545 540 1432.939 2480.601 0 195.153 11.07135 0 0 80 0 0 0 NaN
Jun 11th 12:06:59.682 UTC 2 15 38 751 745 2394.968 3270.718 0 420.0535 248.7981 0 0 44 0 0 311.2477 0.6622291
Jun 11th 12:06:25.434 UTC 3 11 1 545 538 1432.939 2473.679 0 195.153 11.0886 0 0 80 0 0 0 NaN
Jun 11th 12:05:59.674 UTC 2 15 39 751 741 2394.968 3257.713 0 420.0535 247.9044 0 0 44 0 0 311.2477 0.6622291
Jun 11th 12:05:25.446 UTC 3 12 0 543 536 1420.992 2461.049 0 195.1458 11.09179 0 0 80 0 0 0 NaN
Jun 11th 12:04:59.683 UTC 2 15 39 748 738 2383.427 3244.301 0 420.9778 247.4802 0 0 44 0 0 310.3477 0.6617221
Jun 11th 12:04:24.444 UTC 3 13 1 542 533 1415.907 2442.895 0 195.3095 11.1147 0 0 79 0 0 0 NaN
Jun 11th 12:03:59.673 UTC 2 15 39 743 736 2361.866 3235.905 0 422.639 248.0948 0 0 44 0 0 309.5477 0.6614267
Jun 11th 12:03:24.456 UTC 3 12 1 542 532 1415.907 2436.704 0 195.3095 11.13393 0 0 79 0 0 0 NaN
Jun 11th 12:02:59.674 UTC 2 15 39 741 733 2355.296 3220.297 0 422.6902 248.8076 0 0 44 0 0 308.4577 0.660509
Jun 11th 12:02:24.453 UTC 3 12 0 538 531 1405.831 2431.796 0 194.4922 11.14278 0 0 79 0 0 0 NaN
Jun 11th 12:01:59.672 UTC 2 15 39 738 730 2342.205 3212 0 423.6469 249.667 0 0 44 0 0 308.4577 0.660509
Jun 11th 12:01:23.683 UTC 3 12 0 536 530 1400.865 2428.305 0 194.4956 11.1461 0 0 78 0 0 0 NaN
Jun 11th 12:00:59.682 UTC 2 15 40 736 728 2337.471 3208.123 0 423.9276 250.2186 0 0 44 0 0 307.8577 0.6649194
Jun 11th 12:00:23.698 UTC 3 12 0 534 529 1395.417 2421.514 0 194.2477 11.15265 0 0 78 0 0 0 NaN
Jun 11th 11:59:59.683 UTC 2 15 41 732 725 2322.809 3186.975 0 424.8589 250.022 0 0 44 0 0 307.8577 0.6678041
Jun 11th 11:59:23.692 UTC 3 14 0 533 527 1392.964 2414.031 0 194.1472 11.15265 0 0 78 0 0 0 NaN
Jun 11th 11:58:59.681 UTC 2 14 41 729 721 2301.928 3171.042 0 425.7343 251.4936 0 0 44 0 0 307.8577 0.6826113
Jun 11th 11:58:23.691 UTC 3 13 1 529 526 1383.15 2406.529 0 194.236 11.16769 0 0 78 0 0 0 NaN
Jun 11th 11:57:59.672 UTC 2 15 40 728 718 2298.608 3154.413 0 425.8987 252.1083 0 0 44 0 0 306.9577 0.688246
Jun 11th 11:57:23.681 UTC 3 11 1 529 525 1383.15 2400.747 0 194.236 11.21379 0 0 78 0 0 0 NaN
Jun 11th 11:56:59.671 UTC 2 15 39 726 718 2290.947 3154.413 0 426.8088 252.1083 0 0 44 0 0 306.9577 0.688246
Jun 11th 11:56:23.680 UTC 3 9 0 529 524 1383.15 2393.251 0 194.236 11.23582 0 0 78 0 0 0 NaN
Jun 11th 11:55:59.682 UTC 2 15 39 726 715 2290.947 3139.635 0 426.8088 252.7264 0 0 44 0 0 305.7577 0.6886435
Jun 11th 11:55:23.699 UTC 3 7 1 527 524 1373.787 2393.251 0 194.0014 11.26276 0 0 78 0 0 0 NaN
Jun 11th 11:54:59.681 UTC 2 15 41 720 712 2262.879 3125.215 0 427.7468 253.6576 0 0 44 0 0 304.5577 0.6890445
Jun 11th 11:54:23.692 UTC 3 8 0 527 522 1373.787 2383.004 0 194.0014 11.27147 0 0 78 0 0 0 NaN
Jun 11th 11:53:59.672 UTC 2 15 40 718 712 2255.341 3125.215 0 428.2527 253.6576 0 0 44 0 0 302.6677 0.6926034
Jun 11th 11:53:23.690 UTC 3 8 0 526 521 1372.437 2379.066 0 193.9333 11.28593 0 0 78 0 0 0 NaN
Jun 11th 11:52:59.673 UTC 2 15 40 717 711 2251.663 3119.898 0 428.3635 253.955 0 0 44 0 0 299.8777 0.6941614
Jun 11th 11:52:22.862 UTC 3 10 0 524 519 1370.937 2374.88 0 193.9752 11.28593 0 0 77 0 0 0 NaN
Jun 11th 11:51:59.672 UTC 2 15 37 714 709 2244.859 3114.25 0 428.1133 254.6105 0 0 44 0 0 299.8777 0.6941614
Jun 11th 11:51:22.852 UTC 3 10 0 522 516 1364.512 2368.769 0 194.0406 11.3231 0 0 77 0 0 0 NaN
Jun 11th 11:50:59.675 UTC 2 14 39 712 706 2234.363 3101.712 0 428.8184 255.7349 0 0 44 0 0 299.8777 0.6941614
Jun 11th 11:50:22.863 UTC 3 11 0 519 514 1350.877 2363.621 0 194.4944 11.32606 0 0 77 0 0 0 NaN
Jun 11th 11:49:59.673 UTC 2 15 38 711 701 2230.38 3077.638 0 428.9885 256.3985 0 0 44 0 0 299.8777 0.6941614
Jun 11th 11:49:22.863 UTC 3 11 0 518 512 1349.537 2352.861 0 194.7262 11.34935 0 0 77 0 0 0 NaN
Jun 11th 11:48:59.681 UTC 2 15 39 709 699 2221.707 3068.556 0 429.678 255.9873 0 0 44 0 0 298.7877 0.693243
Jun 11th 11:48:21.394 UTC 3 10 0 515 510 1340.747 2344.669 0 194.8383 11.39498 0 0 75 0 0 0 NaN
Jun 11th 11:47:59.682 UTC 2 15 40 707 698 2214.046 3064.13 0 430.2009 256.2527 0 0 44 0 0 298.7877 0.693243
Jun 11th 11:47:21.404 UTC 3 10 0 514 507 1338.092 2328.027 0 194.9445 11.43812 0 0 75 0 0 0 NaN
Jun 11th 11:46:59.673 UTC 2 15 39 703 697 2193.492 3058.782 0 431.4903 256.5695 0 0 44 0 0 297.0877 0.6925122
Jun 11th 11:46:21.404 UTC 3 13 0 513 503 1334.627 2311.96 0 195.0469 11.45778 0 0 75 0 0 0 NaN
Jun 11th 11:45:59.670 UTC 2 14 40 701 693 2187.158 3037.886 0 432.0156 257.9815 0 0 44 0 0 297.0877 0.6925122
Jun 11th 11:45:21.395 UTC 3 13 0 511 502 1330.707 2304.943 0 195.3856 11.4717 0 0 75 0 0 0 NaN
Jun 11th 11:44:59.681 UTC 2 15 40 699 690 2177.465 3026.341 0 432.6396 258.5652 0 0 44 0 0 296.0078 0.6981315
Jun 11th 11:44:21.395 UTC 3 12 1 509 501 1323.933 2301.659 0 195.1887 11.50751 0 0 75 0 0 0 NaN
Jun 11th 11:43:59.680 UTC 2 15 41 697 688 2171.472 3017.511 0 433.2686 259.0997 0 0 44 0 0 295.2078 0.6995445
Jun 11th 11:43:21.394 UTC 3 11 1 505 500 1314.686 2297.536 0 195.4594 11.52196 0 0 75 0 0 0 NaN
Jun 11th 11:42:59.670 UTC 2 15 40 694 687 2160.92 3015.858 0 434.302 259.4221 0 0 44 0 0 293.4628 0.6987209
Jun 11th 11:42:21.396 UTC 3 12 0 503 498 1311.085 2287.449 0 195.4801 11.53809 0 0 75 0 0 0 NaN
Jun 11th 11:41:59.673 UTC 2 15 40 690 684 2145.472 2999.13 0 434.611 260.5082 0 0 44 0 0 292.7428 0.6986701
Jun 11th 11:41:21.405 UTC 3 12 0 502 496 1308.363 2282.152 0 195.1915 11.55276 0 0 75 0 0 0 NaN
Jun 11th 11:40:59.684 UTC 2 15 39 688 683 2141.25 2996.478 0 435.1367 260.8661 0 0 44 0 0 292.7428 0.6986701
Jun 11th 11:40:20.190 UTC 3 12 1 500 494 1299.858 2270.176 0 195.07 11.58978 0 0 74 0 0 0 NaN
Jun 11th 11:39:59.683 UTC 2 14 40 687 679 2138.595 2978.866 0 435.4318 262.5859 0 0 44 0 0 292.7428 0.6986701
Jun 11th 11:39:20.182 UTC 3 13 0 499 491 1298.518 2260.092 0 195.2915 11.60566 0 0 74 0 0 0 NaN
Jun 11th 11:38:59.672 UTC 2 15 37 685 677 2132.445 2971.858 0 435.9442 262.8863 0 0 44 0 0 292.7428 0.6986701
Jun 11th 11:38:20.189 UTC 3 12 0 495 490 1288.221 2258.716 0 195.6596 11.63969 0 0 74 0 0 0 NaN
Jun 11th 11:37:59.681 UTC 2 13 39 681 674 2113.894 2952.246 0 436.9517 263.0083 0 0 44 0 0 292.7428 0.6986701
Jun 11th 11:37:19.231 UTC 3 13 0 494 487 1285.566 2246.229 0 195.9385 11.65574 0 0 73 0 0 0 NaN
Jun 11th 11:36:59.682 UTC 2 15 39 679 671 2108.494 2940.793 0 437.4714 263.3425 0 0 44 0 0 292.1428 0.6989061
Jun 11th 11:36:19.221 UTC 3 12 0 491 486 1272.696 2240.271 0 195.8276 11.69606 0 0 73 0 0 0 NaN
Jun 11th 11:35:59.683 UTC 2 15 39 677 668 2096.074 2927.907 0 438.407 264.1491 0 0 44 0 0 292.1428 0.6989061
Jun 11th 11:35:19.231 UTC 3 12 0 489 482 1269.656 2217.876 0 195.9909 11.74713 0 0 73 0 0 0 NaN
Jun 11th 11:34:59.681 UTC 2 15 40 677 666 2096.074 2920.842 0 438.407 264.6673 0 0 44 0 0 290.9427 0.6977044
Jun 11th 11:34:19.230 UTC 3 12 0 488 481 1268.316 2210.319 0 196.0441 11.76061 0 0 73 0 0 0 NaN
Jun 11th 11:33:59.680 UTC 2 15 40 672 663 2076.499 2907.073 0 440.0259 265.6213 0 0 44 0 0 289.7427 0.696497
Jun 11th 11:33:19.220 UTC 3 13 0 487 479 1260.846 2199.527 0 195.9602 11.77003 0 0 73 0 0 0 NaN
Jun 11th 11:32:59.680 UTC 2 14 40 670 662 2069.502 2900.802 0 440.4481 266.2911 0 0 44 0 0 286.3727 0.6933964
Jun 11th 11:32:19.220 UTC 3 15 0 485 475 1253.14 2178.025 0 195.8242 11.7584 0 0 73 0 0 0 NaN
Jun 11th 11:31:59.680 UTC 2 15 39 667 660 2064.394 2891.704 0 422.0475 266.6713 0 0 44 0 0 285.4128 0.6927494
Jun 11th 11:31:18.455 UTC 3 14 1 483 474 1244.481 2173.089 0 195.5631 11.78972 0 0 72 0 0 0 NaN
Jun 11th 11:30:59.669 UTC 2 15 40 663 658 2056.954 2881.725 0 402.0662 267.1377 0 0 44 0 0 283.2527 0.6925495
Jun 11th 11:30:17.558 UTC 3 14 2 481 473 1242.591 2169.77 0 195.69 11.61999 0 0 71 0 0 0 NaN
Jun 11th 11:29:59.670 UTC 2 15 37 663 656 2056.954 2871.431 0 402.0662 267.8335 0 0 44 0 0 283.2527 0.6925495
Jun 11th 11:29:17.569 UTC 3 15 2 477 470 1233.073 2159.45 0 195.206 11.55881 0 0 71 0 0 0 NaN
Jun 11th 11:28:59.681 UTC 2 15 36 660 655 2050.356 2869.794 0 401.4329 268.174 0 0 44 0 0 283.2527 0.6925495
Jun 11th 11:28:17.569 UTC 3 14 1 475 469 1227.966 2154.877 0 195.6019 11.57762 0 0 71 0 0 0 NaN
Jun 11th 11:27:58.547 UTC 2 15 38 658 652 2046.285 2858.124 0 400.7121 229.0832 0 0 43 0 0 283.2527 0.6925495
Jun 11th 11:27:17.560 UTC 3 14 1 471 467 1210.618 2143.979 0 195.4476 11.57547 0 0 71 0 0 0 NaN
Jun 11th 11:26:58.550 UTC 2 15 38 657 648 2043.585 2834.931 0 400.9178 229.0054 0 0 43 0 0 283.2527 0.6925495
Jun 11th 11:26:17.559 UTC 3 13 1 471 465 1210.618 2136.879 0 195.4476 11.60254 0 0 71 0 0 0 NaN
Jun 11th 11:25:58.560 UTC 2 15 40 654 644 2035.643 2814.839 0 401.5398 228.5732 0 0 43 0 0 282.6527 0.6927763
Jun 11th 11:25:17.570 UTC 3 12 1 470 463 1208.983 2129.763 0 195.7054 11.65741 0 0 71 0 0 0 NaN
Jun 11th 11:24:58.550 UTC 2 15 38 652 644 2030.468 2814.839 0 402.3575 228.5732 0 0 43 0 0 282.6527 0.6927763
Jun 11th 11:24:17.568 UTC 3 12 0 468 460 1206.353 2111.876 0 195.5939 11.68317 0 0 71 0 0 0 NaN
Jun 11th 11:23:58.558 UTC 2 15 40 650 641 2026.178 2805.442 0 401.8698 229.4795 0 0 43 0 0 282.6527 0.6927763
Jun 11th 11:23:17.558 UTC 3 14 0 465 457 1201.258 2100.768 0 195.7215 11.70671 0 0 71 0 0 0 NaN
Jun 11th 11:22:58.547 UTC 2 15 38 649 640 2023.725 2801.622 0 402.2752 229.7173 0 0 43 0 0 280.0528 0.6914883
Jun 11th 11:22:17.566 UTC 3 13 0 463 456 1199.108 2097.252 0 195.6497 11.73493 0 0 71 0 0 0 NaN
Jun 11th 11:21:58.540 UTC 2 15 39 643 636 2005.904 2786.56 0 402.6736 229.7788 0 0 43 0 0 280.0528 0.6914883
Jun 11th 11:21:17.565 UTC 3 13 0 461 455 1192.044 2094.115 0 195.8775 11.75448 0 0 71 0 0 0 NaN
Jun 11th 11:20:58.540 UTC 2 14 38 642 634 2003.644 2781.428 0 402.8865 229.3964 0 0 43 0 0 280.0528 0.6914883
Jun 11th 11:20:16.853 UTC 3 11 0 458 454 1184.116 2085.588 0 196.1096 11.79251 0 0 70 0 0 0 NaN
Jun 11th 11:19:58.547 UTC 2 15 37 639 632 1993.708 2770.199 0 403.4136 229.7421 0 0 43 0 0 280.0528 0.6914883
Jun 11th 11:19:16.851 UTC 3 12 0 457 451 1182.776 2077.91 0 196.1429 11.8246 0 0 70 0 0 0 NaN
Jun 11th 11:18:58.549 UTC 2 14 36 635 631 1978.937 2766.768 0 404.7379 230.3624 0 0 43 0 0 280.0528 0.6914883
Jun 11th 11:18:16.841 UTC 3 9 1 454 451 1176.266 2077.91 0 196.2095 11.86131 0 0 70 0 0 0 NaN
Jun 11th 11:17:58.547 UTC 2 14 38 634 626 1976.282 2747.021 0 405.0059 231.5394 0 0 43 0 0 280.0528 0.6914883
Jun 11th 11:17:16.840 UTC 3 5 1 453 451 1172.283 2077.91 0 196.4702 11.9142 0 0 70 0 0 0 NaN
Jun 11th 11:16:57.691 UTC 2 15 41 633 622 1968.812 2724.396 0 405.446 232.2419 0 0 42 0 0 280.0528 0.69492
Jun 11th 11:16:16.851 UTC 3 3 0 452 451 1170.483 2077.91 0 196.5211 11.94363 0 0 70 0 0 0 NaN
Jun 11th 11:15:57.679 UTC 2 15 39 628 621 1953.755 2718.748 0 407.0538 232.5414 0 0 42 0 0 279.6508 0.6973834
Jun 11th 11:15:16.842 UTC 3 10 0 452 444 1170.483 2036.531 0 196.5211 11.94363 0 0 70 0 0 0 NaN
Jun 11th 11:14:57.679 UTC 2 15 38 627 620 1951.745 2713.416 0 406.9807 232.8199 0 0 42 0 0 275.1758 0.6931379
Jun 11th 11:14:16.842 UTC 3 10 0 450 444 1165.323 2036.531 0 196.5126 11.94363 0 0 70 0 0 0 NaN
Jun 11th 11:13:56.752 UTC 2 14 40 626 616 1945.771 2690.398 0 407.3251 234.297 0 0 41 0 0 275.1758 0.6931379
Jun 11th 11:13:16.842 UTC 3 9 0 450 443 1165.323 2029.843 0 196.5126 11.96253 0 0 70 0 0 0 NaN
Jun 11th 11:12:56.752 UTC 2 15 40 623 614 1936.603 2679.498 0 408.0338 234.5904 0 0 41 0 0 272.5757 0.6918166
Jun 11th 11:12:16.842 UTC 3 11 0 448 440 1158.903 2015.958 0 196.4103 11.98092 0 0 70 0 0 0 NaN
Jun 11th 11:11:56.752 UTC 2 15 40 621 613 1931.45 2677.94 0 408.4797 234.9501 0 0 41 0 0 268.1338 0.6875225
Jun 11th 11:11:16.842 UTC 3 13 0 447 438 1156.203 2002.517 0 196.4586 11.98092 0 0 70 0 0 0 NaN
Jun 11th 11:10:56.742 UTC 2 15 41 619 611 1927.115 2669.519 0 409.2676 235.2464 0 0 41 0 0 265.0438 0.6866419
Jun 11th 11:10:16.853 UTC 3 15 0 445 436 1153.218 1992.602 0 196.1935 11.98092 0 0 70 0 0 0 NaN
Jun 11th 11:09:56.755 UTC 2 15 40 616 609 1920.958 2661.197 0 401.1396 235.8411 0 0 41 0 0 263.2628 0.6855802
Jun 11th 11:09:16.843 UTC 3 13 0 443 436 1146.087 1992.602 0 195.8848 12.0134 0 0 70 0 0 0 NaN
Jun 11th 11:08:56.752 UTC 2 15 39 613 608 1911.305 2656.03 0 381.5388 236.2089 0 0 41 0 0 262.6628 0.6858036
Jun 11th 11:08:16.057 UTC 3 13 1 439 435 1139.427 1986.766 0 194.7246 12.03205 0 0 69 0 0 0 NaN
Jun 11th 11:07:56.743 UTC 2 15 38 611 605 1909.712 2644.928 0 370.146 237.2791 0 0 41 0 0 262.6628 0.6858036
Jun 11th 11:07:16.067 UTC 3 13 0 438 434 1136.947 1983.125 0 194.8054 12.0391 0 0 69 0 0 0 NaN
Jun 11th 11:06:56.752 UTC 2 15 36 609 603 1897.765 2639.538 0 370.8221 229.1563 0 0 41 0 0 262.6628 0.6858036
Jun 11th 11:06:15.343 UTC 3 11 0 437 433 1136.047 1974.671 0 194.6597 12.08325 0 0 68 0 0 0 NaN
Jun 11th 11:05:56.752 UTC 2 14 37 607 600 1890.985 2627.677 0 371.3081 210.1363 0 0 41 0 0 262.6628 0.6858036
Jun 11th 11:05:15.344 UTC 3 13 0 436 429 1132.422 1956.942 0 194.2619 12.13035 0 0 68 0 0 0 NaN
Jun 11th 11:04:56.752 UTC 2 15 38 605 595 1885.766 2609.906 0 371.9213 198.9457 0 0 41 0 0 262.6628 0.6858036
Jun 11th 11:04:15.356 UTC 3 12 1 434 428 1127.607 1950.419 0 194.2451 12.15288 0 0 68 0 0 0 NaN
Jun 11th 11:03:56.742 UTC 2 15 37 600 592 1877.199 2604.653 0 369.7686 199.8793 0 0 41 0 0 262.6628 0.6858036
Jun 11th 11:03:15.335 UTC 3 14 0 434 425 1127.607 1932.855 0 194.2451 12.17544 0 0 68 0 0 0 NaN
Jun 11th 11:02:56.752 UTC 2 12 39 597 590 1863.084 2592.505 0 371.2324 200.9473 0 0 41 0 0 262.6628 0.6858036
Jun 11th 11:02:13.730 UTC 3 14 2 431 423 1122.807 1923.106 0 194.0722 12.14856 0 0 66 0 0 0 NaN
Jun 11th 11:01:56.752 UTC 2 15 41 595 584 1859.709 2571.67 0 370.6745 201.845 0 0 41 0 0 259.9628 0.6841126
Jun 11th 11:01:12.855 UTC 3 15 3 430 421 1120.107 1912.955 0 193.9875 11.65184 0 0 65 0 0 0 NaN
Jun 11th 11:00:56.742 UTC 2 15 39 592 583 1854.928 2564.333 0 370.7093 202.1629 0 0 41 0 0 257.8428 0.6839331
Jun 11th 11:00:12.864 UTC 3 15 2 428 420 1113.729 1910.313 0 193.6974 11.64492 0 0 65 0 0 0 NaN
Jun 11th 10:59:56.762 UTC 2 15 38 588 581 1847.585 2555.886 0 371.0226 199.0185 0 0 41 0 0 257.8428 0.6839331
Jun 11th 10:59:12.865 UTC 3 15 3 424 416 1103.546 1892.273 0 193.5788 11.31745 0 0 65 0 0 0 NaN
Jun 11th 10:58:56.752 UTC 2 14 39 586 579 1843.593 2545.939 0 371.3238 196.9998 0 0 41 0 0 257.8428 0.6839331
Jun 11th 10:58:12.863 UTC 3 14 2 421 416 1089.686 1892.273 0 193.3956 11.32127 0 0 65 0 0 0 NaN
Jun 11th 10:57:56.751 UTC 2 15 39 584 575 1839.117 2523.132 0 371.5285 197.7098 0 0 41 0 0 257.8428 0.6839331
Jun 11th 10:57:12.854 UTC 3 13 1 421 414 1089.686 1879.292 0 193.3956 11.32811 0 0 65 0 0 0 NaN
Jun 11th 10:56:56.742 UTC 2 15 39 583 573 1835.439 2512.937 0 371.8156 197.9291 0 0 41 0 0 257.8428 0.6839331
Jun 11th 10:56:12.857 UTC 3 15 0 418 411 1082.779 1860.164 0 193.4646 11.23807 0 0 65 0 0 0 NaN
Jun 11th 10:55:56.762 UTC 2 15 41 580 571 1824.314 2502.192 0 372.4647 198.4879 0 0 41 0 0 252.3228 0.6856597
Jun 11th 10:55:11.597 UTC 3 13 1 416 410 1078.949 1859.178 0 193.2836 11.29228 0 0 64 0 0 0 NaN
Jun 11th 10:54:56.753 UTC 2 15 41 577 570 1812.864 2498.347 0 373.2504 198.6773 0 0 41 0 0 251.7228 0.6858931
Jun 11th 10:54:11.596 UTC 3 11 0 416 409 1078.949 1853.804 0 193.2836 11.31994 0 0 64 0 0 0 NaN
Jun 11th 10:53:56.753 UTC 2 15 38 575 570 1810.901 2498.347 0 368.7991 198.6773 0 0 41 0 0 251.1228 0.6861277
Jun 11th 10:53:10.519 UTC 3 14 1 414 404 1071.771 1827.079 0 193.5343 11.35809 0 0 63 0 0 0 NaN
Jun 11th 10:52:56.742 UTC 2 15 39 572 567 1801.685 2483.515 0 368.4115 199.4623 0 0 41 0 0 250.5228 0.6863637
Jun 11th 10:52:10.508 UTC 3 12 0 411 404 1064.549 1827.079 0 193.2084 11.37498 0 0 63 0 0 0 NaN
Jun 11th 10:51:56.752 UTC 2 15 37 571 566 1800.377 2479.759 0 367.7922 199.7907 0 0 41 0 0 250.5228 0.6863637
Jun 11th 10:51:10.520 UTC 3 12 0 409 404 1060.889 1827.079 0 193.0985 11.37498 0 0 63 0 0 0 NaN
Jun 11th 10:50:56.753 UTC 2 15 36 570 562 1797.947 2470.591 0 367.6467 201.112 0 0 41 0 0 250.5228 0.6863637
Jun 11th 10:50:10.522 UTC 3 13 0 406 402 1050.807 1815.986 0 193.0045 11.3871 0 0 63 0 0 0 NaN
Jun 11th 10:49:56.744 UTC 2 12 36 566 560 1784.196 2461.439 0 369.1354 195.7763 0 0 41 0 0 250.5228 0.6863637
Jun 11th 10:49:10.516 UTC 3 12 0 406 399 1050.807 1797.992 0 193.0045 11.43373 0 0 63 0 0 0 NaN
Jun 11th 10:48:54.020 UTC 2 14 39 563 555 1772.507 2436.478 0 370.1032 196.5641 0 0 40 0 0 250.5228 0.6863637
Jun 11th 10:48:09.535 UTC 3 13 0 405 397 1049.172 1787.19 0 192.8503 11.45362 0 0 62 0 0 0 NaN
Jun 11th 10:47:52.813 UTC 2 15 39 562 553 1768.787 2430.016 0 370.3511 196.8138 0 0 39 0 0 248.8327 0.6854897
Jun 11th 10:47:09.547 UTC 3 14 0 403 394 1044.59 1768.091 0 192.634 11.41767 0 0 62 0 0 0 NaN
Jun 11th 10:46:52.814 UTC 2 15 40 561 550 1766.132 2413.064 0 370.691 197.3753 0 0 39 0 0 248.8327 0.6854897
Jun 11th 10:46:07.883 UTC 3 14 0 401 393 1030.989 1759.861 0 192.4721 11.44503 0 0 60 0 0 0 NaN
Jun 11th 10:45:52.825 UTC 2 14 39 554 549 1743.237 2406.532 0 372.8624 197.8963 0 0 39 0 0 248.8327 0.6854897
Jun 11th 10:45:07.872 UTC 3 12 0 400 393 1029.199 1759.861 0 192.5652 11.46629 0 0 60 0 0 0 NaN
Jun 11th 10:44:51.833 UTC 2 15 40 553 547 1741.212 2397.489 0 372.4157 198.1209 0 0 38 0 0 245.4528 0.6818132
Jun 11th 10:44:07.884 UTC 3 12 0 397 392 1024.579 1753.313 0 192.0967 11.49065 0 0 60 0 0 0 NaN
Jun 11th 10:43:51.833 UTC 2 14 38 551 546 1736.397 2392.603 0 372.8719 198.8152 0 0 38 0 0 244.5528 0.6812055
Jun 11th 10:43:07.883 UTC 3 12 0 395 391 1022.044 1747.687 0 191.7215 11.49532 0 0 60 0 0 0 NaN
Jun 11th 10:42:51.844 UTC 2 15 39 551 540 1736.397 2371.886 0 372.8719 200.1999 0 0 38 0 0 244.5528 0.6812055
Jun 11th 10:42:07.874 UTC 3 11 1 395 389 1022.044 1740.644 0 191.7215 11.54421 0 0 60 0 0 0 NaN
Jun 11th 10:41:51.845 UTC 2 15 40 547 538 1728.042 2364.358 0 372.748 200.8328 0 0 38 0 0 243.3378 0.6797144
Jun 11th 10:41:06.976 UTC 3 10 0 393 389 1014.3 1740.644 0 190.9919 11.55384 0 0 59 0 0 0 NaN
Jun 11th 10:40:51.834 UTC 2 14 40 545 536 1716.59 2358.407 0 373.7422 200.6099 0 0 38 0 0 242.1378 0.678257
Jun 11th 10:40:06.160 UTC 3 10 0 392 389 1008.326 1740.644 0 191.2061 11.55384 0 0 58 0 0 0 NaN
Jun 11th 10:39:51.844 UTC 2 15 39 543 533 1707.927 2347.921 0 374.2795 201.2299 0 0 38 0 0 241.0478 0.6771005
Jun 11th 10:39:06.172 UTC 3 8 0 389 387 1004.726 1735.002 0 190.9581 11.60322 0 0 58 0 0 0 NaN
Jun 11th 10:38:51.844 UTC 2 15 39 536 531 1679.087 2337.301 0 376.1424 201.144 0 0 38 0 0 241.0478 0.6771005
Jun 11th 10:38:05.047 UTC 3 11 0 389 383 1004.726 1716.107 0 190.9581 11.62022 0 0 57 0 0 0 NaN
Jun 11th 10:37:51.844 UTC 2 14 39 534 530 1668.737 2331.298 0 376.3529 201.7633 0 0 38 0 0 239.9578 0.6759374
Jun 11th 10:37:05.037 UTC 3 13 0 388 381 1003.526 1703.33 0 191.2778 11.62022 0 0 57 0 0 0 NaN
Jun 11th 10:36:51.834 UTC 2 15 38 534 525 1668.737 2305.801 0 376.3529 202.123 0 0 38 0 0 238.8678 0.6747677
Jun 11th 10:36:05.046 UTC 3 11 0 385 380 995.4261 1701.128 0 191.7279 11.67536 0 0 57 0 0 0 NaN
Jun 11th 10:35:51.834 UTC 2 15 39 532 523 1661.559 2301.193 0 376.8667 202.7769 0 0 38 0 0 238.0678 0.674413
Jun 11th 10:35:05.047 UTC 3 8 0 384 380 994.0761 1701.128 0 191.8025 11.71547 0 0 57 0 0 0 NaN
Jun 11th 10:34:51.846 UTC 2 15 39 529 520 1647.778 2285.027 0 378.0313 203.2912 0 0 38 0 0 238.0678 0.674413
Jun 11th 10:34:05.046 UTC 3 9 0 383 377 992.8761 1685.278 0 192.0755 11.75145 0 0 57 0 0 0 NaN
Jun 11th 10:33:51.844 UTC 2 15 41 527 518 1639.104 2278.399 0 378.7077 203.845 0 0 38 0 0 235.0878 0.6716794
Jun 11th 10:33:04.173 UTC 3 10 1 382 374 988.8936 1672.21 0 192.0364 11.78526 0 0 56 0 0 0 NaN
Jun 11th 10:32:51.835 UTC 2 15 40 523 517 1623.927 2274.71 0 379.1173 204.1592 0 0 38 0 0 235.0878 0.6716794
Jun 11th 10:32:04.172 UTC 3 11 0 378 372 978.9518 1665.701 0 191.7952 11.80846 0 0 56 0 0 0 NaN
Jun 11th 10:31:51.844 UTC 2 14 40 521 516 1620.536 2269.285 0 379.6398 204.8138 0 0 38 0 0 232.2958 0.6694403
Jun 11th 10:31:03.332 UTC 3 15 1 378 367 978.9518 1638.417 0 191.7952 11.78156 0 0 55 0 0 0 NaN
Jun 11th 10:30:51.836 UTC 2 14 40 519 513 1611.098 2260.161 0 380.3514 205.8523 0 0 38 0 0 232.2958 0.6694403
Jun 11th 10:30:03.332 UTC 3 14 0 375 366 969.933 1635.86 0 192.1481 11.81951 0 0 55 0 0 0 NaN
Jun 11th 10:29:51.835 UTC 2 15 38 515 510 1603.528 2245.645 0 382.2018 206.5786 0 0 38 0 0 232.2958 0.6694403
Jun 11th 10:29:02.610 UTC 3 14 1 374 365 968.118 1628.932 0 192.1867 11.8479 0 0 54 0 0 0 NaN
Jun 11th 10:28:51.846 UTC 2 14 40 514 506 1598.33 2228.087 0 382.6842 207.5081 0 0 38 0 0 232.2958 0.6694403
Jun 11th 10:28:02.609 UTC 3 13 0 370 365 955.3005 1628.932 0 191.9986 11.8625 0 0 54 0 0 0 NaN
Jun 11th 10:27:51.843 UTC 2 15 38 513 502 1594.865 2210.804 0 382.9999 208.6714 0 0 38 0 0 232.2958 0.6694403
Jun 11th 10:27:02.608 UTC 3 12 0 367 364 951.6605 1627.404 0 191.6694 11.89441 0 0 54 0 0 0 NaN
Jun 11th 10:26:51.834 UTC 2 15 40 512 500 1593.065 2204.317 0 383.3274 209.3412 0 0 38 0 0 229.8148 0.6680663
Jun 11th 10:26:02.607 UTC 3 9 0 365 364 945.2255 1627.404 0 191.5874 11.93373 0 0 54 0 0 0 NaN
Jun 11th 10:25:51.834 UTC 2 15 38 507 499 1575.625 2198.439 0 385.2993 209.7024 0 0 38 0 0 229.8148 0.6680663
Jun 11th 10:25:01.781 UTC 3 9 0 364 362 944.1354 1610.328 0 191.3371 11.98829 0 0 53 0 0 0 NaN
Jun 11th 10:24:51.843 UTC 2 13 40 503 497 1570.23 2188.811 0 366.1477 210.9671 0 0 38 0 0 229.8148 0.6680663
Jun 11th 10:24:01.771 UTC 3 9 0 364 359 944.1354 1595.052 0 191.3371 12.03299 0 0 53 0 0 0 NaN
Jun 11th 10:23:51.844 UTC 2 15 40 501 494 1567.614 2177.033 0 360.2367 211.3547 0 0 38 0 0 228.1248 0.6670315
Jun 11th 10:23:01.781 UTC 3 12 0 364 355 944.1354 1567.705 0 191.3371 12.05604 0 0 53 0 0 0 NaN
Jun 11th 10:22:51.833 UTC 2 15 37 499 493 1562.904 2172.974 0 361.0188 211.7143 0 0 38 0 0 228.1248 0.6670315
Jun 11th 10:22:01.791 UTC 3 15 0 364 351 944.1354 1556.871 0 191.3371 12.07391 0 0 53 0 0 0 NaN
Jun 11th 10:21:51.843 UTC 2 13 37 498 490 1562.904 2161.843 0 354.3759 213.6407 0 0 38 0 0 228.1248 0.6670315
Jun 11th 10:21:00.394 UTC 3 14 2 361 351 936.1555 1556.871 0 191.9094 11.97334 0 0 51 0 0 0 NaN
Jun 11th 10:20:49.242 UTC 2 14 37 496 488 1558.831 2150.955 0 354.3292 208.9832 0 0 35 0 0 228.1248 0.6670315
Jun 11th 10:20:00.373 UTC 3 13 0 357 350 927.9767 1551.191 0 192.2028 12.01039 0 0 51 0 0 0 NaN
Jun 11th 10:19:48.324 UTC 2 14 40 492 485 1551.429 2138.921 0 354.7395 181.079 0 0 34 0 0 228.1248 0.6670315
Jun 11th 10:19:00.395 UTC 3 13 0 354 349 923.7117 1549.79 0 191.5799 12.0335 0 0 51 0 0 0 NaN
Jun 11th 10:18:48.312 UTC 2 15 37 490 483 1542.361 2129.91 0 355.3994 181.405 0 0 34 0 0 227.3248 0.6666416
Jun 11th 10:18:00.384 UTC 3 9 1 353 349 920.9517 1549.79 0 191.9431 12.14394 0 0 51 0 0 0 NaN
Jun 11th 10:17:48.314 UTC 2 14 38 487 482 1525.003 2126.549 0 356.8615 180.9865 0 0 34 0 0 227.3248 0.6666416
Jun 11th 10:17:00.383 UTC 3 11 0 349 345 915.2127 1531.214 0 189.8944 12.17205 0 0 51 0 0 0 NaN
Jun 11th 10:16:48.304 UTC 2 14 38 485 478 1520.764 2113.316 0 356.4208 181.9095 0 0 34 0 0 227.3248 0.6666416
Jun 11th 10:16:00.383 UTC 3 11 0 349 344 915.2127 1529.657 0 189.8944 12.19892 0 0 51 0 0 0 NaN
Jun 11th 10:15:48.315 UTC 2 13 39 481 474 1511.249 2100.672 0 357.3521 183.6549 0 0 34 0 0 227.3248 0.6666416
Jun 11th 10:14:59.445 UTC 3 12 0 347 343 912.2127 1523.843 0 190.5018 12.19892 0 0 50 0 0 0 NaN
Jun 11th 10:14:46.998 UTC 2 15 37 480 471 1508.594 2082.646 0 357.9814 183.9923 0 0 33 0 0 226.2448 0.6654258
Jun 11th 10:13:59.443 UTC 3 11 1 346 341 909.9027 1518.833 0 190.6022 12.26008 0 0 50 0 0 0 NaN
Jun 11th 10:13:46.987 UTC 2 15 38 477 468 1493.588 2067.948 0 358.7421 183.7373 0 0 33 0 0 226.2448 0.6654258
Jun 11th 10:12:59.443 UTC 3 13 0 345 337 908.1327 1500.698 0 190.4777 12.30652 0 0 50 0 0 0 NaN
Jun 11th 10:12:45.844 UTC 2 15 39 474 466 1484.183 2057.678 0 359.4315 183.8871 0 0 32 0 0 224.3848 0.6638603
Jun 11th 10:11:57.516 UTC 3 11 0 342 336 899.3779 1498.911 0 190.3087 12.36785 0 0 49 0 0 0 NaN
Jun 11th 10:11:45.834 UTC 2 15 40 473 464 1481.483 2048.15 0 359.7993 184.5538 0 0 32 0 0 224.3848 0.6638603
Jun 11th 10:10:55.583 UTC 3 14 1 341 333 898.4779 1482.266 0 190.4821 12.36785 0 0 48 0 0 0 NaN
Jun 11th 10:10:45.844 UTC 2 15 36 470 463 1470.031 2041.685 0 360.5481 184.9343 0 0 32 0 0 224.3848 0.6638603
Jun 11th 10:09:53.741 UTC 3 14 2 338 329 887.3179 1463.327 0 190.6561 12.2587 0 0 47 0 0 0 NaN
Jun 11th 10:09:43.685 UTC 2 15 40 467 459 1460.265 2025.238 0 361.4447 185.6915 0 0 31 0 0 223.6648 0.6636937
Jun 11th 10:08:53.741 UTC 3 15 0 337 327 884.3029 1450.843 0 190.511 12.26635 0 0 47 0 0 0 NaN
Jun 11th 10:08:43.677 UTC 2 15 40 465 458 1454.561 2019.995 0 362.494 186.0297 0 0 31 0 0 222.3248 0.6636561
Jun 11th 10:07:53.740 UTC 3 15 1 335 325 879.8241 1444.244 0 190.3371 11.83172 0 0 47 0 0 0 NaN
Jun 11th 10:07:43.680 UTC 2 14 39 463 457 1449.453 2017.496 0 363.3502 186.7721 0 0 31 0 0 221.7848 0.6640263
Jun 11th 10:06:53.731 UTC 3 15 3 332 323 869.3841 1438.05 0 190.2742 11.51639 0 0 47 0 0 0 NaN
Jun 11th 10:06:43.679 UTC 2 15 38 462 452 1447.143 1997.899 0 363.6534 188.3144 0 0 31 0 0 221.7848 0.6640263
Jun 11th 10:05:53.751 UTC 3 15 3 329 322 862.4703 1434.374 0 190.2243 11.46566 0 0 47 0 0 0 NaN
Jun 11th 10:05:43.690 UTC 2 15 37 459 449 1442.991 1980.706 0 358.3243 189.4714 0 0 31 0 0 221.7848 0.6640263
Jun 11th 10:04:53.740 UTC 3 13 1 324 322 857.7703 1434.374 0 190.3934 11.52437 0 0 47 0 0 0 NaN
Jun 11th 10:04:43.683 UTC 2 14 37 455 449 1435.611 1980.706 0 357.5282 188.5335 0 0 31 0 0 221.7848 0.6640263
Jun 11th 10:03:53.740 UTC 3 14 1 323 319 856.6802 1419.455 0 190.1815 11.55672 0 0 47 0 0 0 NaN
Jun 11th 10:03:43.680 UTC 2 15 37 454 444 1430.414 1961.773 0 357.8318 182.8676 0 0 31 0 0 221.7848 0.6640263
Jun 11th 10:02:53.751 UTC 3 13 1 322 316 855.8802 1406.512 0 190.3155 11.64083 0 0 47 0 0 0 NaN
Jun 11th 10:02:43.671 UTC 2 15 36 449 444 1421.174 1961.773 0 347.7482 182.8676 0 0 31 0 0 221.7848 0.6640263
Jun 11th 10:01:53.740 UTC 3 11 1 321 314 855.0803 1398.537 0 190.6497 11.70239 0 0 47 0 0 0 NaN
Jun 11th 10:01:43.680 UTC 2 14 39 448 440 1418.864 1953.125 0 347.6098 172.3671 0 0 31 0 0 221.7848 0.6640263
Jun 11th 10:00:53.089 UTC 3 11 1 320 311 853.3102 1390.891 0 190.8054 11.79208 0 0 46 0 0 0 NaN
Jun 11th 10:00:43.671 UTC 2 15 39 445 438 1412.121 1944.764 0 348.4011 172.7041 0 0 31 0 0 221.7848 0.6640263
Jun 11th 09:59:53.081 UTC 3 10 0 317 311 844.5078 1390.891 0 191.6269 11.80709 0 0 46 0 0 0 NaN
Jun 11th 09:59:43.690 UTC 2 15 38 442 434 1403.027 1927.369 0 349.7023 173.9357 0 0 31 0 0 221.7848 0.6640263
Jun 11th 09:58:53.089 UTC 3 9 1 314 310 839.5527 1386.433 0 191.4593 11.84626 0 0 46 0 0 0 NaN
Jun 11th 09:58:42.610 UTC 2 15 38 438 432 1393.015 1919.781 0 340.2036 174.5741 0 0 30 0 0 221.7848 0.6640263
Jun 11th 09:57:53.087 UTC 3 9 0 311 308 834.9226 1380.737 0 191.3902 11.86702 0 0 46 0 0 0 NaN
Jun 11th 09:57:42.601 UTC 2 14 40 438 428 1393.015 1901.84 0 340.2036 175.7922 0 0 30 0 0 220.5698 0.6623718
Jun 11th 09:56:52.272 UTC 3 9 0 311 307 834.9226 1376.984 0 191.3902 11.89498 0 0 45 0 0 0 NaN
Jun 11th 09:56:42.612 UTC 2 15 39 437 426 1391.215 1897.306 0 340.4392 176.1166 0 0 30 0 0 219.3548 0.6607072
Jun 11th 09:55:52.282 UTC 3 10 0 309 304 831.1101 1364.14 0 191.738 11.9469 0 0 45 0 0 0 NaN
Jun 11th 09:55:42.603 UTC 2 15 40 432 424 1383.862 1885.448 0 337.8531 176.754 0 0 30 0 0 217.6548 0.65956
Jun 11th 09:54:52.271 UTC 3 8 1 308 303 830.2101 1362.328 0 191.9188 12.002 0 0 45 0 0 0 NaN
Jun 11th 09:54:42.623 UTC 2 14 39 428 423 1372.409 1879.812 0 337.0887 166.2554 0 0 30 0 0 217.6548 0.65956
Jun 11th 09:53:52.272 UTC 3 9 0 305 301 826.6101 1350.951 0 192.5736 12.03997 0 0 45 0 0 0 NaN
Jun 11th 09:53:42.612 UTC 2 15 37 426 420 1365.011 1867.746 0 337.7332 166.897 0 0 30 0 0 217.6548 0.65956
Jun 11th 09:52:52.270 UTC 3 9 0 304 299 820.4001 1346.091 0 192.6417 12.08749 0 0 45 0 0 0 NaN
Jun 11th 09:52:42.623 UTC 2 13 38 425 417 1362.251 1856.396 0 338.0388 161.8969 0 0 30 0 0 217.6548 0.65956
Jun 11th 09:51:52.281 UTC 3 9 0 303 297 819.6001 1331.415 0 192.6302 12.13558 0 0 45 0 0 0 NaN
Jun 11th 09:51:42.611 UTC 2 15 40 423 413 1353.161 1839.007 0 337.8941 162.5029 0 0 30 0 0 215.2548 0.6582716
Jun 11th 09:50:52.270 UTC 3 8 0 301 297 813.0264 1331.415 0 193.2434 12.15826 0 0 45 0 0 0 NaN
Jun 11th 09:50:42.611 UTC 2 15 39 418 410 1338.928 1831.23 0 339.9531 163.3532 0 0 30 0 0 214.3548 0.6575301
Jun 11th 09:49:51.537 UTC 3 9 0 299 294 803.1376 1315.52 0 192.6264 12.23282 0 0 44 0 0 0 NaN
Jun 11th 09:49:42.610 UTC 2 15 40 417 409 1337.388 1824.893 0 339.7589 163.6236 0 0 30 0 0 214.3548 0.6615889
Jun 11th 09:48:51.547 UTC 3 7 0 299 294 803.1376 1315.52 0 192.6264 12.26754 0 0 44 0 0 0 NaN
Jun 11th 09:48:42.620 UTC 2 14 38 413 408 1323.963 1819.497 0 341.4181 163.6848 0 0 30 0 0 214.3548 0.6615889
Jun 11th 09:47:50.791 UTC 3 8 0 299 293 803.1376 1313.133 0 192.6264 12.26754 0 0 43 0 0 0 NaN
Jun 11th 09:47:42.611 UTC 2 15 40 410 403 1317.158 1793.665 0 341.587 164.9406 0 0 30 0 0 211.9148 0.6581205
Jun 11th 09:46:50.793 UTC 3 8 0 295 293 797.7026 1313.133 0 192.0325 12.26754 0 0 43 0 0 0 NaN
Jun 11th 09:46:42.612 UTC 2 15 40 410 400 1317.158 1781.407 0 341.587 165.976 0 0 30 0 0 207.3348 0.6519963
Jun 11th 09:45:49.936 UTC 3 8 0 294 292 795.0475 1309.361 0 192.3358 12.29877 0 0 42 0 0 0 NaN
Jun 11th 09:45:42.604 UTC 2 15 40 408 398 1311.663 1773.5 0 342.2482 166.1444 0 0 30 0 0 206.2448 0.6506146
Jun 11th 09:44:49.935 UTC 3 7 0 293 291 792.3251 1304.849 0 192.0839 12.33172 0 0 42 0 0 0 NaN
Jun 11th 09:44:42.624 UTC 2 15 39 405 397 1306.281 1767.303 0 337.9514 166.4585 0 0 30 0 0 205.4448 0.6501418
Jun 11th 09:43:49.925 UTC 3 8 0 293 288 792.3251 1289.886 0 192.0839 12.3954 0 0 42 0 0 0 NaN
Jun 11th 09:43:41.592 UTC 2 15 40 402 395 1299.456 1760.659 0 338.5892 166.5816 0 0 29 0 0 204.2448 0.6504611
Jun 11th 09:42:49.934 UTC 3 11 0 292 285 789.5651 1274.16 0 192.226 12.3954 0 0 42 0 0 0 NaN
Jun 11th 09:42:41.592 UTC 2 15 37 397 393 1285.27 1752.33 0 338.9216 167.3797 0 0 29 0 0 203.6448 0.6506223
Jun 11th 09:41:49.065 UTC 3 11 0 291 283 788.665 1265.563 0 192.5674 12.45549 0 0 41 0 0 0 NaN
Jun 11th 09:41:41.592 UTC 2 15 36 397 391 1285.27 1744.02 0 338.9216 165.0825 0 0 29 0 0 203.6448 0.6506223
Jun 11th 09:40:48.056 UTC 3 10 0 290 282 785.65 1260.241 0 192.6116 12.48231 0 0 40 0 0 0 NaN
Jun 11th 09:40:41.591 UTC 2 14 39 396 387 1283.01 1729.245 0 338.4968 162.7305 0 0 29 0 0 203.6448 0.6506223
Jun 11th 09:39:48.069 UTC 3 10 0 287 281 775.2175 1253.086 0 192.825 12.5182 0 0 40 0 0 0 NaN
Jun 11th 09:39:40.263 UTC 2 15 40 393 383 1277.805 1711.139 0 337.3142 163.7257 0 0 28 0 0 201.0948 0.6486928
Jun 11th 09:38:48.058 UTC 3 11 1 285 279 770.7924 1243.446 0 192.4737 12.55326 0 0 40 0 0 0 NaN
Jun 11th 09:38:40.273 UTC 2 15 39 389 382 1269.477 1706.895 0 338.1087 164.0858 0 0 28 0 0 199.2048 0.6467688
Jun 11th 09:37:48.059 UTC 3 11 0 282 277 759.2874 1237.747 0 192.015 12.59275 0 0 40 0 0 0 NaN
Jun 11th 09:37:40.263 UTC 2 14 38 387 380 1259.802 1694.051 0 338.7124 162.1826 0 0 28 0 0 199.2048 0.6467688
Jun 11th 09:36:48.048 UTC 3 11 1 282 276 759.2874 1232.743 0 192.015 12.62496 0 0 40 0 0 0 NaN
Jun 11th 09:36:40.263 UTC 2 13 39 386 376 1256.337 1675.379 0 338.9244 162.6053 0 0 28 0 0 199.2048 0.6467688
Jun 11th 09:35:48.060 UTC 3 10 0 280 276 752.3461 1232.743 0 192.504 12.64171 0 0 40 0 0 0 NaN
Jun 11th 09:35:38.804 UTC 2 15 39 383 374 1242.057 1666.387 0 339.053 162.6053 0 0 27 0 0 196.9148 0.647746
Jun 11th 09:34:48.060 UTC 3 11 0 277 273 743.6349 1219.174 0 192.2027 12.70017 0 0 40 0 0 0 NaN
Jun 11th 09:34:38.793 UTC 2 15 39 382 373 1239.357 1660.732 0 339.5029 162.8937 0 0 27 0 0 194.9248 0.6454463
Jun 11th 09:33:48.050 UTC 3 11 0 277 269 743.6349 1200.723 0 192.2027 12.79096 0 0 40 0 0 0 NaN
Jun 11th 09:33:38.793 UTC 2 15 41 378 371 1227.609 1653.341 0 339.7734 163.5759 0 0 27 0 0 194.1248 0.6449329
Jun 11th 09:32:48.070 UTC 3 11 0 276 268 742.4349 1195.611 0 192.1521 12.82671 0 0 40 0 0 0 NaN
Jun 11th 09:32:38.793 UTC 2 15 39 376 369 1222.704 1643.66 0 337.9326 164.3695 0 0 27 0 0 193.2248 0.6440827
Jun 11th 09:31:47.109 UTC 3 12 0 272 267 737.4499 1191.428 0 192.8366 12.82671 0 0 39 0 0 0 NaN
Jun 11th 09:31:37.672 UTC 2 13 39 373 368 1213.918 1637.389 0 337.8461 164.8078 0 0 26 0 0 193.2248 0.6440827
Jun 11th 09:30:46.261 UTC 3 11 0 270 266 733.9399 1185.017 0 192.7135 12.88314 0 0 38 0 0 0 NaN
Jun 11th 09:30:37.671 UTC 2 15 40 371 363 1206.92 1618.095 0 338.5326 164.5255 0 0 26 0 0 192.3248 0.6432267
Jun 11th 09:29:46.261 UTC 3 9 0 270 265 733.9399 1180.954 0 192.7135 12.95638 0 0 38 0 0 0 NaN
Jun 11th 09:29:37.660 UTC 2 15 38 370 363 1200.947 1618.095 0 338.9392 164.5255 0 0 26 0 0 192.3248 0.6432267
Jun 11th 09:28:46.251 UTC 3 8 0 267 264 726.9648 1178.242 0 192.4262 13.01005 0 0 38 0 0 0 NaN
Jun 11th 09:28:37.663 UTC 2 15 38 367 359 1190.241 1607.373 0 340.0164 162.8012 0 0 26 0 0 192.3248 0.6432267
Jun 11th 09:27:46.272 UTC 3 10 0 267 262 726.9648 1169.335 0 192.4262 13.01005 0 0 38 0 0 0 NaN
Jun 11th 09:27:37.672 UTC 2 12 38 364 357 1172.691 1599.086 0 341.1379 164.7589 0 0 26 0 0 192.3248 0.6432267
Jun 11th 09:26:46.261 UTC 3 10 0 264 260 720.1136 1157.024 0 191.8721 13.06862 0 0 38 0 0 0 NaN
Jun 11th 09:26:36.752 UTC 2 15 40 360 352 1154.804 1578.73 0 342.7553 165.612 0 0 25 0 0 189.9148 0.6416041
Jun 11th 09:25:46.260 UTC 3 8 1 264 259 720.1136 1152.422 0 191.8721 13.17718 0 0 38 0 0 0 NaN
Jun 11th 09:25:36.763 UTC 2 14 45 356 350 1135.195 1569.223 0 344.7977 166.0233 0 0 25 0 0 185.2948 0.6456265
Jun 11th 09:24:46.250 UTC 3 11 0 263 256 718.4786 1143.232 0 191.8231 13.17718 0 0 38 0 0 0 NaN
Jun 11th 09:24:36.763 UTC 2 15 43 356 346 1135.195 1551.056 0 344.7977 166.7711 0 0 25 0 0 177.1198 0.6973221
Jun 11th 09:23:46.250 UTC 3 13 0 262 252 715.4636 1120.141 0 191.7121 13.2532 0 0 38 0 0 0 NaN
Jun 11th 09:23:36.763 UTC 2 15 48 354 344 1132.203 1538.643 0 338.4829 167.1948 0 0 25 0 0 163.7198 0.7118254
Jun 11th 09:22:46.271 UTC 3 13 2 259 250 711.4836 1111.506 0 190.4237 12.38758 0 0 38 0 0 0 NaN
Jun 11th 09:22:36.752 UTC 2 15 47 351 341 1124.815 1525.69 0 339.511 168.4432 0 0 25 0 0 122.3201 0.664783
Jun 11th 09:21:46.260 UTC 3 15 1 255 248 701.1876 1107.131 0 188.1948 12.38758 0 0 38 0 0 0 NaN
Jun 11th 09:21:36.762 UTC 2 15 42 348 341 1118.259 1525.69 0 336.6925 168.4432 0 0 25 0 0 106.12 0.6392773
Jun 11th 09:20:46.261 UTC 3 14 2 252 246 693.7275 1092.241 0 188.3295 11.6066 0 0 38 0 0 0 NaN
Jun 11th 09:20:36.762 UTC 2 15 42 344 339 1109.985 1514.911 0 329.9461 169.1734 0 0 25 0 0 98.73003 0.6248736
Jun 11th 09:19:46.271 UTC 3 14 6 250 242 688.6875 1068.531 0 187.778 8.68111 0 0 38 0 0 0 NaN
Jun 11th 09:19:36.762 UTC 2 15 40 344 337 1109.985 1501.249 0 329.9461 170.1277 0 0 25 0 0 94.94003 0.6164937
Jun 11th 09:18:46.261 UTC 3 15 7 249 238 687.8875 1041.25 0 187.4558 7.447258 0 0 38 0 0 0 NaN
Jun 11th 09:18:36.763 UTC 2 14 40 341 335 1103.58 1491.185 0 329.6086 164.1858 0 0 25 0 0 94.14003 0.6152943
Jun 11th 09:17:46.261 UTC 3 15 6 248 237 685.2325 1031.693 0 186.8382 7.401142 0 0 38 0 0 0 NaN
Jun 11th 09:17:36.762 UTC 2 14 42 340 331 1101.969 1476.138 0 328.9181 153.7101 0 0 25 0 0 87.24002 0.6016553
Jun 11th 09:16:46.251 UTC 3 14 4 245 237 679.3 1031.693 0 186.5199 7.282977 0 0 38 0 0 0 NaN
Jun 11th 09:16:36.762 UTC 2 15 40 340 329 1101.969 1466.693 0 328.9181 154.1025 0 0 25 0 0 82.74001 0.5910001
Jun 11th 09:15:46.271 UTC 3 15 2 244 236 677.275 1024.931 0 186.3226 7.282977 0 0 38 0 0 0 NaN
Jun 11th 09:15:36.762 UTC 2 15 39 336 328 1095.312 1460.974 0 325.3578 154.3835 0 0 25 0 0 82.14001 0.5909353
Jun 11th 09:14:45.322 UTC 3 15 1 241 235 664.7325 1020.071 0 184.0162 7.271543 0 0 37 0 0 0 NaN
Jun 11th 09:14:36.762 UTC 2 15 39 331 326 1084.04 1453.216 0 324.1315 153.1382 0 0 25 0 0 82.14001 0.5909353
Jun 11th 09:13:45.323 UTC 3 15 1 239 232 661.1675 1015.386 0 182.841 7.054351 0 0 37 0 0 0 NaN
Jun 11th 09:13:36.762 UTC 2 15 39 330 322 1082.42 1441.288 0 321.8701 151.1669 0 0 25 0 0 82.14001 0.5909353
Jun 11th 09:12:45.324 UTC 3 14 1 237 230 659.0275 1008.73 0 182.6517 7.00369 0 0 37 0 0 0 NaN
Jun 11th 09:12:36.751 UTC 2 15 38 328 321 1078.145 1435.71 0 321.6397 151.5641 0 0 25 0 0 82.14001 0.5909353
Jun 11th 09:11:45.313 UTC 3 15 0 233 228 641.95 1001.521 0 183.1404 6.994948 0 0 37 0 0 0 NaN
Jun 11th 09:11:36.753 UTC 2 14 40 324 317 1069.617 1413.567 0 318.8841 147.1749 0 0 25 0 0 82.14001 0.5909353
Jun 11th 09:10:44.555 UTC 3 14 0 231 227 638.6365 995.0524 0 182.6003 7.030171 0 0 36 0 0 0 NaN
Jun 11th 09:10:36.762 UTC 2 14 39 323 316 1067.817 1407.047 0 317.6144 147.6156 0 0 25 0 0 81.42001 0.5900001
Jun 11th 09:09:44.548 UTC 3 13 0 229 225 636.4016 981.5125 0 183.0296 7.050686 0 0 36 0 0 0 NaN
Jun 11th 09:09:36.762 UTC 2 15 39 321 313 1062.034 1396.967 0 318.2389 145.9443 0 0 25 0 0 81.42001 0.5900001
Jun 11th 09:08:43.661 UTC 3 11 1 228 225 635.0516 981.5125 0 183.0399 7.068322 0 0 35 0 0 0 NaN
Jun 11th 09:08:36.753 UTC 2 15 38 319 311 1056.619 1392.595 0 318.9215 144.7248 0 0 25 0 0 81.42001 0.5900001
Jun 11th 09:07:43.662 UTC 3 11 0 228 223 635.0516 973.2953 0 183.0399 7.099 0 0 35 0 0 0 NaN
Jun 11th 09:07:36.762 UTC 2 15 40 315 306 1044.573 1361.855 0 317.8902 142.4572 0 0 25 0 0 81.42001 0.5900001
Jun 11th 09:06:43.659 UTC 3 7 0 227 223 633.4166 973.2953 0 182.684 7.170622 0 0 35 0 0 0 NaN
Jun 11th 09:06:36.762 UTC 2 15 39 312 305 1029.554 1355.817 0 318.7493 142.8597 0 0 25 0 0 81.42001 0.5943066
Jun 11th 09:05:43.657 UTC 3 7 0 225 222 629.3516 971.17 0 182.6408 7.195498 0 0 35 0 0 0 NaN
Jun 11th 09:05:36.762 UTC 2 15 40 311 301 1026.854 1338.761 0 318.8604 143.8456 0 0 25 0 0 80.07001 0.5887501
Jun 11th 09:04:42.200 UTC 3 7 0 224 221 628.1516 966.9482 0 182.1437 7.209472 0 0 33 0 0 0 NaN
Jun 11th 09:04:36.752 UTC 2 15 40 310 301 1020.644 1338.761 0 319.3542 143.8456 0 0 25 0 0 77.77001 0.5847369
Jun 11th 09:03:42.199 UTC 3 8 0 222 219 621.109 960.5914 0 182.4255 7.201604 0 0 33 0 0 0 NaN
Jun 11th 09:03:36.771 UTC 2 15 38 308 301 1007.077 1338.761 0 319.9324 143.8456 0 0 25 0 0 76.57001 0.5845039
Jun 11th 09:02:42.193 UTC 3 8 0 222 218 621.109 956.3919 0 182.4255 7.211477 0 0 33 0 0 0 NaN
Jun 11th 09:02:35.795 UTC 2 15 39 303 297 989.4217 1314.349 0 320.6743 143.1133 0 0 24 0 0 75.23002 0.5786924
Jun 11th 09:01:42.199 UTC 3 7 1 220 217 615.1015 952.1669 0 182.8794 7.222468 0 0 33 0 0 0 NaN
Jun 11th 09:01:35.783 UTC 2 15 40 302 294 986.7217 1296.399 0 320.9262 144.0264 0 0 24 0 0 74.14002 0.5747288
Jun 11th 09:00:42.200 UTC 3 6 0 220 216 615.1015 947.428 0 182.8794 7.229032 0 0 33 0 0 0 NaN
Jun 11th 09:00:35.792 UTC 2 15 39 301 294 979.2517 1296.399 0 321.0489 144.0264 0 0 24 0 0 73.05003 0.575197
Jun 11th 08:59:42.192 UTC 3 8 0 218 213 600.1616 936.0612 0 182.9894 7.216461 0 0 33 0 0 0 NaN
Jun 11th 08:59:35.783 UTC 2 15 40 301 291 979.2517 1284.703 0 321.0489 145.0263 0 0 24 0 0 69.93002 0.5639518
Jun 11th 08:58:40.199 UTC 3 9 1 217 211 592.6916 926.2134 0 183.0658 7.217562 0 0 32 0 0 0 NaN
Jun 11th 08:58:35.783 UTC 2 14 39 299 290 972.5692 1280.035 0 321.6368 145.4625 0 0 24 0 0 69.03002 0.5612197
Jun 11th 08:57:40.197 UTC 3 10 0 216 209 589.2266 914.6201 0 183.3039 7.234785 0 0 32 0 0 0 NaN
Jun 11th 08:57:34.312 UTC 2 15 40 295 287 958.4742 1264.918 0 322.3093 146.3285 0 0 23 0 0 66.57602 0.5548002
Jun 11th 08:56:40.194 UTC 3 11 0 214 207 581.2278 907.322 0 183.2533 7.242969 0 0 32 0 0 0 NaN
Jun 11th 08:56:34.313 UTC 2 15 40 291 286 941.1042 1260.132 0 323.8459 146.7558 0 0 23 0 0 64.03201 0.5472822
Jun 11th 08:55:38.968 UTC 3 10 0 211 206 574.2377 900.7387 0 183.7721 7.293006 0 0 31 0 0 0 NaN
Jun 11th 08:55:34.302 UTC 2 15 39 290 285 935.9067 1254.053 0 324.5046 147.1992 0 0 23 0 0 63.43201 0.5468277
Jun 11th 08:54:38.958 UTC 3 9 0 209 206 562.189 900.7387 0 183.6992 7.297956 0 0 31 0 0 0 NaN
Jun 11th 08:54:34.303 UTC 2 15 39 289 281 929.9329 1233.818 0 324.8339 148.9389 0 0 23 0 0 63.43201 0.5468277
Jun 11th 08:53:38.956 UTC 3 7 0 208 206 561.389 900.7387 0 183.8062 7.350225 0 0 31 0 0 0 NaN
Jun 11th 08:53:34.314 UTC 2 14 38 287 279 924.8854 1228.463 0 325.3751 150.1393 0 0 23 0 0 63.43201 0.5468277
Jun 11th 08:52:38.954 UTC 3 6 0 208 205 561.389 899.2197 0 183.8062 7.346797 0 0 31 0 0 0 NaN
Jun 11th 08:52:34.313 UTC 2 15 40 286 275 923.0854 1212.533 0 325.5377 151.3507 0 0 23 0 0 61.90601 0.5430351
Jun 11th 08:51:38.045 UTC 3 7 1 205 202 556.619 875.6661 0 182.9573 7.391022 0 0 30 0 0 0 NaN
Jun 11th 08:51:34.305 UTC 2 15 40 282 274 907.5305 1206.132 0 328.1031 151.7128 0 0 23 0 0 59.83501 0.5342411
Jun 11th 08:50:38.038 UTC 3 8 0 205 200 556.619 867.532 0 182.9573 7.386652 0 0 30 0 0 0 NaN
Jun 11th 08:50:34.304 UTC 2 14 38 277 273 893.603 1200.155 0 318.5068 152.7408 0 0 23 0 0 59.83501 0.5342411
Jun 11th 08:49:36.240 UTC 3 10 1 205 197 556.619 850.2936 0 182.9573 7.416013 0 0 28 0 0 0 NaN
Jun 11th 08:49:34.313 UTC 2 15 40 277 268 893.603 1181.183 0 318.5068 154.4514 0 0 23 0 0 59.03501 0.5318469
Jun 11th 08:48:35.260 UTC 3 10 0 204 197 554.1664 850.2936 0 183.1085 7.416013 0 0 27 0 0 0 NaN
Jun 11th 08:48:34.312 UTC 2 15 38 274 267 878.0554 1178.678 0 319.8228 154.5321 0 0 23 0 0 58.38101 0.5307364
Jun 11th 08:47:34.302 UTC 3 10 1 203 196 551.4814 845.2612 0 183.1629 7.429014 0 0 26 0 0 0 NaN
Jun 11th 08:47:33.141 UTC 2 13 39 274 265 878.0554 1173.439 0 319.8228 144.8499 0 0 22 0 0 58.38101 0.5307364
Jun 11th 08:46:33.405 UTC 3 11 0 200 195 543.7151 840.9085 0 182.5462 7.429014 0 0 25 0 0 0 NaN
Jun 11th 08:46:32.050 UTC 2 15 40 267 261 862.0679 1156.43 0 313.6653 145.6623 0 0 21 0 0 56.86101 0.5264909
Jun 11th 08:45:33.403 UTC 3 12 1 199 192 537.7414 823.185 0 181.517 7.453041 0 0 25 0 0 0 NaN
Jun 11th 08:45:30.948 UTC 2 15 38 265 260 857.9579 1150.871 0 311.6475 146.164 0 0 20 0 0 56.86101 0.5264909
Jun 11th 08:44:33.406 UTC 3 13 0 197 189 535.3414 811.4097 0 180.441 7.476942 0 0 25 0 0 0 NaN
Jun 11th 08:44:30.957 UTC 2 15 39 265 257 857.9579 1139.626 0 311.6475 138.3455 0 0 20 0 0 56.32101 0.5263646
Jun 11th 08:43:33.404 UTC 3 15 0 193 187 529.6964 801.4885 0 181.2546 7.476942 0 0 25 0 0 0 NaN
Jun 11th 08:43:30.948 UTC 2 15 39 261 253 852.1129 1118.264 0 296.7404 136.743 0 0 20 0 0 55.78101 0.5262359
Jun 11th 08:42:33.394 UTC 3 12 1 192 187 527.8964 801.4885 0 181.9049 7.559189 0 0 25 0 0 0 NaN
Jun 11th 08:42:30.958 UTC 2 15 40 259 249 846.9379 1105.509 0 297.8129 129.171 0 0 20 0 0 55.78101 0.5262359
Jun 11th 08:41:33.393 UTC 3 10 1 190 187 524.2364 801.4885 0 181.6982 7.559575 0 0 25 0 0 0 NaN
Jun 11th 08:41:30.957 UTC 2 15 39 255 246 841.0959 1095.502 0 280.3718 122.4218 0 0 20 0 0 55.78101 0.5262359
Jun 11th 08:40:33.405 UTC 3 9 1 189 185 521.9764 794.701 0 181.2723 7.629766 0 0 25 0 0 0 NaN
Jun 11th 08:40:30.945 UTC 2 15 39 253 244 834.5484 1081.617 0 280.8568 123.1727 0 0 20 0 0 55.78101 0.5262359
Jun 11th 08:39:32.730 UTC 3 8 1 188 183 510.7714 788.0858 0 180.4089 7.628867 0 0 24 0 0 0 NaN
Jun 11th 08:39:30.946 UTC 2 15 39 251 243 832.0404 1075.411 0 273.1923 123.2792 0 0 20 0 0 54.88101 0.5226763
Jun 11th 08:38:31.994 UTC 3 9 1 187 182 508.5114 784.1511 0 180.7671 7.628867 0 0 23 0 0 0 NaN
Jun 11th 08:38:30.954 UTC 2 14 38 246 241 818.7991 1066.201 0 265.8999 115.4938 0 0 20 0 0 54.88101 0.5226763
Jun 11th 08:37:31.986 UTC 3 12 0 185 178 505.1064 763.7599 0 181.3015 7.628998 0 0 23 0 0 0 NaN
Jun 11th 08:37:28.933 UTC 2 14 38 246 239 818.7991 1056.462 0 265.8999 97.62251 0 0 18 0 0 54.88101 0.5226763
Jun 11th 08:36:31.986 UTC 3 10 1 183 178 498.3326 763.7599 0 180.4898 7.666451 0 0 23 0 0 0 NaN
Jun 11th 08:36:28.936 UTC 2 15 38 243 236 804.9279 1046.036 0 267.4707 97.93651 0 0 18 0 0 53.47101 0.519136
Jun 11th 08:35:30.957 UTC 3 9 0 182 178 497.1326 763.7599 0 180.6183 7.661472 0 0 22 0 0 0 NaN
Jun 11th 08:35:28.947 UTC 2 15 39 241 233 795.7479 1037.692 0 267.9815 98.50372 0 0 18 0 0 52.75101 0.5171667
Jun 11th 08:34:30.965 UTC 3 12 1 179 173 488.2751 746.1927 0 180.8247 7.688748 0 0 22 0 0 0 NaN
Jun 11th 08:34:28.938 UTC 2 15 37 239 231 787.9053 1033.132 0 268.3721 95.77032 0 0 18 0 0 52.75101 0.5171667
Jun 11th 08:33:30.954 UTC 3 10 1 179 173 488.2751 746.1927 0 180.8247 7.717012 0 0 22 0 0 0 NaN
Jun 11th 08:33:27.868 UTC 2 15 39 235 227 780.1628 1015.507 0 266.105 92.65575 0 0 17 0 0 52.75101 0.5171667
Jun 11th 08:32:30.974 UTC 3 10 1 176 171 473.0426 737.3629 0 182.6048 7.728601 0 0 22 0 0 0 NaN
Jun 11th 08:32:27.867 UTC 2 15 38 232 224 771.7037 1001.473 0 266.1681 91.10272 0 0 17 0 0 52.75101 0.5171667
Jun 11th 08:31:29.984 UTC 3 7 1 174 170 467.5639 735.0685 0 181.9963 7.819666 0 0 21 0 0 0 NaN
Jun 11th 08:31:27.877 UTC 2 15 40 231 222 765.73 993.9926 0 265.9318 89.62927 0 0 17 0 0 52.75101 0.5171667
Jun 11th 08:30:29.974 UTC 3 11 0 174 165 467.5639 709.6321 0 181.9963 7.8432 0 0 21 0 0 0 NaN
Jun 11th 08:30:27.877 UTC 2 14 40 229 221 760.465 988.0731 0 264.5154 90.30523 0 0 17 0 0 51.43101 0.5143101
Jun 11th 08:29:29.995 UTC 3 10 0 170 165 458.5314 709.6321 0 183.2409 7.872586 0 0 21 0 0 0 NaN
Jun 11th 08:29:27.870 UTC 2 15 37 225 218 745.7994 976.1446 0 263.0013 90.95837 0 0 17 0 0 51.43101 0.5143101
Jun 11th 08:28:29.015 UTC 3 9 0 168 165 452.5339 709.6321 0 182.5473 7.872319 0 0 20 0 0 0 NaN
Jun 11th 08:28:26.684 UTC 2 14 38 221 216 732.3218 966.1532 0 262.4441 86.94861 0 0 16 0 0 51.43101 0.5143101
Jun 11th 08:27:29.013 UTC 3 8 0 167 164 449.5189 701.5586 0 182.7279 7.928125 0 0 20 0 0 0 NaN
Jun 11th 08:27:25.510 UTC 2 14 40 221 212 732.3218 951.1326 0 262.4441 87.77596 0 0 15 0 0 51.43101 0.5143101
Jun 11th 08:26:29.026 UTC 3 8 0 167 163 449.5189 700.0396 0 182.7279 7.933122 0 0 20 0 0 0 NaN
Jun 11th 08:26:25.511 UTC 2 15 39 219 210 725.2119 941.907 0 263.4457 87.98517 0 0 15 0 0 48.74101 0.5024846
Jun 11th 08:25:29.015 UTC 3 9 0 165 160 446.6589 689.4132 0 182.89 7.984756 0 0 20 0 0 0 NaN
Jun 11th 08:25:25.500 UTC 2 14 39 217 208 718.2368 932.0114 0 263.7801 87.10158 0 0 15 0 0 48.74101 0.5024846
Jun 11th 08:24:29.014 UTC 3 8 1 164 159 444.8589 684.9073 0 183.6096 8.019472 0 0 20 0 0 0 NaN
Jun 11th 08:24:25.519 UTC 2 15 40 213 203 702.3855 909.0289 0 263.9274 87.18225 0 0 15 0 0 48.60601 0.5063126
Jun 11th 08:23:28.105 UTC 3 7 0 163 158 441.1801 682.948 0 182.4024 8.048653 0 0 19 0 0 0 NaN
Jun 11th 08:23:25.511 UTC 2 15 42 210 203 691.7855 909.0289 0 264.7873 87.18225 0 0 15 0 0 47.80601 0.5311779
Jun 11th 08:22:28.095 UTC 3 7 0 162 158 437.1976 682.948 0 182.6165 8.048653 0 0 19 0 0 0 NaN
Jun 11th 08:22:25.521 UTC 2 14 40 209 202 690.1655 902.3531 0 261.4924 87.34866 0 0 15 0 0 46.59101 0.5355288
Jun 11th 08:21:28.117 UTC 3 10 1 158 154 426.3064 665.917 0 180.7367 8.04783 0 0 19 0 0 0 NaN
Jun 11th 08:21:25.519 UTC 2 14 39 206 199 680.9667 887.9102 0 255.2181 88.05236 0 0 15 0 0 45.39101 0.5278025
Jun 11th 08:20:28.108 UTC 3 10 0 158 152 426.3064 658.2646 0 180.7367 8.126425 0 0 19 0 0 0 NaN
Jun 11th 08:20:25.510 UTC 2 15 40 204 195 674.0591 870.9812 0 253.4044 88.07146 0 0 15 0 0 45.39101 0.5340119
Jun 11th 08:19:28.100 UTC 3 12 0 156 150 425.1064 647.8712 0 181.4715 8.126425 0 0 19 0 0 0 NaN
Jun 11th 08:19:25.509 UTC 2 15 38 202 194 667.6804 864.7458 0 253.7118 88.39377 0 0 15 0 0 44.79101 0.5396507
Jun 11th 08:18:28.098 UTC 3 11 1 154 149 418.6714 644.4471 0 181.8228 8.182135 0 0 19 0 0 0 NaN
Jun 11th 08:18:25.500 UTC 2 15 36 201 192 664.2903 853.7269 0 254.1623 85.86893 0 0 15 0 0 44.79101 0.5396507
Jun 11th 08:17:27.035 UTC 3 10 0 151 147 404.8527 639.2839 0 181.7996 8.203074 0 0 18 0 0 0 NaN
Jun 11th 08:17:24.498 UTC 2 14 40 197 189 650.5728 839.4307 0 252.6678 77.7394 0 0 14 0 0 44.79101 0.5396507
Jun 11th 08:16:26.064 UTC 3 9 0 151 147 404.8527 639.2839 0 181.7996 8.242064 0 0 17 0 0 0 NaN
Jun 11th 08:16:24.498 UTC 2 15 41 195 187 644.2353 830.671 0 252.9227 77.88813 0 0 14 0 0 43.89101 0.5486376
Jun 11th 08:15:26.072 UTC 3 7 0 148 147 395.1852 639.2839 0 183.0437 8.256372 0 0 17 0 0 0 NaN
Jun 11th 08:15:24.488 UTC 2 14 39 194 186 642.4653 823.5197 0 252.2263 78.0099 0 0 14 0 0 43.89101 0.5486376
Jun 11th 08:14:26.073 UTC 3 8 0 148 145 395.1852 630.3328 0 183.0437 8.283266 0 0 17 0 0 0 NaN
Jun 11th 08:14:24.498 UTC 2 15 39 191 184 635.4902 815.0569 0 253.1818 78.22242 0 0 14 0 0 42.09101 0.553829
Jun 11th 08:13:26.064 UTC 3 5 0 148 144 395.1852 626.347 0 183.0437 8.346833 0 0 17 0 0 0 NaN
Jun 11th 08:13:24.498 UTC 2 14 40 188 182 613.2152 802.9338 0 254.0065 76.83748 0 0 14 0 0 42.09101 0.553829
Jun 11th 08:12:26.065 UTC 3 6 0 147 142 390.6627 616.4546 0 183.5065 8.381436 0 0 17 0 0 0 NaN
Jun 11th 08:12:24.487 UTC 2 15 43 186 179 608.8802 785.8837 0 253.2652 77.51903 0 0 14 0 0 36.891 0.5675539
Jun 11th 08:11:26.076 UTC 3 10 0 147 138 390.6627 596.2995 0 183.5065 8.381436 0 0 17 0 0 0 NaN
Jun 11th 08:11:24.498 UTC 2 15 41 186 176 608.8802 773.1798 0 253.2652 77.70444 0 0 14 0 0 25.781 0.5995581
Jun 11th 08:10:26.068 UTC 3 11 0 143 136 377.5077 585.7784 0 184.5232 8.403402 0 0 17 0 0 0 NaN
Jun 11th 08:10:24.499 UTC 2 15 41 183 173 599.4234 759.6431 0 249.8892 78.31055 0 0 14 0 0 22.427 0.6061352
Jun 11th 08:09:26.069 UTC 3 15 0 142 132 376.1577 575.3976 0 185.2677 8.403402 0 0 17 0 0 0 NaN
Jun 11th 08:09:24.498 UTC 2 14 39 181 173 592.1334 759.6431 0 249.4952 78.70416 0 0 14 0 0 19.501 0.5909395
Jun 11th 08:08:24.946 UTC 3 13 1 139 130 366.3589 564.2701 0 185.2738 8.489711 0 0 16 0 0 0 NaN
Jun 11th 08:08:24.489 UTC 2 15 40 177 171 579.1937 748.2858 0 249.4797 78.74182 0 0 14 0 0 18.701 0.5844063
Jun 11th 08:07:24.935 UTC 3 12 0 135 130 357.7702 564.2701 0 185.433 8.486032 0 0 16 0 0 0 NaN
Jun 11th 08:07:24.498 UTC 2 15 37 174 171 572.9147 748.2858 0 242.2616 78.74182 0 0 14 0 0 18.101 0.5839033
Jun 11th 08:06:24.932 UTC 3 10 1 134 130 354.0914 564.2701 0 185.5831 8.514254 0 0 16 0 0 0 NaN
Jun 11th 08:06:24.500 UTC 2 14 36 173 169 570.2147 740.8856 0 242.1886 79.39268 0 0 14 0 0 18.101 0.5839033
Jun 11th 08:05:24.932 UTC 3 11 1 134 127 354.0914 546.5435 0 185.5831 8.54329 0 0 16 0 0 0 NaN
Jun 11th 08:05:24.498 UTC 2 14 38 172 164 566.5359 713.4292 0 242.1327 77.23759 0 0 14 0 0 18.101 0.5839033
Jun 11th 08:04:24.492 UTC 2 14 38 169 161 557.5059 700.7509 0 243.7957 71.32087 0 0 14 0 0 18.101 0.5839033
Jun 11th 08:04:23.525 UTC 3 10 1 132 126 348.5564 545.0819 0 183.8059 8.571597 0 0 15 0 0 0 NaN
Jun 11th 08:03:24.491 UTC 2 15 40 169 158 557.5059 687.0993 0 243.7957 70.07368 0 0 14 0 0 14.72 0.5451853
Jun 11th 08:03:23.535 UTC 3 10 1 129 125 340.6439 543.9427 0 185.2742 8.615393 0 0 15 0 0 0 NaN
Jun 11th 08:02:24.500 UTC 2 14 41 165 156 542.7458 680.7936 0 244.4697 70.76832 0 0 14 0 0 12.32 0.5133334
Jun 11th 08:02:23.525 UTC 3 10 0 128 123 338.8439 538.4827 0 186.2919 8.660618 0 0 15 0 0 0 NaN
Jun 11th 08:01:24.489 UTC 2 15 40 163 154 531.0908 668.3515 0 244.7992 69.8338 0 0 14 0 0 11.52 0.5236364
Jun 11th 08:01:23.525 UTC 3 9 0 127 122 336.1889 537.0754 0 186.0948 8.715063 0 0 15 0 0 0 NaN
Jun 11th 08:00:24.489 UTC 2 13 40 160 152 518.7451 659.7706 0 244.4162 71.0175 0 0 14 0 0 11.12 0.5295239
Jun 11th 08:00:23.515 UTC 3 7 1 124 122 329.9289 537.0754 0 186.4533 8.708923 0 0 15 0 0 0 NaN
Jun 11th 07:59:24.500 UTC 2 15 39 157 150 507.0675 651.6077 0 243.4593 71.0175 0 0 14 0 0 10.13 0.5331579
Jun 11th 07:59:23.536 UTC 3 8 0 122 120 325.0294 531.51 0 182.4082 8.75677 0 0 15 0 0 0 NaN
Jun 11th 07:58:24.496 UTC 2 15 40 155 148 496.245 643.4799 0 244.7106 71.39555 0 0 14 0 0 8.780001 0.5164706
Jun 11th 07:58:23.526 UTC 3 7 0 122 118 325.0294 521.6526 0 182.4082 8.792376 0 0 15 0 0 0 NaN
Jun 11th 07:57:24.496 UTC 2 15 39 150 147 482.3217 641.3099 0 245.4687 71.77633 0 0 14 0 0 7.240001 0.4826667
Jun 11th 07:57:23.525 UTC 3 9 0 121 115 323.2294 506.8905 0 183.2262 8.858474 0 0 15 0 0 0 NaN
Jun 11th 07:56:24.490 UTC 2 15 40 150 142 482.3217 617.9637 0 245.4687 71.98239 0 0 14 0 0 6.840001 0.4885715
Jun 11th 07:56:23.536 UTC 3 10 0 119 113 313.9594 502.1868 0 184.1966 8.85251 0 0 15 0 0 0 NaN
Jun 11th 07:55:24.500 UTC 2 15 40 148 139 475.8867 601.8997 0 246.3493 73.19529 0 0 14 0 0 5.440001 0.4533334
Jun 11th 07:55:23.536 UTC 3 11 1 119 111 313.9594 491.5061 0 184.1966 8.870262 0 0 15 0 0 0 NaN
Jun 11th 07:54:24.498 UTC 2 14 40 147 139 471.9042 601.8997 0 246.7474 73.62965 0 0 14 0 0 4.72 0.4290909
Jun 11th 07:54:23.526 UTC 3 11 0 115 109 307.5645 478.5215 0 186.0542 8.933058 0 0 15 0 0 0 NaN
Jun 11th 07:53:24.489 UTC 2 15 40 145 135 466.8192 589.3776 0 245.2547 74.47503 0 0 14 0 0 2.62 0.4366667
Jun 11th 07:53:23.525 UTC 3 13 0 114 106 305.9294 467.3653 0 184.9202 8.98627 0 0 15 0 0 0 NaN
Jun 11th 07:52:24.488 UTC 2 15 38 141 134 457.5792 583.9846 0 247.2061 74.35265 0 0 14 0 0 2.62 0.4366667
Jun 11th 07:52:22.638 UTC 3 12 0 111 105 297.1569 465.3357 0 184.0863 9.118925 0 0 14 0 0 0 NaN
Jun 11th 07:51:24.499 UTC 2 15 40 137 131 444.698 572.321 0 244.0301 75.15292 0 0 14 0 0 1.38 0.46
Jun 11th 07:51:22.650 UTC 3 12 0 110 104 293.1744 462.7956 0 183.5548 9.165545 0 0 14 0 0 0 NaN
Jun 11th 07:50:24.487 UTC 2 15 38 136 129 440.1755 561.7233 0 244.0774 75.88137 0 0 14 0 0 1.38 0.46
Jun 11th 07:50:22.651 UTC 3 13 0 107 102 290.2744 449.9194 0 183.461 9.169471 0 0 14 0 0 0 NaN
Jun 11th 07:49:24.499 UTC 2 12 37 133 128 430.5365 554.7667 0 241.6071 75.94312 0 0 14 0 0 1.38 0.46
Jun 11th 07:49:22.639 UTC 3 12 0 105 102 280.1044 449.9194 0 183.2846 9.199768 0 0 14 0 0 0 NaN
Jun 11th 07:48:23.457 UTC 2 15 35 132 124 425.339 535.6041 0 241.8088 76.3548 0 0 13 0 0 1.38 0.46
Jun 11th 07:48:22.641 UTC 3 15 4 104 94 277.0894 416.6424 0 182.8467 7.32073 0 0 14 0 0 0 NaN
Jun 11th 07:47:23.456 UTC 2 13 37 130 122 415.2815 525.4882 0 242.1638 73.01094 0 0 13 0 0 1.38 0.46
Jun 11th 07:47:22.651 UTC 3 15 1 102 93 265.0844 411.3643 0 184.1766 7.224228 0 0 14 0 0 0 NaN
Jun 11th 07:46:22.651 UTC 3 14 0 100 91 262.5145 400.122 0 185.8512 7.28097 0 0 14 0 0 0 NaN
Jun 11th 07:46:21.292 UTC 2 15 40 127 118 402.929 506.0576 0 243.9195 69.60928 0 0 11 0 0 1.38 0.46
Jun 11th 07:45:22.651 UTC 3 12 0 98 91 258.7119 400.122 0 186.378 7.316836 0 0 14 0 0 0 NaN
Jun 11th 07:45:21.282 UTC 2 14 39 126 118 396.719 506.0576 0 243.765 70.09346 0 0 11 0 0 0.18 0.18
Jun 11th 07:44:22.650 UTC 3 9 1 96 91 245.1445 400.122 0 183.9727 7.348529 0 0 14 0 0 0 NaN
Jun 11th 07:44:21.282 UTC 2 14 39 123 115 385.8739 495.4183 0 244.7725 70.87749 0 0 11 0 0 0.18 0.18
Jun 11th 07:43:22.641 UTC 3 11 1 94 88 239.7357 387.8234 0 182.6779 7.383097 0 0 14 0 0 0 NaN
Jun 11th 07:43:21.292 UTC 2 15 39 121 111 381.8389 469.95 0 244.3459 71.77025 0 0 11 0 0 0 NaN
Jun 11th 07:42:22.642 UTC 3 12 0 91 86 228.3907 377.8192 0 181.9471 7.40806 0 0 14 0 0 0 NaN
Jun 11th 07:42:21.293 UTC 2 15 36 118 110 369.9792 468.6959 0 242.6266 72.2588 0 0 11 0 0 0 NaN
Jun 11th 07:41:22.651 UTC 3 15 1 89 82 224.0982 359.2469 0 181.6128 7.104081 0 0 14 0 0 0 NaN
Jun 11th 07:41:21.283 UTC 2 14 33 115 109 360.6567 466.8131 0 244.4903 73.17042 0 0 11 0 0 0 NaN
Jun 11th 07:40:22.650 UTC 3 14 0 88 80 218.1245 347.2452 0 182.0396 7.025205 0 0 14 0 0 0 NaN
Jun 11th 07:40:20.304 UTC 2 15 33 113 107 351.8929 456.2729 0 246.3075 73.76447 0 0 10 0 0 0 NaN
Jun 11th 07:39:22.649 UTC 3 13 1 87 79 215.8145 338.8462 0 182.9347 7.028829 0 0 14 0 0 0 NaN
Jun 11th 07:39:19.353 UTC 2 15 35 111 102 339.068 433.5234 0 244.1297 75.80914 0 0 9 0 0 0 NaN
Jun 11th 07:38:21.652 UTC 3 12 1 83 78 210.5595 331.9119 0 180.9488 7.054776 0 0 13 0 0 0 NaN
Jun 11th 07:38:19.354 UTC 2 14 35 108 101 333.1404 428.6505 0 244.5487 74.58475 0 0 9 0 0 0 NaN
Jun 11th 07:37:21.660 UTC 3 12 0 82 76 206.577 323.082 0 180.8292 7.078762 0 0 13 0 0 0 NaN
Jun 11th 07:37:18.263 UTC 2 15 34 108 99 333.1404 419.208 0 244.5487 75.18901 0 0 8 0 0 0 NaN
Jun 11th 07:36:21.659 UTC 3 11 1 81 75 205.677 317.9316 0 179.7663 7.18598 0 0 13 0 0 0 NaN
Jun 11th 07:36:18.263 UTC 2 15 33 105 96 319.7717 407.6306 0 244.7511 75.76925 0 0 8 0 0 0 NaN
Jun 11th 07:35:20.697 UTC 3 11 1 81 74 205.677 313.1226 0 179.7663 7.188467 0 0 12 0 0 0 NaN
Jun 11th 07:35:18.253 UTC 2 15 30 102 95 311.9967 402.9205 0 231.2551 75.66077 0 0 8 0 0 0 NaN
Jun 11th 07:34:19.762 UTC 3 11 1 78 72 199.6395 306.1212 0 177.6609 7.323561 0 0 11 0 0 0 NaN
Jun 11th 07:34:18.252 UTC 2 15 31 98 92 306.1257 386.1863 0 215.6551 75.5372 0 0 8 0 0 0 NaN
Jun 11th 07:33:18.252 UTC 2 15 30 98 90 306.1257 379.1595 0 215.6551 75.6863 0 0 8 0 0 0 NaN
Jun 11th 07:33:18.055 UTC 3 11 0 76 72 193.3545 306.1212 0 174.1932 7.323561 0 0 9 0 0 0 NaN
Jun 11th 07:32:18.057 UTC 3 12 0 73 69 182.892 285.6725 0 174.1885 7.379544 0 0 9 0 0 0 NaN
Jun 11th 07:32:17.123 UTC 2 15 30 97 88 298.4982 371.1976 0 215.9233 76.78294 0 0 7 0 0 0 NaN
Jun 11th 07:31:18.056 UTC 3 13 1 72 66 180.867 271.271 0 174.3158 7.351002 0 0 9 0 0 0 NaN
Jun 11th 07:31:17.123 UTC 2 14 28 92 86 283.1194 361.8381 0 217.0725 66.41531 0 0 7 0 0 0 NaN
Jun 11th 07:30:18.057 UTC 3 14 0 72 64 180.867 265.5716 0 174.3158 7.400433 0 0 9 0 0 0 NaN
Jun 11th 07:30:17.133 UTC 2 15 29 90 81 277.0827 344.7432 0 215.3117 48.01651 0 0 7 0 0 0 NaN
Jun 11th 07:29:18.056 UTC 3 11 0 71 64 174.8932 265.5716 0 175.1752 7.355933 0 0 9 0 0 0 NaN
Jun 11th 07:29:17.123 UTC 2 15 27 88 80 267.3627 340.1416 0 215.5186 48.43022 0 0 7 0 0 0 NaN
Jun 11th 07:28:18.056 UTC 3 10 0 67 63 164.777 263.7878 0 174.9138 7.501918 0 0 9 0 0 0 NaN
Jun 11th 07:28:17.121 UTC 2 14 27 85 78 258.0251 332.3202 0 215.6752 49.64933 0 0 7 0 0 0 NaN
Jun 11th 07:27:18.066 UTC 3 9 0 66 62 163.687 259.2149 0 175.8363 7.487385 0 0 9 0 0 0 NaN
Jun 11th 07:27:17.114 UTC 2 15 28 83 72 249.0627 299.9495 0 214.2413 45.63501 0 0 7 0 0 0 NaN
Jun 11th 07:26:18.064 UTC 3 9 1 65 59 161.032 246.9482 0 177.3073 7.618913 0 0 9 0 0 0 NaN
Jun 11th 07:26:17.132 UTC 2 15 25 80 72 238.7352 299.9495 0 204.2687 45.63501 0 0 7 0 0 0 NaN
Jun 11th 07:25:18.063 UTC 3 8 0 64 58 160.232 245.1325 0 174.8391 7.682619 0 0 9 0 0 0 NaN
Jun 11th 07:25:17.121 UTC 2 15 25 79 69 236.0352 295.0032 0 203.6922 45.37051 0 0 7 0 0 0 NaN
Jun 11th 07:24:18.053 UTC 3 8 0 62 57 157.057 242.5604 0 175.6378 7.762074 0 0 9 0 0 0 NaN
Jun 11th 07:24:17.121 UTC 2 15 21 76 69 227.4977 295.0032 0 202.8986 45.37051 0 0 7 0 0 0 NaN
Jun 11th 07:23:18.064 UTC 3 9 0 60 56 149.272 241.1084 0 177.4568 7.762074 0 0 9 0 0 0 NaN
Jun 11th 07:23:17.131 UTC 2 15 19 70 65 205.8227 280.2474 0 200.4894 46.29173 0 0 7 0 0 0 NaN
Jun 11th 07:22:18.064 UTC 3 11 0 58 52 141.877 220.5927 0 177.9964 7.818104 0 0 9 0 0 0 NaN
Jun 11th 07:22:17.132 UTC 2 15 20 67 61 196.7602 261.356 0 202.1579 36.79713 0 0 7 0 0 0 NaN
Jun 11th 07:21:18.053 UTC 3 10 1 57 51 140.787 217.4207 0 180.0246 7.938371 0 0 9 0 0 0 NaN
Jun 11th 07:21:15.977 UTC 2 15 19 67 59 196.7602 249.7244 0 202.1579 37.67837 0 0 6 0 0 0 NaN
Jun 11th 07:20:18.065 UTC 3 10 0 54 48 134.745 206.0827 0 178.367 8.0039 0 0 9 0 0 0 NaN
Jun 11th 07:20:15.976 UTC 2 13 22 66 56 194.0602 237.4354 0 202.5824 32.32937 0 0 6 0 0 0 NaN
Jun 11th 07:19:18.065 UTC 3 10 1 53 46 127.1175 194.6393 0 179.2789 8.070543 0 0 9 0 0 0 NaN
Jun 11th 07:19:14.987 UTC 2 15 20 63 53 185.5087 225.6793 0 196.49 31.26547 0 0 5 0 0 0 NaN
Jun 11th 07:18:16.997 UTC 3 12 0 50 44 116.4187 187.0061 0 179.7766 8.070543 0 0 8 0 0 0 NaN
Jun 11th 07:18:14.983 UTC 2 15 18 61 51 176.0025 215.5954 0 197.5664 30.22146 0 0 5 0 0 0 NaN
Jun 11th 07:17:16.997 UTC 3 11 0 48 42 111.9562 175.4543 0 181.4781 8.267615 0 0 8 0 0 0 NaN
Jun 11th 07:17:14.991 UTC 2 15 16 56 51 165.245 215.5954 0 196.3349 30.22146 0 0 5 0 0 0 NaN
Jun 11th 07:16:17.004 UTC 3 14 1 47 37 109.3012 148.9872 0 180.6437 7.706332 0 0 8 0 0 0 NaN
Jun 11th 07:16:14.987 UTC 2 15 14 53 48 156.9775 204.6179 0 192.514 30.51564 0 0 5 0 0 0 NaN
Jun 11th 07:15:17.010 UTC 3 15 2 46 34 107.2762 142.5379 0 177.2034 5.380204 0 0 8 0 0 0 NaN
Jun 11th 07:15:14.986 UTC 2 14 13 52 46 154.2775 194.001 0 190.1133 26.50619 0 0 5 0 0 0 NaN
Jun 11th 07:14:16.200 UTC 3 15 2 43 33 97.81374 137.1576 0 182.2613 5.100347 0 0 7 0 0 0 NaN
Jun 11th 07:14:14.998 UTC 2 15 13 50 42 144.8387 177.8859 0 192.5337 25.12724 0 0 5 0 0 0 NaN
Jun 11th 07:13:16.199 UTC 3 13 0 37 33 84.84126 137.1576 0 177.8446 5.049473 0 0 7 0 0 0 NaN
Jun 11th 07:13:14.987 UTC 2 15 14 49 39 142.0787 162.192 0 190.9898 23.18805 0 0 5 0 0 0 NaN
Jun 11th 07:12:16.199 UTC 3 12 0 36 32 82.53126 128.0917 0 176.7093 5.038774 0 0 7 0 0 0 NaN
Jun 11th 07:12:14.987 UTC 2 14 13 48 37 138.6137 153.7291 0 192.0589 23.27386 0 0 5 0 0 0 NaN
Jun 11th 07:11:16.210 UTC 3 13 0 35 29 79.06626 109.9438 0 174.2592 5.027062 0 0 7 0 0 0 NaN
Jun 11th 07:11:14.977 UTC 2 15 12 42 34 113.2 139.8796 0 183.3934 21.74558 0 0 5 0 0 0 NaN
Jun 11th 07:10:16.200 UTC 3 12 1 32 28 69.63126 107.1452 0 170.5335 5.138385 0 0 7 0 0 0 NaN
Jun 11th 07:10:14.988 UTC 2 15 8 41 34 110.89 139.8796 0 184.8897 21.74558 0 0 5 0 0 0 NaN
Jun 11th 07:09:16.200 UTC 3 11 1 32 25 69.63126 95.92838 0 170.5335 4.871775 0 0 7 0 0 0 NaN
Jun 11th 07:09:14.986 UTC 2 15 7 37 33 92.78874 131.4008 0 177.1158 21.9546 0 0 5 0 0 0 NaN
Jun 11th 07:08:16.209 UTC 3 13 0 30 23 65.1525 82.91183 0 175.4076 4.871775 0 0 7 0 0 0 NaN
Jun 11th 07:08:14.979 UTC 2 15 8 36 28 90.30874 108.1695 0 175.3265 22.37922 0 0 5 0 0 0 NaN
Jun 11th 07:07:14.998 UTC 2 15 9 34 25 84.15874 93.77437 0 172.6486 13.87987 0 0 5 0 0 0 NaN
Jun 11th 07:07:14.333 UTC 3 11 1 30 22 65.1525 77.86986 0 175.4076 4.606386 0 0 5 0 0 0 NaN
Jun 11th 07:06:14.990 UTC 2 15 10 33 22 77.94875 82.37248 0 176.8121 12.13743 0 0 5 0 0 0 NaN
Jun 11th 07:06:14.323 UTC 3 9 0 27 22 63.4125 77.86986 0 165.144 4.555136 0 0 5 0 0 0 NaN
Jun 11th 07:05:14.979 UTC 2 15 4 30 22 71.15 82.37248 0 174.5943 12.13743 0 0 5 0 0 0 NaN
Jun 11th 07:05:14.322 UTC 3 13 1 24 17 53.77875 54.34492 0 154.4636 4.376192 0 0 5 0 0 0 NaN
Jun 11th 07:04:14.999 UTC 2 13 5 28 20 61.47501 71.26101 0 174.684 11.61204 0 0 5 0 0 0 NaN
Jun 11th 07:04:14.332 UTC 3 13 0 23 16 51.12375 51.44737 0 157.6132 4.391705 0 0 5 0 0 0 NaN
Jun 11th 07:03:14.333 UTC 3 14 0 21 14 44.58625 40.70288 0 160.3263 4.510684 0 0 5 0 0 0 NaN
Jun 11th 07:03:13.846 UTC 2 15 2 23 17 52.265 59.5432 0 159.9866 10.95238 0 0 4 0 0 0 NaN
Jun 11th 07:02:13.844 UTC 2 14 4 22 14 51.175 44.98531 0 163.654 5.807508 0 0 4 0 0 0 NaN
Jun 11th 07:02:12.590 UTC 3 14 0 20 12 42.27625 34.94608 0 150.469 4.718116 0 0 4 0 0 0 NaN
Jun 11th 07:01:13.834 UTC 2 15 0 20 13 44.11125 43.31314 0 156.1548 5.807508 0 0 4 0 0 0 NaN
Jun 11th 07:01:12.591 UTC 3 15 0 15 9 28.59625 23.09425 0 149.0618 4.540578 0 0 4 0 0 0 NaN
Jun 11th 07:00:13.843 UTC 2 15 0 16 10 36.47625 24.46004 0 156.6113 5.500468 0 0 4 0 0 0 NaN
Jun 11th 07:00:12.590 UTC 3 15 0 15 7 28.59625 16.4216 0 149.0618 4.60207 0 0 4 0 0 0 NaN
Jun 11th 06:59:13.844 UTC 2 15 0 15 8 34.45125 19.76908 0 150.1041 5.700675 0 0 4 0 0 0 NaN
Jun 11th 06:59:12.598 UTC 3 12 0 12 6 21.5125 14.39522 0 135.1096 4.667094 0 0 4 0 0 0 NaN
Jun 11th 06:58:13.832 UTC 2 14 0 12 6 26.09125 13.40277 0 145.3058 5.251153 0 0 4 0 0 0 NaN
Jun 11th 06:58:12.588 UTC 3 11 0 9 5 17.5525 12.50925 0 125.2899 4.524658 0 0 4 0 0 0 NaN
Jun 11th 06:57:13.845 UTC 2 11 1 12 6 26.09125 13.40277 0 145.3058 5.348519 0 0 4 0 0 0 NaN
Jun 11th 06:57:11.761 UTC 3 13 0 6 1 12.9175 1.879586 0 128.9775 4.467771 0 0 3 0 0 0 NaN
Jun 11th 06:56:13.845 UTC 2 11 0 8 4 17.32375 7.275805 0 130.9381 5.897991 0 0 4 0 0 0 NaN
Jun 11th 06:56:11.760 UTC 3 10 1 4 0 9.125 0 0 116.1499 4.259018 0 0 3 0 0 0 NaN
Jun 11th 06:55:13.836 UTC 2 11 1 7 2 15.06375 3.267742 0 106.1379 5.696678 0 0 4 0 0 0 NaN
Jun 11th 06:55:11.752 UTC 3 7 0 2 0 5.18 0 0 116.8447 4.590951 0 0 3 0 0 0 NaN
Jun 11th 06:54:12.631 UTC 2 9 0 4 2 8.85875 3.267742 0 104.17 6.331827 0 0 3 0 0 0 NaN
Jun 11th 06:54:10.802 UTC 3 6 0 0 0 0 0 0 NaN 4.235107 0 0 2 0 0 0 NaN
Jun 11th 06:53:12.619 UTC 2 8 0 2 1 5.70375 1.375392 0 66.34331 6.586595 0 0 3 0 0 0 NaN
Jun 11th 06:53:10.802 UTC 3 2 1 0 0 0 0 0 NaN 8.248878 0 0 2 0 0 0 NaN
Jun 11th 06:52:12.618 UTC 2 6 0 2 0 5.70375 0 0 66.34331 9.032241 0 0 3 0 0 0 NaN
Jun 11th 06:52:10.791 UTC 3 0 0 0 0 0 0 0 NaN NaN 0 0 2 0 0 0 NaN
Jun 11th 06:51:10.455 UTC 2 3 0 0 0 0 0 0 NaN 10.03518 0 0 1 0 0 0 NaN
Jun 11th 06:51:10.044 UTC 3 0 1 0 0 0 0 0 NaN NaN 0 0 1 0 0 0 NaN
Jun 11th 06:50:09.251 UTC 3 0 0 0 0 0 0 0 NaN NaN 0 0 0 0 0 0 NaN
Jun 11th 06:50:09.226 UTC 2 0 0 0 0 0 0 0 NaN NaN 0 0 0 0 0 0 NaN