dt1 dt2 dt3 dt4 controller drones queue deliveries fullTrips revenue costs penalties avgDelTime avgWaitTime fDel fRet fLaunch collisions unknown potentialLost avgPotentialLost
Jun 11th 08:29:46.570 UTC 3 13 0 618 613 1623.86 2712.532 0 193.6813 15.57112 0 0 87 0 0 0 NaN
Jun 11th 08:29:29.153 UTC 2 14 40 873 867 2075.034 3759.306 0 956.715 787.0921 0 0 55 0 0 830.0861 2.794903
Jun 11th 08:28:46.570 UTC 3 13 2 617 609 1620.54 2694.621 0 193.6341 15.52397 0 0 87 0 0 0 NaN
Jun 11th 08:28:29.142 UTC 2 14 40 870 864 2070.023 3746.592 0 956.2516 786.8456 0 0 55 0 0 830.0861 2.794903
Jun 11th 08:27:45.516 UTC 3 15 2 614 606 1610.07 2678.914 0 193.325 15.46509 0 0 86 0 0 0 NaN
Jun 11th 08:27:29.140 UTC 2 15 39 868 862 2063.555 3737.105 0 956.1531 786.7556 0 0 55 0 0 829.2861 2.801642
Jun 11th 08:26:45.506 UTC 3 15 2 614 603 1610.07 2661.695 0 193.325 15.31962 0 0 86 0 0 0 NaN
Jun 11th 08:26:29.149 UTC 2 13 40 867 860 2062.617 3730.107 0 955.8713 786.3804 0 0 55 0 0 829.2861 2.801642
Jun 11th 08:25:45.506 UTC 3 15 1 611 602 1605.56 2655.427 0 192.9208 15.25356 0 0 86 0 0 0 NaN
Jun 11th 08:25:29.142 UTC 2 14 40 866 856 2058.725 3711.598 0 955.6222 786.0707 0 0 55 0 0 827.7461 2.805919
Jun 11th 08:24:45.507 UTC 3 15 2 607 600 1593.136 2643.923 0 189.396 15.01181 0 0 86 0 0 0 NaN
Jun 11th 08:24:29.141 UTC 2 15 40 860 853 2046.076 3696.788 0 954.4951 785.7913 0 0 55 0 0 821.6486 2.804261
Jun 11th 08:23:45.496 UTC 3 15 3 605 599 1581.583 2640.123 0 189.2116 14.88788 0 0 86 0 0 0 NaN
Jun 11th 08:23:29.152 UTC 2 15 40 859 851 2044.876 3685.9 0 954.4562 785.3939 0 0 55 0 0 818.106 2.811361
Jun 11th 08:22:45.516 UTC 3 15 4 605 596 1581.583 2629.452 0 189.2116 14.4254 0 0 86 0 0 0 NaN
Jun 11th 08:22:29.150 UTC 2 14 38 858 851 2044.456 3685.9 0 954.244 785.2488 0 0 55 0 0 811.5323 2.80807
Jun 11th 08:21:45.516 UTC 3 14 4 603 595 1578.997 2624.349 0 188.6897 14.13258 0 0 86 0 0 0 NaN
Jun 11th 08:21:29.156 UTC 2 15 39 855 847 2037.183 3667.708 0 953.559 784.7663 0 0 55 0 0 810.9323 2.815737
Jun 11th 08:20:45.528 UTC 3 15 3 600 593 1575.997 2612.532 0 187.8915 14.06526 0 0 86 0 0 0 NaN
Jun 11th 08:20:29.142 UTC 2 15 40 855 844 2037.183 3655.141 0 953.559 784.1187 0 0 55 0 0 798.7485 2.792827
Jun 11th 08:19:45.507 UTC 3 14 1 596 593 1561.693 2612.532 0 187.1614 14.07841 0 0 86 0 0 0 NaN
Jun 11th 08:19:29.144 UTC 2 15 39 850 843 2025.155 3653.042 0 952.1716 783.9511 0 0 55 0 0 798.7485 2.792827
Jun 11th 08:18:45.507 UTC 3 12 1 596 592 1561.693 2605.933 0 187.1614 14.09495 0 0 86 0 0 0 NaN
Jun 11th 08:18:29.132 UTC 2 15 38 847 842 2016.718 3648.615 0 951.3447 783.8287 0 0 55 0 0 798.7485 2.792827
Jun 11th 08:17:44.519 UTC 3 15 4 594 585 1555.36 2572.13 0 186.6827 13.32094 0 0 85 0 0 0 NaN
Jun 11th 08:17:29.153 UTC 2 15 38 844 839 2009.419 3635.034 0 950.5695 783.1868 0 0 55 0 0 795.3885 2.800664
Jun 11th 08:16:44.528 UTC 3 15 5 593 583 1554.76 2559.241 0 186.5941 12.6183 0 0 85 0 0 0 NaN
Jun 11th 08:16:29.145 UTC 2 15 37 843 836 2008.002 3623.699 0 950.1372 782.5358 0 0 55 0 0 795.3885 2.800664
Jun 11th 08:15:44.518 UTC 3 15 7 592 580 1552.28 2548.717 0 186.5054 11.76718 0 0 85 0 0 0 NaN
Jun 11th 08:15:29.136 UTC 2 14 37 841 833 2004.395 3612.428 0 949.6052 781.4953 0 0 55 0 0 795.3885 2.800664
Jun 11th 08:14:44.518 UTC 3 14 7 589 580 1547.29 2548.717 0 186.1731 11.57749 0 0 85 0 0 0 NaN
Jun 11th 08:14:27.829 UTC 2 15 38 838 828 1996.275 3586.755 0 948.5745 780.2006 0 0 54 0 0 795.3885 2.800664
Jun 11th 08:13:44.518 UTC 3 15 6 586 578 1542.58 2538.425 0 185.6263 11.34843 0 0 85 0 0 0 NaN
Jun 11th 08:13:27.829 UTC 2 15 35 835 828 1992.677 3586.755 0 947.951 780.2006 0 0 54 0 0 795.3885 2.800664
Jun 11th 08:12:44.530 UTC 3 15 3 582 577 1527.182 2531.223 0 185.454 11.27027 0 0 85 0 0 0 NaN
Jun 11th 08:12:27.816 UTC 2 14 37 833 825 1986.856 3577.054 0 947.2468 778.9185 0 0 54 0 0 795.3885 2.800664
Jun 11th 08:11:43.744 UTC 3 15 3 581 575 1524.167 2521.031 0 185.2276 11.06395 0 0 84 0 0 0 NaN
Jun 11th 08:11:27.828 UTC 2 15 37 833 821 1986.856 3565.787 0 947.2468 777.9032 0 0 54 0 0 795.3885 2.800664
Jun 11th 08:10:43.744 UTC 3 14 2 579 575 1519.443 2521.031 0 184.6825 11.03751 0 0 84 0 0 0 NaN
Jun 11th 08:10:27.827 UTC 2 15 35 825 820 1972.559 3560.215 0 944.9247 777.5715 0 0 54 0 0 795.3885 2.800664
Jun 11th 08:09:43.754 UTC 3 13 0 578 573 1517.672 2516.649 0 184.5605 11.04977 0 0 84 0 0 0 NaN
Jun 11th 08:09:27.826 UTC 2 15 40 824 815 1970.7 3531.779 0 944.4757 775.9194 0 0 54 0 0 795.3885 2.800664
Jun 11th 08:08:43.743 UTC 3 12 0 577 571 1516.872 2510.519 0 184.7433 11.09468 0 0 84 0 0 0 NaN
Jun 11th 08:08:27.817 UTC 2 15 40 821 814 1967.584 3525.039 0 943.4359 775.5635 0 0 54 0 0 791.1785 2.815582
Jun 11th 08:07:42.152 UTC 3 14 0 572 569 1496.716 2499.57 0 184.6926 11.09468 0 0 82 0 0 0 NaN
Jun 11th 08:07:27.827 UTC 2 15 38 821 814 1967.584 3525.039 0 943.4359 775.5635 0 0 54 0 0 791.1785 2.815582
Jun 11th 08:06:42.150 UTC 3 15 0 572 566 1496.716 2487.243 0 184.6926 11.12923 0 0 82 0 0 0 NaN
Jun 11th 08:06:27.826 UTC 2 14 38 818 811 1959.248 3512.651 0 942.511 774.4374 0 0 54 0 0 791.1785 2.815582
Jun 11th 08:05:42.150 UTC 3 12 0 571 565 1495.081 2481.372 0 184.7459 11.15408 0 0 82 0 0 0 NaN
Jun 11th 08:05:27.818 UTC 2 15 40 818 807 1959.248 3491.054 0 942.511 773.4151 0 0 54 0 0 791.1785 2.815582
Jun 11th 08:04:40.599 UTC 3 15 1 568 560 1487.903 2460.508 0 185.0706 11.06764 0 0 80 0 0 0 NaN
Jun 11th 08:04:27.826 UTC 2 15 40 814 806 1952.066 3485.511 0 941.5433 773.1307 0 0 54 0 0 786.2635 2.818149
Jun 11th 08:03:40.589 UTC 3 15 0 568 559 1487.903 2459.059 0 185.0706 11.07041 0 0 80 0 0 0 NaN
Jun 11th 08:03:27.827 UTC 2 15 39 813 803 1951.121 3469.108 0 941.2637 772.2563 0 0 54 0 0 786.2635 2.818149
Jun 11th 08:02:40.598 UTC 3 13 0 565 558 1482.218 2455.147 0 185.1925 11.11197 0 0 80 0 0 0 NaN
Jun 11th 08:02:27.817 UTC 2 15 40 810 802 1938.592 3464.36 0 940.8098 771.9581 0 0 54 0 0 777.5897 2.807183
Jun 11th 08:01:39.627 UTC 3 12 0 561 557 1469.495 2451.659 0 185.3853 11.12637 0 0 79 0 0 0 NaN
Jun 11th 08:01:27.827 UTC 2 15 39 808 802 1931.737 3464.36 0 940.468 771.9581 0 0 54 0 0 774.9347 2.807734
Jun 11th 08:00:39.637 UTC 3 10 0 560 556 1467.47 2448.49 0 185.306 11.17717 0 0 79 0 0 0 NaN
Jun 11th 08:00:27.817 UTC 2 14 38 805 801 1928.277 3459.669 0 940.0471 771.6504 0 0 54 0 0 774.9347 2.807734
Jun 11th 07:59:39.638 UTC 3 10 0 559 554 1466.57 2441.307 0 185.3579 11.18832 0 0 79 0 0 0 NaN
Jun 11th 07:59:27.827 UTC 2 15 40 803 795 1923.986 3431.459 0 939.7407 770.9848 0 0 54 0 0 772.4822 2.809026
Jun 11th 07:58:38.883 UTC 3 10 0 557 554 1461.418 2441.307 0 185.0957 11.18832 0 0 78 0 0 0 NaN
Jun 11th 07:58:27.826 UTC 2 15 40 802 794 1921.533 3424.969 0 939.4464 770.8539 0 0 54 0 0 764.4271 2.810394
Jun 11th 07:57:38.894 UTC 3 13 0 556 549 1460.618 2415.146 0 185.1893 11.21283 0 0 78 0 0 0 NaN
Jun 11th 07:57:27.825 UTC 2 15 38 800 792 1915.56 3415.689 0 939.0823 770.6729 0 0 54 0 0 764.4271 2.810394
Jun 11th 07:56:38.884 UTC 3 12 0 553 547 1450.343 2407.019 0 185.5454 11.25092 0 0 78 0 0 0 NaN
Jun 11th 07:56:27.837 UTC 2 15 40 798 788 1911.35 3398.76 0 938.6875 770.2361 0 0 54 0 0 764.4271 2.810394
Jun 11th 07:55:38.904 UTC 3 11 1 552 545 1449.143 2398.326 0 185.7407 11.293 0 0 78 0 0 0 NaN
Jun 11th 07:55:27.826 UTC 2 14 40 793 788 1901.645 3398.76 0 937.783 770.0234 0 0 54 0 0 756.6421 2.802378
Jun 11th 07:54:38.893 UTC 3 12 0 552 543 1449.143 2389.187 0 185.7407 11.30111 0 0 78 0 0 0 NaN
Jun 11th 07:54:27.832 UTC 2 13 38 792 787 1899.05 3391.704 0 937.6331 769.665 0 0 54 0 0 756.6421 2.802378
Jun 11th 07:53:38.894 UTC 3 14 0 548 540 1441.77 2372.184 0 185.465 11.32014 0 0 78 0 0 0 NaN
Jun 11th 07:53:26.805 UTC 2 15 39 791 781 1893.076 3360.278 0 937.4739 768.8989 0 0 53 0 0 756.6421 2.802378
Jun 11th 07:52:38.058 UTC 3 14 1 545 537 1433.985 2354.978 0 185.3126 11.16585 0 0 77 0 0 0 NaN
Jun 11th 07:52:26.795 UTC 2 15 39 790 779 1891.788 3354.231 0 937.2534 768.4456 0 0 53 0 0 752.6146 2.797824
Jun 11th 07:51:38.059 UTC 3 15 1 545 536 1433.985 2347.22 0 185.3126 11.16585 0 0 77 0 0 0 NaN
Jun 11th 07:51:26.794 UTC 2 15 40 786 777 1883.237 3344.756 0 936.6572 768.0807 0 0 53 0 0 738.5408 2.786947
Jun 11th 07:50:38.049 UTC 3 14 0 540 535 1421.243 2345.188 0 185.2528 11.17744 0 0 77 0 0 0 NaN
Jun 11th 07:50:26.805 UTC 2 15 37 782 777 1867.565 3344.756 0 936.063 768.0807 0 0 53 0 0 738.5408 2.786947
Jun 11th 07:49:37.069 UTC 3 13 1 540 534 1421.243 2340.082 0 185.2528 11.20553 0 0 76 0 0 0 NaN
Jun 11th 07:49:26.807 UTC 2 15 37 780 775 1864.235 3339.74 0 935.6973 767.9584 0 0 53 0 0 738.5408 2.786947
Jun 11th 07:48:37.068 UTC 3 10 1 538 533 1413.919 2337.561 0 185.3411 11.23105 0 0 76 0 0 0 NaN
Jun 11th 07:48:26.797 UTC 2 15 38 778 772 1856.167 3326.934 0 934.8702 767.7059 0 0 53 0 0 738.5408 2.786947
Jun 11th 07:47:37.069 UTC 3 9 0 537 533 1412.284 2337.561 0 185.0532 11.2444 0 0 76 0 0 0 NaN
Jun 11th 07:47:26.790 UTC 2 15 39 777 767 1853.512 3312.443 0 934.8084 766.8878 0 0 53 0 0 738.5408 2.786947
Jun 11th 07:46:37.077 UTC 3 6 0 534 533 1402.256 2337.561 0 184.6584 11.26248 0 0 76 0 0 0 NaN
Jun 11th 07:46:26.805 UTC 2 15 39 774 765 1839.365 3303.585 0 934.0942 766.4675 0 0 53 0 0 734.5583 2.782418
Jun 11th 07:45:37.077 UTC 3 8 0 533 531 1398.274 2334.226 0 184.6275 11.26248 0 0 76 0 0 0 NaN
Jun 11th 07:45:26.797 UTC 2 15 36 768 763 1824.596 3291.484 0 932.4721 766.1516 0 0 53 0 0 734.5583 2.782418
Jun 11th 07:44:36.149 UTC 3 8 0 531 529 1394.449 2323.887 0 185.0473 11.28743 0 0 75 0 0 0 NaN
Jun 11th 07:44:25.786 UTC 2 13 37 767 762 1821.896 3286.184 0 932.0984 765.554 0 0 52 0 0 734.5583 2.782418
Jun 11th 07:43:36.159 UTC 3 9 1 531 526 1394.449 2315.533 0 185.0473 11.30485 0 0 75 0 0 0 NaN
Jun 11th 07:43:24.701 UTC 2 14 40 766 756 1820.556 3261.781 0 931.7556 763.7079 0 0 51 0 0 734.5583 2.782418
Jun 11th 07:42:35.515 UTC 3 10 1 531 524 1394.449 2309.447 0 185.0473 11.32382 0 0 74 0 0 0 NaN
Jun 11th 07:42:24.702 UTC 2 15 40 765 753 1819.656 3249.677 0 931.5444 762.8754 0 0 51 0 0 727.0884 2.764595
Jun 11th 07:41:34.731 UTC 3 9 1 528 522 1386.734 2302.006 0 185.4684 11.35229 0 0 73 0 0 0 NaN
Jun 11th 07:41:24.694 UTC 2 15 40 764 751 1815.674 3242.867 0 931.0302 762.0986 0 0 51 0 0 727.0884 2.764595
Jun 11th 07:40:34.731 UTC 3 7 0 526 522 1380.954 2302.006 0 185.5918 11.37524 0 0 73 0 0 0 NaN
Jun 11th 07:40:24.703 UTC 2 15 40 757 751 1796.458 3242.867 0 928.6298 762.0986 0 0 51 0 0 719.7571 2.768296
Jun 11th 07:39:34.740 UTC 3 7 0 524 520 1377.901 2290.361 0 185.7318 11.39276 0 0 73 0 0 0 NaN
Jun 11th 07:39:24.702 UTC 2 15 39 754 750 1790.02 3237.694 0 927.4121 761.8702 0 0 51 0 0 712.457 2.761461
Jun 11th 07:38:34.739 UTC 3 7 0 522 520 1369.272 2290.361 0 185.7173 11.39276 0 0 73 0 0 0 NaN
Jun 11th 07:38:24.693 UTC 2 14 39 751 747 1784.217 3220.041 0 926.1477 760.7992 0 0 51 0 0 710.642 2.765144
Jun 11th 07:37:34.067 UTC 3 9 1 522 516 1369.272 2272.581 0 185.7173 11.40786 0 0 72 0 0 0 NaN
Jun 11th 07:37:24.695 UTC 2 14 39 751 744 1784.217 3209.351 0 926.1477 759.6631 0 0 51 0 0 710.642 2.765144
Jun 11th 07:36:34.078 UTC 3 10 0 521 514 1366.617 2265.643 0 185.8016 11.42368 0 0 72 0 0 0 NaN
Jun 11th 07:36:24.703 UTC 2 15 38 751 741 1784.217 3197.17 0 926.1477 758.8649 0 0 51 0 0 709.552 2.771688
Jun 11th 07:35:34.079 UTC 3 11 0 520 511 1364.592 2247.288 0 186.0161 11.44216 0 0 72 0 0 0 NaN
Jun 11th 07:35:24.694 UTC 2 15 39 747 737 1773.704 3181.062 0 924.6245 757.2718 0 0 51 0 0 698.347 2.738616
Jun 11th 07:34:33.129 UTC 3 10 1 516 510 1355.994 2241.528 0 185.7519 11.47234 0 0 71 0 0 0 NaN
Jun 11th 07:34:24.703 UTC 2 15 40 743 735 1767.88 3171.591 0 922.9946 756.3223 0 0 51 0 0 696.337 2.741484
Jun 11th 07:33:32.343 UTC 3 14 0 514 506 1348.779 2223.188 0 185.6467 11.47234 0 0 70 0 0 0 NaN
Jun 11th 07:33:24.702 UTC 2 14 39 740 734 1757.935 3166.555 0 921.6178 755.4666 0 0 51 0 0 693.447 2.751774
Jun 11th 07:32:30.569 UTC 3 14 3 513 504 1346.754 2211.907 0 185.7296 11.40836 0 0 68 0 0 0 NaN
Jun 11th 07:32:24.701 UTC 2 14 38 738 732 1749.97 3154.85 0 920.7581 754.6359 0 0 51 0 0 692.847 2.760347
Jun 11th 07:31:30.569 UTC 3 15 0 510 503 1335.634 2210.159 0 185.998 11.40836 0 0 68 0 0 0 NaN
Jun 11th 07:31:24.693 UTC 2 15 39 737 729 1744.39 3138.007 0 920.3706 753.7751 0 0 51 0 0 687.762 2.751048
Jun 11th 07:30:30.569 UTC 3 14 1 506 501 1325.454 2206.157 0 185.6815 11.44411 0 0 68 0 0 0 NaN
Jun 11th 07:30:24.703 UTC 2 15 38 735 727 1737.156 3123.443 0 919.6624 752.9326 0 0 51 0 0 687.762 2.751048
Jun 11th 07:29:30.579 UTC 3 13 1 505 498 1322.799 2193.297 0 185.6982 11.4761 0 0 68 0 0 0 NaN
Jun 11th 07:29:24.702 UTC 2 15 39 734 724 1735.146 3113.448 0 919.322 751.6689 0 0 51 0 0 687.762 2.751048
Jun 11th 07:28:29.857 UTC 3 11 1 501 498 1313.019 2193.297 0 186.1066 11.5169 0 0 67 0 0 0 NaN
Jun 11th 07:28:24.691 UTC 2 15 39 731 723 1728.578 3106.655 0 918.4738 751.2743 0 0 51 0 0 687.162 2.759687
Jun 11th 07:27:29.867 UTC 3 11 1 499 495 1307.54 2184.288 0 186.1093 11.54049 0 0 67 0 0 0 NaN
Jun 11th 07:27:24.713 UTC 2 15 39 727 721 1717.04 3100.76 0 917.3159 750.6246 0 0 51 0 0 685.527 2.764222
Jun 11th 07:26:29.856 UTC 3 9 1 498 494 1304.84 2179.119 0 186.3299 11.59018 0 0 67 0 0 0 NaN
Jun 11th 07:26:24.692 UTC 2 15 40 726 718 1716.2 3088.347 0 917.0529 749.8038 0 0 51 0 0 685.527 2.764222
Jun 11th 07:25:28.925 UTC 3 7 1 497 493 1302.185 2174.08 0 186.4214 11.60601 0 0 66 0 0 0 NaN
Jun 11th 07:25:24.702 UTC 2 15 40 724 716 1712.423 3076.734 0 916.6437 749.2592 0 0 51 0 0 685.527 2.764222
Jun 11th 07:24:28.925 UTC 3 8 0 496 492 1298.202 2170.85 0 186.4812 11.60601 0 0 66 0 0 0 NaN
Jun 11th 07:24:24.701 UTC 2 12 39 720 716 1705.4 3076.734 0 915.5344 748.5383 0 0 51 0 0 681.8482 2.760519
Jun 11th 07:23:28.924 UTC 3 9 0 496 489 1298.202 2159.847 0 186.4812 11.6185 0 0 66 0 0 0 NaN
Jun 11th 07:23:24.701 UTC 2 15 39 719 710 1703.541 3051.601 0 915.2985 747.7838 0 0 51 0 0 681.8482 2.760519
Jun 11th 07:22:28.924 UTC 3 8 0 491 489 1283.236 2159.847 0 186.37 11.63998 0 0 66 0 0 0 NaN
Jun 11th 07:22:24.690 UTC 2 15 38 717 708 1698.327 3041.386 0 914.9149 747.3659 0 0 51 0 0 678.7083 2.770238
Jun 11th 07:21:28.075 UTC 3 7 0 490 489 1280.536 2159.847 0 186.5059 11.64912 0 0 65 0 0 0 NaN
Jun 11th 07:21:24.702 UTC 2 15 40 715 706 1693.827 3029.461 0 914.5157 746.886 0 0 51 0 0 671.7408 2.775788
Jun 11th 07:20:28.086 UTC 3 8 0 490 486 1280.536 2141.151 0 186.5059 11.6817 0 0 65 0 0 0 NaN
Jun 11th 07:20:24.703 UTC 2 15 40 712 706 1684.782 3029.461 0 913.8358 746.886 0 0 51 0 0 662.7932 2.773193
Jun 11th 07:19:28.088 UTC 3 7 0 489 485 1278.696 2134.322 0 186.4039 11.7267 0 0 65 0 0 0 NaN
Jun 11th 07:19:24.700 UTC 2 15 39 709 703 1681.506 3011.454 0 913.1028 746.2412 0 0 51 0 0 662.7932 2.773193
Jun 11th 07:18:26.846 UTC 3 7 1 488 484 1276.896 2130.291 0 186.5098 11.74428 0 0 64 0 0 0 NaN
Jun 11th 07:18:24.694 UTC 2 15 38 708 700 1681.086 2997.656 0 912.8068 745.626 0 0 51 0 0 662.7932 2.773193
Jun 11th 07:17:24.697 UTC 2 15 40 706 698 1677.861 2989.726 0 912.2172 745.1765 0 0 51 0 0 654.7682 2.786247
Jun 11th 07:17:24.384 UTC 3 10 1 488 481 1276.896 2109.865 0 186.5098 11.74428 0 0 62 0 0 0 NaN
Jun 11th 07:16:24.703 UTC 2 14 40 704 697 1672.708 2983.474 0 912.0196 744.8834 0 0 51 0 0 654.7682 2.786247
Jun 11th 07:16:24.374 UTC 3 10 0 487 479 1275.816 2102.254 0 186.1385 11.78441 0 0 62 0 0 0 NaN
Jun 11th 07:15:24.704 UTC 2 14 40 702 694 1670.728 2969.49 0 911.6598 744.4244 0 0 51 0 0 647.1782 2.777589
Jun 11th 07:15:24.371 UTC 3 11 0 486 477 1269.978 2094.787 0 186.0543 11.79138 0 0 62 0 0 0 NaN
Jun 11th 07:14:24.701 UTC 2 15 40 701 690 1670.008 2948.168 0 911.4879 743.7247 0 0 51 0 0 641.7631 2.778195
Jun 11th 07:14:23.415 UTC 3 14 1 483 474 1262.064 2074.153 0 185.4239 11.79138 0 0 61 0 0 0 NaN
Jun 11th 07:13:24.690 UTC 2 15 40 698 689 1666.214 2945.918 0 910.9532 743.5398 0 0 51 0 0 634.553 2.783127
Jun 11th 07:13:23.404 UTC 3 15 0 480 472 1257.054 2066.696 0 184.8448 11.79828 0 0 61 0 0 0 NaN
Jun 11th 07:12:24.701 UTC 2 15 39 696 687 1663.612 2936.437 0 910.9116 743.177 0 0 51 0 0 628.6143 2.781479
Jun 11th 07:12:23.404 UTC 3 13 3 478 471 1249.419 2062.375 0 184.6255 11.25509 0 0 61 0 0 0 NaN
Jun 11th 07:11:24.702 UTC 2 15 35 691 686 1650.145 2930.964 0 910.6891 743.069 0 0 51 0 0 628.6143 2.781479
Jun 11th 07:11:23.414 UTC 3 15 3 477 468 1248.619 2050.044 0 184.3787 11.12017 0 0 61 0 0 0 NaN
Jun 11th 07:10:24.701 UTC 2 13 34 689 686 1646.17 2930.964 0 910.7007 742.9753 0 0 51 0 0 628.6143 2.781479
Jun 11th 07:10:23.414 UTC 3 13 3 475 468 1244.614 2050.044 0 184.0019 10.95879 0 0 61 0 0 0 NaN
Jun 11th 07:09:24.692 UTC 2 15 34 688 681 1644.553 2910.324 0 910.418 742.8134 0 0 51 0 0 628.6143 2.781479
Jun 11th 07:09:23.405 UTC 3 15 3 472 463 1241.324 2029.462 0 183.7471 10.20291 0 0 61 0 0 0 NaN
Jun 11th 07:08:24.700 UTC 2 13 32 688 680 1644.553 2908.224 0 910.418 742.8522 0 0 51 0 0 628.6143 2.781479
Jun 11th 07:08:23.404 UTC 3 14 5 469 462 1237.854 2026.251 0 183.4765 9.821901 0 0 61 0 0 0 NaN
Jun 11th 07:07:23.414 UTC 3 14 3 466 461 1227.946 2018.8 0 183.4348 9.763932 0 0 61 0 0 0 NaN
Jun 11th 07:07:22.763 UTC 2 15 34 684 676 1633.464 2896.5 0 909.9044 742.8275 0 0 49 0 0 628.6143 2.781479
Jun 11th 07:06:23.415 UTC 3 14 0 464 460 1224.446 2013.946 0 183.5241 9.766883 0 0 61 0 0 0 NaN
Jun 11th 07:06:22.761 UTC 2 14 36 681 673 1620.855 2881.735 0 909.5898 742.6498 0 0 49 0 0 628.6143 2.781479
Jun 11th 07:05:22.762 UTC 2 15 38 678 670 1615.954 2867.126 0 908.8895 742.2813 0 0 49 0 0 628.6143 2.781479
Jun 11th 07:05:22.597 UTC 3 10 0 463 460 1221.994 2013.946 0 183.5269 9.833686 0 0 60 0 0 0 NaN
Jun 11th 07:04:22.606 UTC 3 9 0 463 458 1221.994 2004.813 0 183.5269 9.868117 0 0 60 0 0 0 NaN
Jun 11th 07:04:21.835 UTC 2 15 37 675 669 1609.674 2866.025 0 908.4238 742.0977 0 0 48 0 0 628.6143 2.781479
Jun 11th 07:03:22.607 UTC 3 10 1 461 455 1214.603 1999.111 0 183.3615 9.888942 0 0 60 0 0 0 NaN
Jun 11th 07:03:21.823 UTC 2 14 37 673 666 1601.61 2856.847 0 908.2894 741.3535 0 0 48 0 0 628.6143 2.781479
Jun 11th 07:02:22.608 UTC 3 11 0 458 452 1209.122 1981.859 0 183.5997 9.897093 0 0 60 0 0 0 NaN
Jun 11th 07:02:21.826 UTC 2 14 39 669 661 1591.942 2837.866 0 907.7682 740.3395 0 0 48 0 0 628.6143 2.781479
Jun 11th 07:01:22.598 UTC 3 13 1 456 449 1205.31 1974.134 0 183.7963 9.902268 0 0 60 0 0 0 NaN
Jun 11th 07:01:21.836 UTC 2 15 40 669 657 1591.942 2820.781 0 907.7682 739.684 0 0 48 0 0 621.6355 2.787603
Jun 11th 07:00:22.607 UTC 3 13 0 454 447 1201.95 1959.282 0 184.036 9.923676 0 0 60 0 0 0 NaN
Jun 11th 07:00:21.826 UTC 2 15 39 664 657 1573.585 2820.781 0 907.3054 739.684 0 0 48 0 0 617.7355 2.795183
Jun 11th 06:59:22.608 UTC 3 12 0 453 445 1199.925 1951.18 0 184.2171 9.946156 0 0 60 0 0 0 NaN
Jun 11th 06:59:21.826 UTC 2 15 38 661 656 1567.454 2818.353 0 906.9108 739.5466 0 0 48 0 0 617.7355 2.795183
Jun 11th 06:58:22.600 UTC 3 13 0 450 442 1192.196 1936.836 0 184.1243 9.963514 0 0 60 0 0 0 NaN
Jun 11th 06:58:21.828 UTC 2 15 39 658 652 1559.535 2799.107 0 906.0728 739.1624 0 0 48 0 0 617.7355 2.795183
Jun 11th 06:57:22.598 UTC 3 12 0 449 441 1191.106 1930.083 0 183.9509 9.981026 0 0 60 0 0 0 NaN
Jun 11th 06:57:21.826 UTC 2 15 38 656 649 1555.88 2792.167 0 905.6425 738.8143 0 0 48 0 0 617.7355 2.795183
Jun 11th 06:56:22.609 UTC 3 12 1 445 440 1179.844 1926.947 0 184.1841 9.993176 0 0 60 0 0 0 NaN
Jun 11th 06:56:21.825 UTC 2 14 36 654 647 1552.648 2780.133 0 905.1894 738.3964 0 0 48 0 0 617.7355 2.795183
Jun 11th 06:55:22.608 UTC 3 12 0 444 438 1178.494 1916.722 0 184.228 10.00199 0 0 60 0 0 0 NaN
Jun 11th 06:55:21.817 UTC 2 15 38 651 641 1546.758 2757.243 0 904.3041 737.146 0 0 48 0 0 617.7355 2.795183
Jun 11th 06:54:22.599 UTC 3 11 1 442 437 1174.684 1914.75 0 183.9183 10.02871 0 0 60 0 0 0 NaN
Jun 11th 06:54:21.827 UTC 2 15 36 648 639 1541.928 2747.775 0 903.5999 736.3885 0 0 48 0 0 617.7355 2.795183
Jun 11th 06:53:22.598 UTC 3 13 0 441 433 1170.701 1887.428 0 184.1429 10.04226 0 0 60 0 0 0 NaN
Jun 11th 06:53:20.817 UTC 2 15 40 647 635 1536.731 2728.034 0 903.2891 734.8932 0 0 47 0 0 605.923 2.766772
Jun 11th 06:52:22.606 UTC 3 12 1 439 430 1164.681 1869.688 0 183.2428 10.08093 0 0 60 0 0 0 NaN
Jun 11th 06:52:20.816 UTC 2 15 40 643 634 1531.901 2721.592 0 902.6698 734.5713 0 0 47 0 0 602.603 2.764234
Jun 11th 06:51:22.610 UTC 3 13 0 436 429 1157.95 1863.316 0 183.1887 10.08093 0 0 60 0 0 0 NaN
Jun 11th 06:51:20.804 UTC 2 15 40 639 633 1525.719 2714.862 0 901.4883 734.3085 0 0 47 0 0 594.973 2.780247
Jun 11th 06:50:22.598 UTC 3 13 0 435 428 1154.23 1857.214 0 183.0591 10.08902 0 0 60 0 0 0 NaN
Jun 11th 06:50:20.806 UTC 2 15 40 638 631 1523.115 2705.713 0 901.0931 733.8502 0 0 47 0 0 593.0829 2.797561
Jun 11th 06:49:22.601 UTC 3 15 0 435 426 1154.23 1844.405 0 183.0591 10.08902 0 0 60 0 0 0 NaN
Jun 11th 06:49:20.811 UTC 2 15 39 637 629 1521.48 2694.47 0 900.8771 733.504 0 0 47 0 0 589.1729 2.819009
Jun 11th 06:48:22.601 UTC 3 15 2 432 423 1148.935 1829.726 0 182.3032 9.855499 0 0 60 0 0 0 NaN
Jun 11th 06:48:20.808 UTC 2 14 38 635 627 1518.734 2688.634 0 900.0981 732.9938 0 0 47 0 0 589.1729 2.819009
Jun 11th 06:47:22.600 UTC 3 15 4 430 420 1137.745 1819.549 0 182.1219 9.356511 0 0 60 0 0 0 NaN
Jun 11th 06:47:20.808 UTC 2 15 36 633 624 1513.656 2678.394 0 899.4412 732.4698 0 0 47 0 0 589.1729 2.819009
Jun 11th 06:46:22.601 UTC 3 15 1 428 420 1129.394 1819.549 0 182.0129 9.356511 0 0 60 0 0 0 NaN
Jun 11th 06:46:20.798 UTC 2 15 34 629 623 1503.568 2674.788 0 898.5106 732.3063 0 0 47 0 0 589.1729 2.819009
Jun 11th 06:45:20.815 UTC 2 15 33 627 621 1493.782 2666.654 0 897.9866 731.825 0 0 47 0 0 589.1729 2.819009
Jun 11th 06:45:20.814 UTC 3 14 2 426 420 1124.969 1819.549 0 181.9095 9.346803 0 0 58 0 0 0 NaN
Jun 11th 06:44:20.814 UTC 3 15 1 422 417 1117.389 1806.817 0 181.3082 9.162167 0 0 58 0 0 0 NaN
Jun 11th 06:44:20.805 UTC 2 14 34 624 618 1482.051 2653.142 0 896.6027 730.9308 0 0 47 0 0 589.1729 2.819009
Jun 11th 06:43:20.804 UTC 2 15 36 621 614 1476.224 2640.764 0 895.788 730.0028 0 0 47 0 0 589.1729 2.819009
Jun 11th 06:43:19.893 UTC 3 13 0 421 417 1113.764 1806.817 0 180.6146 9.196535 0 0 57 0 0 0 NaN
Jun 11th 06:42:20.815 UTC 2 15 35 620 612 1475.324 2632.292 0 895.5781 729.4993 0 0 47 0 0 589.1729 2.819009
Jun 11th 06:42:19.881 UTC 3 10 0 420 417 1112.129 1806.817 0 180.7174 9.213176 0 0 57 0 0 0 NaN
Jun 11th 06:41:20.814 UTC 2 13 38 618 608 1470.554 2615.915 0 894.754 727.2479 0 0 47 0 0 589.1729 2.819009
Jun 11th 06:41:19.893 UTC 3 9 1 419 415 1110.104 1801.756 0 180.7664 9.258394 0 0 57 0 0 0 NaN
Jun 11th 06:40:20.805 UTC 2 15 40 614 604 1462.193 2601.255 0 893.4073 726.149 0 0 47 0 0 580.6229 2.818558
Jun 11th 06:40:19.880 UTC 3 8 0 417 414 1105.739 1797.378 0 180.9994 9.262896 0 0 57 0 0 0 NaN
Jun 11th 06:39:20.806 UTC 2 15 40 611 603 1454.417 2596.554 0 892.2016 725.7401 0 0 47 0 0 570.0703 2.808228
Jun 11th 06:39:19.882 UTC 3 8 1 417 412 1105.739 1783.107 0 180.9994 9.284169 0 0 57 0 0 0 NaN
Jun 11th 06:38:20.816 UTC 2 15 39 608 601 1448.528 2589.46 0 891.0782 724.9946 0 0 47 0 0 564.8728 2.7964
Jun 11th 06:38:19.894 UTC 3 10 0 416 409 1104.839 1772.349 0 181.0662 9.28295 0 0 57 0 0 0 NaN
Jun 11th 06:37:20.816 UTC 2 15 39 605 598 1442.641 2575.021 0 889.9445 723.8369 0 0 47 0 0 563.3328 2.802651
Jun 11th 06:37:19.884 UTC 3 10 0 414 408 1097.178 1770.135 0 181.0259 9.291286 0 0 57 0 0 0 NaN
Jun 11th 06:36:19.876 UTC 3 10 0 412 407 1093.578 1768.335 0 181.3752 9.309476 0 0 57 0 0 0 NaN
Jun 11th 06:36:19.864 UTC 2 14 39 603 596 1439.583 2564.318 0 888.929 722.5777 0 0 46 0 0 563.3328 2.802651
Jun 11th 06:35:19.884 UTC 3 11 0 409 405 1082.575 1759.866 0 181.7847 9.320452 0 0 57 0 0 0 NaN
Jun 11th 06:35:18.914 UTC 2 14 38 601 593 1432.656 2548.921 0 888.3231 721.3653 0 0 45 0 0 563.3328 2.802651
Jun 11th 06:34:19.884 UTC 3 7 1 407 404 1072.687 1753.356 0 181.2757 9.401228 0 0 57 0 0 0 NaN
Jun 11th 06:34:18.926 UTC 2 15 39 600 590 1431.855 2532.091 0 887.8743 720.5703 0 0 45 0 0 563.3328 2.802651
Jun 11th 06:33:19.873 UTC 3 9 0 406 401 1071.487 1741.271 0 181.3851 9.405411 0 0 57 0 0 0 NaN
Jun 11th 06:33:18.916 UTC 2 15 39 598 589 1428.457 2527.84 0 887.104 720.1823 0 0 45 0 0 558.9878 2.823171
Jun 11th 06:32:19.884 UTC 3 10 0 405 399 1069.007 1729.454 0 181.3436 9.426744 0 0 57 0 0 0 NaN
Jun 11th 06:32:17.905 UTC 2 15 40 594 586 1416.203 2512.057 0 885.4891 719.0973 0 0 44 0 0 558.0878 2.832933
Jun 11th 06:31:19.887 UTC 3 10 0 403 398 1066.022 1726.42 0 181.7477 9.445668 0 0 57 0 0 0 NaN
Jun 11th 06:31:17.905 UTC 2 15 40 592 586 1412.66 2512.057 0 884.6543 719.0973 0 0 44 0 0 542.6427 2.826264
Jun 11th 06:30:19.876 UTC 3 9 0 403 398 1066.022 1726.42 0 181.7477 9.454873 0 0 57 0 0 0 NaN
Jun 11th 06:30:17.895 UTC 2 15 38 590 584 1409.66 2502.282 0 883.7419 718.3552 0 0 44 0 0 542.6427 2.826264
Jun 11th 06:29:19.893 UTC 3 8 0 401 396 1060.762 1716.897 0 181.7202 9.497608 0 0 57 0 0 0 NaN
Jun 11th 06:29:17.895 UTC 2 15 40 590 581 1409.66 2484.776 0 883.7419 717.3157 0 0 44 0 0 541.1427 2.848119
Jun 11th 06:28:19.883 UTC 3 8 0 398 395 1051.942 1711.504 0 181.157 9.512009 0 0 57 0 0 0 NaN
Jun 11th 06:28:17.904 UTC 2 15 39 586 578 1402.17 2472.251 0 881.931 716.2996 0 0 44 0 0 541.1427 2.848119
Jun 11th 06:27:19.056 UTC 3 8 1 398 394 1051.942 1706.169 0 181.157 9.531467 0 0 56 0 0 0 NaN
Jun 11th 06:27:17.905 UTC 2 15 39 584 576 1391.676 2464.187 0 881.5574 715.4805 0 0 44 0 0 537.7776 2.860519
Jun 11th 06:26:19.057 UTC 3 8 0 397 394 1046.362 1706.169 0 181.1766 9.531467 0 0 56 0 0 0 NaN
Jun 11th 06:26:17.895 UTC 2 15 39 582 575 1388.781 2461.36 0 880.8852 715.0968 0 0 44 0 0 525.3926 2.855394
Jun 11th 06:25:19.068 UTC 3 8 0 396 393 1041.164 1700.109 0 181.1024 9.553047 0 0 56 0 0 0 NaN
Jun 11th 06:25:17.895 UTC 2 14 40 579 571 1383.443 2443.448 0 879.8714 713.369 0 0 44 0 0 525.3926 2.855394
Jun 11th 06:24:19.066 UTC 3 5 1 395 392 1037.024 1695.073 0 181.0211 9.564887 0 0 56 0 0 0 NaN
Jun 11th 06:24:17.895 UTC 2 15 40 577 569 1379.665 2434.318 0 879.2419 713.0085 0 0 44 0 0 519.6801 2.855385
Jun 11th 06:23:19.065 UTC 3 6 0 394 391 1034.572 1692.967 0 180.9407 9.564887 0 0 56 0 0 0 NaN
Jun 11th 06:23:17.906 UTC 2 15 39 574 569 1374.483 2434.318 0 878.0546 713.0085 0 0 44 0 0 512.4926 2.863087
Jun 11th 06:22:19.056 UTC 3 7 0 393 390 1030.049 1689.029 0 181.1675 9.564887 0 0 56 0 0 0 NaN
Jun 11th 06:22:17.895 UTC 2 15 38 573 564 1372.458 2415.42 0 877.7744 711.642 0 0 44 0 0 512.4926 2.863087
Jun 11th 06:21:19.076 UTC 3 7 0 392 388 1022.422 1674.369 0 181.1165 9.601198 0 0 56 0 0 0 NaN
Jun 11th 06:21:17.896 UTC 2 15 40 569 562 1358.745 2409.44 0 876.8271 710.967 0 0 44 0 0 505.0826 2.869787
Jun 11th 06:20:19.066 UTC 3 6 0 391 388 1016.448 1674.369 0 180.9436 9.60551 0 0 56 0 0 0 NaN
Jun 11th 06:20:17.905 UTC 2 14 38 567 561 1355.471 2403.447 0 876.2525 710.4822 0 0 44 0 0 501.1 2.863429
Jun 11th 06:19:19.066 UTC 3 5 0 390 388 1014.658 1674.369 0 180.9987 9.622574 0 0 56 0 0 0 NaN
Jun 11th 06:19:16.838 UTC 2 15 40 564 555 1347.043 2375.668 0 875.6331 708.8527 0 0 43 0 0 501.1 2.863429
Jun 11th 06:18:16.975 UTC 3 8 0 390 385 1014.658 1656.314 0 180.9987 9.622574 0 0 54 0 0 0 NaN
Jun 11th 06:18:16.836 UTC 2 15 36 561 555 1340.019 2375.668 0 875.0105 708.8527 0 0 43 0 0 501.1 2.863429
Jun 11th 06:17:16.848 UTC 2 15 38 561 550 1340.019 2357.967 0 875.0105 707.5215 0 0 43 0 0 501.1 2.863429
Jun 11th 06:17:16.079 UTC 3 9 1 390 382 1014.658 1644.532 0 180.9987 9.65209 0 0 53 0 0 0 NaN
Jun 11th 06:16:16.844 UTC 2 15 40 559 548 1336.959 2346.677 0 874.7866 707.018 0 0 43 0 0 490.4838 2.868326
Jun 11th 06:16:16.071 UTC 3 8 0 388 382 1011.918 1644.532 0 180.4244 9.658998 0 0 53 0 0 0 NaN
Jun 11th 06:15:16.835 UTC 2 14 39 554 548 1323 2346.677 0 873.4143 706.8457 0 0 43 0 0 486.4038 2.878129
Jun 11th 06:15:15.039 UTC 3 8 0 386 382 1007.135 1644.532 0 180.6499 9.658998 0 0 52 0 0 0 NaN
Jun 11th 06:14:15.131 UTC 2 14 40 552 544 1320.139 2327.336 0 872.465 705.9835 0 0 42 0 0 482.7251 2.873363
Jun 11th 06:14:15.038 UTC 3 8 0 385 382 1001.938 1644.532 0 180.7611 9.658998 0 0 52 0 0 0 NaN
Jun 11th 06:13:15.130 UTC 2 15 39 549 542 1314.356 2319.802 0 871.0762 705.7342 0 0 42 0 0 477.6425 2.894803
Jun 11th 06:13:15.039 UTC 3 8 1 383 380 995.1055 1629.515 0 180.3967 9.677192 0 0 52 0 0 0 NaN
Jun 11th 06:12:15.131 UTC 2 15 40 548 540 1310.374 2311.661 0 871.1215 705.3608 0 0 42 0 0 475.19 2.8975
Jun 11th 06:12:15.038 UTC 3 8 0 382 378 993.4705 1625.513 0 180.0975 9.695584 0 0 52 0 0 0 NaN
Jun 11th 06:11:15.142 UTC 2 14 39 545 538 1306.776 2304.155 0 869.5135 704.2332 0 0 42 0 0 473.99 2.907914
Jun 11th 06:11:15.050 UTC 3 11 0 381 374 986.0005 1603.37 0 180.4659 9.703378 0 0 52 0 0 0 NaN
Jun 11th 06:10:15.132 UTC 2 15 40 541 535 1296.626 2291.065 0 868.1693 703.4946 0 0 42 0 0 466.6663 2.898548
Jun 11th 06:10:14.255 UTC 3 12 0 380 372 980.0267 1589.036 0 180.6263 9.726533 0 0 51 0 0 0 NaN
Jun 11th 06:09:15.131 UTC 2 15 39 540 532 1295.688 2277.26 0 867.635 702.5364 0 0 42 0 0 466.6663 2.898548
Jun 11th 06:09:14.254 UTC 3 10 0 377 372 972.6017 1589.036 0 180.7172 9.739078 0 0 51 0 0 0 NaN
Jun 11th 06:08:15.130 UTC 2 15 38 537 530 1288.979 2271.13 0 866.4616 701.5627 0 0 42 0 0 461.0863 2.881789
Jun 11th 06:08:14.264 UTC 3 8 1 377 372 972.6017 1589.036 0 180.7172 9.77529 0 0 51 0 0 0 NaN
Jun 11th 06:07:15.133 UTC 2 15 39 534 527 1283.444 2258.347 0 865.2794 700.2197 0 0 42 0 0 459.7363 2.891423
Jun 11th 06:07:14.264 UTC 3 9 0 376 369 971.2517 1578.999 0 180.2843 9.782788 0 0 51 0 0 0 NaN
Jun 11th 06:06:15.132 UTC 2 15 40 533 523 1282.299 2241.552 0 864.5852 698.3376 0 0 42 0 0 451.9863 2.878893
Jun 11th 06:06:14.253 UTC 3 12 0 373 366 961.7905 1566.873 0 180.2333 9.782788 0 0 51 0 0 0 NaN
Jun 11th 06:05:15.141 UTC 2 15 39 529 521 1273.802 2236.679 0 862.9811 697.5574 0 0 42 0 0 447.2563 2.885524
Jun 11th 06:05:14.245 UTC 3 14 0 371 363 956.8774 1553.955 0 180.0475 9.806497 0 0 51 0 0 0 NaN
Jun 11th 06:04:15.132 UTC 2 15 39 528 518 1272.032 2225.274 0 862.2273 696.3718 0 0 42 0 0 447.2563 2.885524
Jun 11th 06:04:14.264 UTC 3 14 0 367 361 940.8522 1543.97 0 179.7025 9.840994 0 0 51 0 0 0 NaN
Jun 11th 06:03:15.133 UTC 2 15 36 523 517 1259.814 2223.436 0 859.9595 695.9591 0 0 42 0 0 447.2563 2.885524
Jun 11th 06:03:14.263 UTC 3 14 0 367 360 940.8522 1541.379 0 179.7025 9.865047 0 0 51 0 0 0 NaN
Jun 11th 06:02:14.262 UTC 3 12 0 365 360 936.7422 1541.379 0 179.8372 9.873752 0 0 51 0 0 0 NaN
Jun 11th 06:02:13.257 UTC 2 14 38 519 514 1249.586 2207.761 0 857.5243 694.0887 0 0 40 0 0 447.2563 2.885524
Jun 11th 06:01:14.261 UTC 3 9 0 362 360 923.8722 1541.379 0 179.7279 9.933958 0 0 51 0 0 0 NaN
Jun 11th 06:01:12.172 UTC 2 15 39 518 511 1248.168 2195.657 0 856.9741 692.9431 0 0 39 0 0 447.2563 2.885524
Jun 11th 06:00:14.253 UTC 3 10 0 360 358 921.4722 1535.172 0 179.6106 9.937048 0 0 51 0 0 0 NaN
Jun 11th 06:00:12.171 UTC 2 15 39 518 507 1248.168 2172.95 0 856.9741 690.4572 0 0 39 0 0 446.3563 2.898417
Jun 11th 05:59:14.262 UTC 3 9 0 359 356 919.6722 1524.776 0 179.9334 9.99029 0 0 51 0 0 0 NaN
Jun 11th 05:59:12.180 UTC 2 15 40 516 505 1244.751 2160.418 0 855.8942 689.2344 0 0 39 0 0 441.2713 2.884126
Jun 11th 05:58:14.249 UTC 3 8 0 359 355 919.6722 1522.421 0 179.9334 10.01612 0 0 51 0 0 0 NaN
Jun 11th 05:58:12.170 UTC 2 15 40 512 503 1235.33 2148.34 0 854.0168 688.0292 0 0 39 0 0 436.6812 2.891929
Jun 11th 05:57:14.261 UTC 3 8 0 357 351 916.5222 1506.995 0 180.1214 10.07424 0 0 51 0 0 0 NaN
Jun 11th 05:57:12.192 UTC 2 15 40 510 503 1231.97 2148.34 0 852.9024 688.0292 0 0 39 0 0 434.8912 2.899275
Jun 11th 05:56:14.260 UTC 3 7 1 356 351 914.7222 1506.995 0 180.339 10.09456 0 0 51 0 0 0 NaN
Jun 11th 05:56:12.179 UTC 2 14 40 509 501 1225.928 2136.006 0 852.369 686.739 0 0 39 0 0 429.7712 2.90386
Jun 11th 05:55:13.424 UTC 3 9 0 354 349 911.1372 1496.627 0 180.6084 10.09456 0 0 50 0 0 0 NaN
Jun 11th 05:55:12.180 UTC 2 15 39 507 498 1219.928 2123.44 0 851.3252 685.7815 0 0 39 0 0 427.0712 2.905246
Jun 11th 05:54:13.436 UTC 3 11 0 351 346 896.7222 1481.514 0 180.2073 10.0949 0 0 50 0 0 0 NaN
Jun 11th 05:54:12.169 UTC 2 14 40 503 496 1210.68 2115.899 0 849.1794 684.277 0 0 39 0 0 420.0062 2.91671
Jun 11th 05:53:13.424 UTC 3 8 1 351 346 896.7222 1481.514 0 180.2073 10.1241 0 0 50 0 0 0 NaN
Jun 11th 05:53:12.190 UTC 2 15 39 501 495 1204.752 2111.269 0 848.6696 684.277 0 0 39 0 0 417.0962 2.937297
Jun 11th 05:52:13.424 UTC 3 9 0 350 345 894.6971 1477.863 0 180.3957 10.1241 0 0 50 0 0 0 NaN
Jun 11th 05:52:12.180 UTC 2 15 38 500 494 1204.112 2106.176 0 848.3474 683.8456 0 0 39 0 0 413.8262 2.955901
Jun 11th 05:51:12.579 UTC 3 7 0 347 345 889.6946 1477.863 0 180.2542 10.14407 0 0 49 0 0 0 NaN
Jun 11th 05:51:12.181 UTC 2 15 39 496 490 1193.218 2083.927 0 846.1653 682.4849 0 0 39 0 0 413.8262 2.955901
Jun 11th 05:50:12.579 UTC 3 6 0 347 345 889.6946 1477.863 0 180.2542 10.16726 0 0 49 0 0 0 NaN
Jun 11th 05:50:11.303 UTC 2 13 40 495 488 1189.828 2074.944 0 845.6835 680.9468 0 0 38 0 0 413.8262 2.955901
Jun 11th 05:49:12.577 UTC 3 7 0 346 343 889.0947 1465.095 0 180.3479 10.19333 0 0 49 0 0 0 NaN
Jun 11th 05:49:10.302 UTC 2 15 39 494 485 1187.65 2060.743 0 845.2783 680.509 0 0 37 0 0 410.0012 2.971023
Jun 11th 05:48:12.567 UTC 3 5 0 345 343 887.3047 1465.095 0 179.9507 10.22616 0 0 49 0 0 0 NaN
Jun 11th 05:48:09.343 UTC 2 15 38 494 484 1187.65 2055.567 0 845.2783 680.0775 0 0 36 0 0 410.0012 2.971023
Jun 11th 05:47:12.578 UTC 3 5 0 344 342 881.3309 1463.576 0 180.0144 10.22985 0 0 49 0 0 0 NaN
Jun 11th 05:47:09.333 UTC 2 14 40 489 481 1177.883 2050.043 0 843.4714 678.3217 0 0 36 0 0 400.1974 2.964425
Jun 11th 05:46:12.578 UTC 3 7 0 343 339 880.1309 1453.853 0 180.3611 10.24802 0 0 49 0 0 0 NaN
Jun 11th 05:46:09.345 UTC 2 15 39 484 480 1165.272 2043.636 0 841.9982 678.3217 0 0 36 0 0 387.5524 2.936003
Jun 11th 05:45:12.576 UTC 3 7 0 342 338 877.3709 1451.418 0 180.7023 10.27498 0 0 49 0 0 0 NaN
Jun 11th 05:45:09.345 UTC 2 15 39 482 476 1160.205 2021.7 0 841.4048 676.9304 0 0 36 0 0 381.3424 2.911011
Jun 11th 05:44:12.567 UTC 3 6 0 342 337 877.3709 1448.23 0 180.7023 10.28848 0 0 49 0 0 0 NaN
Jun 11th 05:44:09.336 UTC 2 15 39 481 474 1159.305 2014.038 0 840.8914 676.1639 0 0 36 0 0 379.5424 2.919557
Jun 11th 05:43:12.576 UTC 3 5 0 339 337 868.7872 1448.23 0 180.5243 10.31546 0 0 49 0 0 0 NaN
Jun 11th 05:43:09.333 UTC 2 15 40 481 471 1159.305 2000.141 0 840.8914 675.2728 0 0 36 0 0 363.2299 2.860078
Jun 11th 05:42:12.578 UTC 3 7 0 337 334 865.3871 1440.817 0 180.6519 10.31651 0 0 49 0 0 0 NaN
Jun 11th 05:42:09.347 UTC 2 15 39 477 468 1149.854 1992.46 0 839.3145 674.4017 0 0 36 0 0 363.2299 2.860078
Jun 11th 05:41:11.587 UTC 3 9 0 336 331 862.6647 1429.53 0 180.9235 10.33516 0 0 48 0 0 0 NaN
Jun 11th 05:41:09.347 UTC 2 14 40 472 466 1131.587 1983.075 0 837.7999 673.1801 0 0 36 0 0 358.145 2.84242
Jun 11th 05:40:10.832 UTC 3 7 0 333 331 855.3959 1429.53 0 181.7535 10.3449 0 0 47 0 0 0 NaN
Jun 11th 05:40:09.335 UTC 2 15 38 471 464 1130.687 1976.009 0 837.1446 672.7716 0 0 36 0 0 358.145 2.84242
Jun 11th 05:39:10.823 UTC 3 8 0 333 328 855.3959 1416.574 0 181.7535 10.40228 0 0 47 0 0 0 NaN
Jun 11th 05:39:09.336 UTC 2 15 40 467 460 1122.655 1963.191 0 835.4602 671.2845 0 0 36 0 0 352.1712 2.81737
Jun 11th 05:38:10.814 UTC 3 8 0 332 326 847.926 1407.709 0 181.7574 10.41845 0 0 47 0 0 0 NaN
Jun 11th 05:38:09.346 UTC 2 15 40 465 458 1109.56 1951.071 0 834.3866 670.6332 0 0 36 0 0 346.2987 2.815437
Jun 11th 05:37:10.826 UTC 3 9 0 329 324 833.8522 1402.157 0 182.1695 10.44007 0 0 47 0 0 0 NaN
Jun 11th 05:37:09.339 UTC 2 15 39 463 456 1104.452 1941.475 0 833.9419 669.9041 0 0 36 0 0 345.3987 2.831137
Jun 11th 05:36:10.825 UTC 3 10 0 329 322 833.8522 1393.92 0 182.1695 10.44976 0 0 47 0 0 0 NaN
Jun 11th 05:36:08.425 UTC 2 15 37 460 454 1097.572 1932.479 0 832.5264 669.1921 0 0 35 0 0 345.3987 2.831137
Jun 11th 05:35:10.814 UTC 3 9 0 326 321 823.7822 1392.018 0 182.7474 10.49116 0 0 47 0 0 0 NaN
Jun 11th 05:35:08.435 UTC 2 15 40 460 449 1097.572 1911.874 0 832.5264 666.8229 0 0 35 0 0 343.7637 2.841022
Jun 11th 05:34:10.834 UTC 3 8 0 324 321 817.6621 1392.018 0 182.788 10.51665 0 0 47 0 0 0 NaN
Jun 11th 05:34:08.426 UTC 2 15 39 458 448 1093.687 1910.706 0 831.3914 666.3131 0 0 35 0 0 332.7312 2.819756
Jun 11th 05:33:10.820 UTC 3 7 1 322 319 815.5222 1387.139 0 182.5888 10.54498 0 0 47 0 0 0 NaN
Jun 11th 05:33:08.426 UTC 2 15 38 453 446 1086.135 1902.783 0 829.2615 665.5363 0 0 35 0 0 332.7312 2.819756
Jun 11th 05:32:10.823 UTC 3 9 0 320 315 808.8846 1371.895 0 182.8898 10.58763 0 0 47 0 0 0 NaN
Jun 11th 05:32:07.404 UTC 2 15 38 450 444 1081.553 1895.102 0 827.2925 664.6155 0 0 34 0 0 332.7312 2.819756
Jun 11th 05:31:10.822 UTC 3 10 0 318 313 802.5921 1362.36 0 183.3223 10.5983 0 0 47 0 0 0 NaN
Jun 11th 05:31:07.405 UTC 2 15 37 447 441 1074.442 1877.496 0 825.2112 663.1885 0 0 34 0 0 332.7312 2.819756
Jun 11th 05:30:10.108 UTC 3 11 0 317 311 799.8921 1349.041 0 183.4658 10.62766 0 0 46 0 0 0 NaN
Jun 11th 05:30:07.395 UTC 2 15 37 446 438 1073.542 1863.57 0 824.9402 661.6498 0 0 34 0 0 332.7312 2.819756
Jun 11th 05:29:10.109 UTC 3 10 0 315 310 796.2521 1345.846 0 183.6255 10.64827 0 0 46 0 0 0 NaN
Jun 11th 05:29:06.446 UTC 2 14 38 445 435 1071.382 1852.354 0 824.3893 659.3139 0 0 33 0 0 332.7312 2.819756
Jun 11th 05:28:10.100 UTC 3 8 1 314 310 794.2421 1345.846 0 183.4733 10.68137 0 0 46 0 0 0 NaN
Jun 11th 05:28:05.455 UTC 2 14 40 443 432 1069.242 1837.426 0 823.3081 657.2295 0 0 32 0 0 330.9312 2.852855
Jun 11th 05:27:10.109 UTC 3 9 0 312 308 791.382 1336.053 0 183.4916 10.71066 0 0 46 0 0 0 NaN
Jun 11th 05:27:05.456 UTC 2 15 40 437 431 1056.328 1835.591 0 819.8211 657.2295 0 0 32 0 0 323.2274 2.885959
Jun 11th 05:26:10.100 UTC 3 9 0 311 306 788.6595 1329.993 0 183.7605 10.74458 0 0 46 0 0 0 NaN
Jun 11th 05:26:05.466 UTC 2 14 40 435 430 1052.644 1830.105 0 818.96 656.2423 0 0 32 0 0 320.2124 2.884797
Jun 11th 05:25:10.109 UTC 3 9 0 309 305 785.1595 1321.791 0 183.2309 10.77125 0 0 46 0 0 0 NaN
Jun 11th 05:25:05.456 UTC 2 15 39 434 425 1051.554 1807.652 0 818.0993 654.2709 0 0 32 0 0 320.2124 2.884797
Jun 11th 05:24:09.067 UTC 3 8 0 308 304 777.532 1318.112 0 183.4706 10.78991 0 0 45 0 0 0 NaN
Jun 11th 05:24:05.456 UTC 2 15 40 431 422 1044.352 1795.884 0 815.7279 652.4637 0 0 32 0 0 320.2124 2.884797
Jun 11th 05:23:09.059 UTC 3 8 1 307 302 776.632 1309.991 0 183.6277 10.83483 0 0 45 0 0 0 NaN
Jun 11th 05:23:05.447 UTC 2 14 39 429 422 1041.244 1795.884 0 814.7025 651.9054 0 0 32 0 0 316.1624 2.900573
Jun 11th 05:22:09.078 UTC 3 8 0 306 302 773.932 1309.991 0 183.2473 10.83483 0 0 45 0 0 0 NaN
Jun 11th 05:22:04.417 UTC 2 15 40 426 419 1035.514 1783.295 0 812.7024 650.3873 0 0 31 0 0 308.6924 2.912193
Jun 11th 05:21:09.068 UTC 3 8 0 304 300 770.497 1304.62 0 183.7171 10.88975 0 0 45 0 0 0 NaN
Jun 11th 05:21:04.417 UTC 2 14 38 425 418 1029.304 1778.004 0 812.0446 649.098 0 0 31 0 0 308.6924 2.912193
Jun 11th 05:20:09.068 UTC 3 11 0 304 295 770.497 1279.343 0 183.7171 10.90944 0 0 45 0 0 0 NaN
Jun 11th 05:20:04.405 UTC 2 15 40 421 414 1014.074 1759.869 0 808.834 647.1439 0 0 31 0 0 304.3574 2.926514
Jun 11th 05:19:09.058 UTC 3 12 0 302 293 762.6558 1266.528 0 183.5334 10.93086 0 0 45 0 0 0 NaN
Jun 11th 05:19:04.416 UTC 2 15 40 420 410 1011.374 1737.84 0 808.1019 644.6429 0 0 31 0 0 304.3574 2.926514
Jun 11th 05:18:09.080 UTC 3 13 0 300 292 753.0032 1261.639 0 183.5008 10.93086 0 0 45 0 0 0 NaN
Jun 11th 05:18:04.417 UTC 2 15 40 418 409 1007.612 1736.267 0 806.6455 643.8524 0 0 31 0 0 293.0637 2.960239
Jun 11th 05:17:09.069 UTC 3 11 1 298 291 750.2782 1255.799 0 183.5774 10.9762 0 0 45 0 0 0 NaN
Jun 11th 05:17:04.406 UTC 2 14 39 416 408 1005.904 1731.139 0 804.9919 642.4139 0 0 31 0 0 293.0637 2.960239
Jun 11th 05:16:09.068 UTC 3 11 0 296 291 745.9432 1255.799 0 183.5001 10.9762 0 0 45 0 0 0 NaN
Jun 11th 05:16:04.426 UTC 2 15 40 412 404 996.6588 1717.152 0 802.0766 640.1936 0 0 31 0 0 282.9062 2.946939
Jun 11th 05:15:09.057 UTC 3 10 0 294 291 742.1182 1255.799 0 183.0928 10.99483 0 0 45 0 0 0 NaN
Jun 11th 05:15:04.415 UTC 2 15 39 409 401 989.5886 1702.728 0 799.8956 638.0182 0 0 31 0 0 282.9062 2.946939
Jun 11th 05:14:08.373 UTC 3 9 0 292 290 737.5957 1251.3 0 182.6126 11.0555 0 0 44 0 0 0 NaN
Jun 11th 05:14:04.405 UTC 2 14 40 408 399 985.696 1698.152 0 798.8857 635.5206 0 0 31 0 0 281.3662 2.961749
Jun 11th 05:13:08.373 UTC 3 7 0 291 289 735.5707 1248.692 0 182.1383 11.10996 0 0 44 0 0 0 NaN
Jun 11th 05:13:04.416 UTC 2 15 39 404 398 975.7016 1696.486 0 795.91 635.5206 0 0 31 0 0 279.7312 2.975863
Jun 11th 05:12:08.383 UTC 3 7 0 291 288 735.5707 1247.461 0 182.1383 11.1351 0 0 44 0 0 0 NaN
Jun 11th 05:12:04.416 UTC 2 15 36 399 396 964.9278 1684.236 0 792.7196 634.0808 0 0 31 0 0 279.7312 2.975863
Jun 11th 05:11:08.382 UTC 3 7 0 289 287 729.9006 1244.174 0 182.4005 11.14007 0 0 44 0 0 0 NaN
Jun 11th 05:11:04.405 UTC 2 12 36 398 395 964.1648 1682.168 0 791.6995 631.3556 0 0 31 0 0 279.7312 2.975863
Jun 11th 05:10:07.628 UTC 3 5 1 288 286 727.8756 1240.663 0 182.8515 11.22633 0 0 43 0 0 0 NaN
Jun 11th 05:10:04.415 UTC 2 14 40 398 387 964.1648 1648.875 0 791.6995 626.9267 0 0 31 0 0 279.7312 2.975863
Jun 11th 05:09:07.631 UTC 3 10 0 287 280 726.2406 1210.153 0 183.0071 11.24459 0 0 43 0 0 0 NaN
Jun 11th 05:09:04.415 UTC 2 15 39 396 385 958.5668 1638.497 0 790.5254 626.1068 0 0 31 0 0 274.4474 2.983124
Jun 11th 05:08:07.631 UTC 3 11 1 285 277 721.4781 1197.928 0 183.4592 11.28839 0 0 43 0 0 0 NaN
Jun 11th 05:08:04.405 UTC 2 15 40 394 382 953.0771 1623.116 0 789.1726 623.5974 0 0 31 0 0 270.6374 3.007082
Jun 11th 05:07:07.631 UTC 3 9 0 284 277 720.5781 1197.928 0 183.9262 11.32934 0 0 43 0 0 0 NaN
Jun 11th 05:07:04.425 UTC 2 15 40 390 381 939.9221 1617.717 0 786.6917 622.7028 0 0 31 0 0 265.7174 3.019516
Jun 11th 05:06:07.618 UTC 3 9 0 283 276 719.9781 1196.368 0 184.1967 11.35886 0 0 43 0 0 0 NaN
Jun 11th 05:06:04.415 UTC 2 15 38 386 381 929.5451 1617.717 0 783.8155 622.7028 0 0 31 0 0 257.9062 2.998909
Jun 11th 05:05:07.638 UTC 3 8 0 279 276 700.853 1196.368 0 184.4755 11.37091 0 0 43 0 0 0 NaN
Jun 11th 05:05:04.415 UTC 2 15 35 385 379 925.5626 1606.095 0 782.9205 621.3975 0 0 31 0 0 257.9062 2.998909
Jun 11th 05:04:06.087 UTC 3 8 1 277 274 691.2005 1182.397 0 183.9505 11.42001 0 0 41 0 0 0 NaN
Jun 11th 05:04:04.416 UTC 2 13 37 383 377 919.5225 1595.111 0 781.2812 618.9848 0 0 31 0 0 257.9062 2.998909
Jun 11th 05:03:05.189 UTC 3 9 0 277 272 691.2005 1173.947 0 183.9505 11.459 0 0 40 0 0 0 NaN
Jun 11th 05:03:03.353 UTC 2 15 40 381 371 915.6073 1572.901 0 779.6962 616.2167 0 0 30 0 0 255.4537 3.005337
Jun 11th 05:02:05.180 UTC 3 8 0 276 272 687.218 1173.947 0 183.2874 11.47998 0 0 40 0 0 0 NaN
Jun 11th 05:02:03.319 UTC 2 15 40 380 371 915.1273 1572.901 0 779.3591 616.2167 0 0 30 0 0 239.8612 2.961249
Jun 11th 05:01:05.181 UTC 3 10 0 276 269 687.218 1164.76 0 183.2874 11.48681 0 0 40 0 0 0 NaN
Jun 11th 05:01:03.330 UTC 2 15 38 377 369 907.8885 1563.346 0 777.5326 614.8931 0 0 30 0 0 238.3212 2.979015
Jun 11th 05:00:05.170 UTC 3 8 0 274 269 682.3392 1164.76 0 183.7413 11.51466 0 0 40 0 0 0 NaN
Jun 11th 05:00:02.185 UTC 2 15 40 374 365 897.4371 1546.593 0 775.5725 612.2723 0 0 29 0 0 238.3212 2.979015
Jun 11th 04:59:03.659 UTC 3 9 1 270 268 676.1605 1156.351 0 183.4047 11.51466 0 0 38 0 0 0 NaN
Jun 11th 04:59:02.183 UTC 2 15 39 371 364 894.5211 1543.102 0 773.5831 611.6719 0 0 29 0 0 231.3799 2.966409
Jun 11th 04:58:03.648 UTC 3 6 1 270 268 676.1605 1156.351 0 183.4047 11.57296 0 0 38 0 0 0 NaN
Jun 11th 04:58:02.172 UTC 2 15 39 368 362 885.7793 1530.902 0 771.7947 610.3739 0 0 29 0 0 230.4799 2.993246
Jun 11th 04:57:03.649 UTC 3 9 0 269 265 670.1867 1140.063 0 183.3187 11.57296 0 0 38 0 0 0 NaN
Jun 11th 04:57:02.182 UTC 2 15 39 367 360 884.6993 1523.074 0 771.3332 609.2913 0 0 29 0 0 225.815 3.010866
Jun 11th 04:56:03.650 UTC 3 8 0 269 264 670.1867 1136.247 0 183.3187 11.61612 0 0 38 0 0 0 NaN
Jun 11th 04:56:02.182 UTC 2 15 38 365 357 882.5992 1510.954 0 769.82 607.6737 0 0 29 0 0 225.815 3.010866
Jun 11th 04:55:03.661 UTC 3 12 0 268 259 667.7342 1112.03 0 183.5926 11.64718 0 0 38 0 0 0 NaN
Jun 11th 04:55:01.129 UTC 2 13 39 362 355 877.9998 1500.136 0 767.9907 605.34 0 0 28 0 0 225.815 3.010866
Jun 11th 04:54:03.660 UTC 3 12 0 267 257 661.7604 1103.981 0 183.0306 11.70588 0 0 38 0 0 0 NaN
Jun 11th 04:54:01.131 UTC 2 15 40 361 349 877.3597 1472.718 0 767.3252 602.4415 0 0 28 0 0 223.055 3.014256
Jun 11th 04:53:03.652 UTC 3 11 0 262 257 642.8655 1103.981 0 183.8059 11.73367 0 0 38 0 0 0 NaN
Jun 11th 04:53:01.143 UTC 2 15 40 358 348 874.2077 1465.877 0 766.0276 601.7185 0 0 28 0 0 213.3125 3.004401
Jun 11th 04:52:03.650 UTC 3 13 0 260 254 638.9205 1087.183 0 183.1689 11.77681 0 0 38 0 0 0 NaN
Jun 11th 04:52:01.133 UTC 2 15 39 354 346 856.9007 1456.291 0 763.377 600.3854 0 0 28 0 0 208.85 3.026811
Jun 11th 04:51:03.660 UTC 3 14 2 259 250 638.1205 1067.893 0 182.9737 11.62386 0 0 38 0 0 0 NaN
Jun 11th 04:51:01.143 UTC 2 15 38 354 345 856.9007 1453.613 0 763.377 599.6868 0 0 28 0 0 204.1375 3.046828
Jun 11th 04:50:03.660 UTC 3 15 0 257 249 635.0105 1065.825 0 182.712 11.62386 0 0 38 0 0 0 NaN
Jun 11th 04:50:01.131 UTC 2 15 35 350 344 852.7707 1449.637 0 759.6708 599.2322 0 0 28 0 0 204.1375 3.046828
Jun 11th 04:49:03.660 UTC 3 15 1 254 247 613.8492 1057.5 0 183.0347 11.58089 0 0 38 0 0 0 NaN
Jun 11th 04:49:00.140 UTC 2 13 36 347 342 845.4807 1439.02 0 757.0095 597.2422 0 0 27 0 0 204.1375 3.046828
Jun 11th 04:48:02.914 UTC 3 13 0 253 246 610.8342 1056.523 0 182.9166 11.66881 0 0 37 0 0 0 NaN
Jun 11th 04:47:58.131 UTC 2 15 39 346 338 844.7177 1423.336 0 756.0156 595.6268 0 0 25 0 0 204.1375 3.046828
Jun 11th 04:47:02.924 UTC 3 14 0 250 242 602.4417 1037.392 0 183.8564 11.72904 0 0 37 0 0 0 NaN
Jun 11th 04:46:58.132 UTC 2 15 39 343 336 841.8876 1415.052 0 753.713 594.0187 0 0 25 0 0 204.1375 3.046828
Jun 11th 04:46:02.914 UTC 3 13 0 246 241 596.1817 1030.768 0 183.1024 11.78591 0 0 37 0 0 0 NaN
Jun 11th 04:45:58.120 UTC 2 15 39 342 333 841.4077 1401.17 0 752.9358 591.7241 0 0 25 0 0 204.1375 3.046828
Jun 11th 04:45:02.914 UTC 3 12 1 246 240 596.1817 1027.401 0 183.1024 11.86348 0 0 37 0 0 0 NaN
Jun 11th 04:44:58.141 UTC 2 15 37 338 331 834.7177 1392.328 0 749.6271 590.2175 0 0 25 0 0 204.1375 3.046828
Jun 11th 04:44:02.915 UTC 3 11 0 243 238 591.7792 1018.179 0 182.9286 11.95168 0 0 37 0 0 0 NaN
Jun 11th 04:43:56.956 UTC 2 13 39 335 330 829.2649 1388.795 0 746.8326 588.1418 0 0 24 0 0 204.1375 3.046828
Jun 11th 04:43:01.866 UTC 3 11 1 243 237 591.7792 1011.602 0 182.9286 11.97582 0 0 36 0 0 0 NaN
Jun 11th 04:42:54.661 UTC 2 15 40 335 326 829.2649 1372.118 0 746.8326 586.3956 0 0 22 0 0 196.51 2.977424
Jun 11th 04:42:01.856 UTC 3 13 0 241 233 587.2992 994.1206 0 182.7957 12.00065 0 0 36 0 0 0 NaN
Jun 11th 04:41:54.662 UTC 2 14 40 333 324 826.7449 1361.533 0 745.6577 583.8264 0 0 22 0 0 196.51 2.977424
Jun 11th 04:41:01.856 UTC 3 14 0 238 231 573.9642 987.448 0 182.0271 12.02955 0 0 36 0 0 0 NaN
Jun 11th 04:40:54.671 UTC 2 13 38 329 322 816.6234 1355.394 0 740.9468 581.3843 0 0 22 0 0 196.51 2.977424
Jun 11th 04:40:01.843 UTC 3 11 0 237 231 572.2342 987.448 0 182.3018 12.13117 0 0 36 0 0 0 NaN
Jun 11th 04:39:53.743 UTC 2 15 40 328 318 813.9009 1340.236 0 740.1008 579.4205 0 0 21 0 0 185.305 2.850846
Jun 11th 04:39:00.924 UTC 3 12 0 235 230 568.8592 981.0051 0 182.1327 12.13117 0 0 35 0 0 0 NaN
Jun 11th 04:38:53.752 UTC 2 15 38 323 317 801.9503 1334.393 0 735.5075 578.5668 0 0 21 0 0 175.3487 2.783313
Jun 11th 04:38:00.924 UTC 3 11 1 231 228 562.4842 969.2363 0 182.1399 12.22604 0 0 35 0 0 0 NaN
Jun 11th 04:37:53.752 UTC 2 15 38 320 315 797.6753 1325.713 0 731.8903 576.9165 0 0 21 0 0 175.3487 2.783313
Jun 11th 04:37:00.915 UTC 3 11 0 231 227 562.4842 963.004 0 182.1399 12.26098 0 0 35 0 0 0 NaN
Jun 11th 04:36:53.741 UTC 2 12 38 320 313 797.6753 1311.931 0 731.8903 571.822 0 0 21 0 0 175.3487 2.783313
Jun 11th 04:36:00.925 UTC 3 12 0 231 224 562.4842 955.4283 0 182.1399 12.31498 0 0 35 0 0 0 NaN
Jun 11th 04:35:53.741 UTC 2 15 40 317 307 790.9173 1284.305 0 728.54 568.1168 0 0 21 0 0 169.2287 2.774241
Jun 11th 04:35:00.230 UTC 3 9 1 229 223 552.5542 946.474 0 182.5423 12.4055 0 0 34 0 0 0 NaN
Jun 11th 04:34:53.754 UTC 2 15 39 317 307 790.9173 1284.305 0 728.54 568.1168 0 0 21 0 0 169.2287 2.774241
Jun 11th 04:34:00.231 UTC 3 10 0 226 221 548.9792 940.1843 0 182.8672 12.45827 0 0 34 0 0 0 NaN
Jun 11th 04:33:53.746 UTC 2 15 40 314 304 779.2228 1278.245 0 725.0524 564.8781 0 0 21 0 0 165.0137 2.796843
Jun 11th 04:33:00.222 UTC 3 13 0 225 217 547.7792 920.9545 0 182.4053 12.48975 0 0 34 0 0 0 NaN
Jun 11th 04:32:53.746 UTC 2 14 38 311 304 775.7828 1278.245 0 721.3277 563.9316 0 0 21 0 0 159.175 2.744396
Jun 11th 04:32:00.230 UTC 3 10 1 223 217 541.0442 920.9545 0 182.5051 12.62124 0 0 34 0 0 0 NaN
Jun 11th 04:31:53.746 UTC 2 15 39 304 300 761.5855 1258.821 0 709.3879 560.6814 0 0 21 0 0 157.825 2.768859
Jun 11th 04:31:00.230 UTC 3 10 0 223 216 541.0442 915.2297 0 182.5051 12.63574 0 0 34 0 0 0 NaN
Jun 11th 04:30:52.583 UTC 2 14 39 304 298 761.5855 1251.545 0 709.3879 556.8047 0 0 20 0 0 157.825 2.768859
Jun 11th 04:30:00.230 UTC 3 10 0 221 215 538.2192 912.0226 0 182.7245 12.67232 0 0 34 0 0 0 NaN
Jun 11th 04:29:50.508 UTC 2 14 40 304 295 761.5855 1240.207 0 709.3879 552.652 0 0 18 0 0 156.475 2.794196
Jun 11th 04:29:00.223 UTC 3 14 0 217 211 532.2192 894.0598 0 181.5028 12.67232 0 0 34 0 0 0 NaN
Jun 11th 04:28:50.518 UTC 2 15 38 301 293 754.4321 1231.393 0 704.2075 551.0247 0 0 18 0 0 153.395 2.840648
Jun 11th 04:28:00.231 UTC 3 12 0 216 209 529.7667 885.6415 0 181.92 12.77162 0 0 34 0 0 0 NaN
Jun 11th 04:27:50.511 UTC 2 15 39 298 290 747.1465 1215.055 0 699.4883 545.9639 0 0 18 0 0 153.395 2.840648
Jun 11th 04:26:59.163 UTC 3 13 0 214 208 525.9716 879.2849 0 181.9763 12.77162 0 0 33 0 0 0 NaN
Jun 11th 04:26:50.509 UTC 2 15 38 295 287 743.6915 1201.709 0 694.4442 540.6803 0 0 18 0 0 153.395 2.840648
Jun 11th 04:25:59.159 UTC 3 12 0 214 206 525.9716 866.948 0 181.9763 12.83673 0 0 33 0 0 0 NaN
Jun 11th 04:25:50.509 UTC 2 15 39 293 284 741.7141 1181.088 0 691.1234 535.5548 0 0 18 0 0 153.395 2.840648
Jun 11th 04:24:59.168 UTC 3 10 0 210 206 512.9628 866.948 0 181.7287 12.94286 0 0 33 0 0 0 NaN
Jun 11th 04:24:50.520 UTC 2 15 40 291 281 737.3093 1166.278 0 687.8709 530.5248 0 0 18 0 0 144.6987 2.782668
Jun 11th 04:23:59.169 UTC 3 10 0 209 205 511.6128 863.7377 0 181.6365 13.00136 0 0 33 0 0 0 NaN
Jun 11th 04:23:50.519 UTC 2 15 40 290 279 729.8394 1154.49 0 686.5188 527.1824 0 0 18 0 0 138.6012 2.772025
Jun 11th 04:22:58.465 UTC 3 13 0 208 200 507.9341 830.247 0 181.2948 13.08865 0 0 32 0 0 0 NaN
Jun 11th 04:22:50.507 UTC 2 15 38 286 278 719.3049 1151.408 0 678.6652 525.5624 0 0 18 0 0 138.6012 2.772025
Jun 11th 04:21:58.466 UTC 3 11 0 206 200 502.9053 830.247 0 181.3092 13.1353 0 0 32 0 0 0 NaN
Jun 11th 04:21:50.508 UTC 2 15 40 284 275 717.2579 1140.044 0 674.8495 520.5214 0 0 18 0 0 131.8587 2.747057
Jun 11th 04:20:58.455 UTC 3 10 1 205 199 501.1353 825.9199 0 180.9123 13.2067 0 0 32 0 0 0 NaN
Jun 11th 04:20:50.517 UTC 2 15 39 282 275 713.0684 1140.044 0 671.7507 520.5214 0 0 18 0 0 126.9437 2.820972
Jun 11th 04:19:58.456 UTC 3 10 0 204 198 498.4803 816.3721 0 180.8894 13.26709 0 0 32 0 0 0 NaN
Jun 11th 04:19:50.517 UTC 2 14 37 278 274 702.0018 1135.13 0 664.6263 517.408 0 0 18 0 0 126.9437 2.820972
Jun 11th 04:18:55.600 UTC 3 12 0 202 195 496.2303 808.2921 0 180.6091 13.31262 0 0 29 0 0 0 NaN
Jun 11th 04:18:50.507 UTC 2 14 38 276 271 698.8832 1125.748 0 660.4282 512.5297 0 0 18 0 0 126.9437 2.820972
Jun 11th 04:17:54.487 UTC 3 10 1 201 195 494.6903 808.2921 0 181.2553 13.35756 0 0 28 0 0 0 NaN
Jun 11th 04:17:50.509 UTC 2 15 40 275 266 696.8582 1094.628 0 658.9678 505.3292 0 0 18 0 0 123.2237 2.800539
Jun 11th 04:16:54.505 UTC 3 8 1 198 195 486.5176 808.2921 0 180.6945 13.44771 0 0 28 0 0 0 NaN
Jun 11th 04:16:50.518 UTC 2 15 39 273 264 694.7452 1086.44 0 655.5783 501.9096 0 0 18 0 0 123.2237 2.800539
Jun 11th 04:15:54.495 UTC 3 8 0 196 194 480.6476 803.8373 0 179.7878 13.48598 0 0 28 0 0 0 NaN
Jun 11th 04:15:50.509 UTC 2 15 39 270 263 682.3802 1081.417 0 650.1019 500.1724 0 0 18 0 0 116.495 2.841341
Jun 11th 04:14:54.495 UTC 3 6 1 196 193 480.6476 799.3346 0 179.7878 13.64342 0 0 28 0 0 0 NaN
Jun 11th 04:14:50.509 UTC 2 15 40 269 260 680.5217 1068.611 0 648.2532 495.0631 0 0 18 0 0 111.9725 2.799312
Jun 11th 04:13:54.508 UTC 3 12 0 195 187 474.6738 766.6288 0 178.7615 13.64342 0 0 28 0 0 0 NaN
Jun 11th 04:13:50.519 UTC 2 14 38 268 259 678.7516 1064.526 0 646.3068 491.6874 0 0 18 0 0 111.1725 2.850577
Jun 11th 04:12:54.496 UTC 3 11 0 194 187 471.9738 766.6288 0 178.7773 13.70362 0 0 28 0 0 0 NaN
Jun 11th 04:12:50.508 UTC 2 15 40 264 255 672.6337 1048.756 0 639.2006 486.1189 0 0 18 0 0 98.02498 2.722916
Jun 11th 04:11:54.498 UTC 3 13 0 193 185 470.8838 755.9321 0 179.3121 13.70362 0 0 28 0 0 0 NaN
Jun 11th 04:11:50.509 UTC 2 15 40 261 255 663.8811 1048.756 0 632.9088 486.1189 0 0 18 0 0 84.36 2.812
Jun 11th 04:10:54.486 UTC 3 11 1 191 185 468.2688 755.9321 0 179.5449 13.78015 0 0 28 0 0 0 NaN
Jun 11th 04:10:50.507 UTC 2 15 40 258 252 656.491 1033.627 0 626.7773 481.2642 0 0 18 0 0 83.46 2.877931
Jun 11th 04:09:54.507 UTC 3 11 0 190 183 466.9188 747.1279 0 179.255 13.86858 0 0 28 0 0 0 NaN
Jun 11th 04:09:50.518 UTC 2 15 38 257 251 655.931 1032.143 0 624.9296 479.5629 0 0 18 0 0 83.46 2.877931
Jun 11th 04:08:54.496 UTC 3 10 1 187 182 462.7188 744.259 0 178.4887 13.94324 0 0 28 0 0 0 NaN
Jun 11th 04:08:49.476 UTC 2 14 38 254 249 646.9808 1021.628 0 618.9948 474.7156 0 0 17 0 0 83.46 2.877931
Jun 11th 04:07:54.494 UTC 3 10 1 186 181 451.5139 739.0511 0 177.6593 13.99135 0 0 28 0 0 0 NaN
Jun 11th 04:07:49.475 UTC 2 14 39 253 244 646.1408 998.7129 0 617.0936 465.0424 0 0 17 0 0 83.46 2.877931
Jun 11th 04:06:54.495 UTC 3 9 0 182 181 443.8588 739.0511 0 177.4353 14.02959 0 0 28 0 0 0 NaN
Jun 11th 04:06:48.609 UTC 2 14 40 251 242 641.0333 988.3737 0 613.0871 460.9227 0 0 16 0 0 76.215 2.822778
Jun 11th 04:05:54.505 UTC 3 8 0 182 181 443.8588 739.0511 0 177.4353 14.07937 0 0 28 0 0 0 NaN
Jun 11th 04:05:48.598 UTC 2 14 40 249 240 637.8582 976.1325 0 609.6005 456.9822 0 0 16 0 0 72.425 3.017708
Jun 11th 04:04:54.494 UTC 3 5 0 182 181 443.8588 739.0511 0 177.4353 14.25281 0 0 28 0 0 0 NaN
Jun 11th 04:04:48.598 UTC 2 15 39 246 238 629.4001 966.9517 0 604.0092 455.1408 0 0 16 0 0 72.425 3.017708
Jun 11th 04:03:53.697 UTC 3 3 1 181 181 442.0588 739.0511 0 177.2718 14.36299 0 0 27 0 0 0 NaN
Jun 11th 04:03:48.611 UTC 2 15 40 243 236 622.987 957.3145 0 597.8314 451.5615 0 0 16 0 0 68.765 3.125682
Jun 11th 04:02:53.687 UTC 3 1 1 181 181 442.0588 739.0511 0 177.2718 14.50606 0 0 27 0 0 0 NaN
Jun 11th 04:02:48.599 UTC 2 15 39 242 234 619.3082 944.0522 0 596.1159 447.8605 0 0 16 0 0 68.765 3.125682
Jun 11th 04:01:53.066 UTC 3 2 0 181 180 442.0588 736.01 0 177.2718 14.50606 0 0 26 0 0 0 NaN
Jun 11th 04:01:48.599 UTC 2 14 40 238 233 612.3892 942.5747 0 586.3219 444.3262 0 0 16 0 0 57.065 3.003421
Jun 11th 04:00:53.075 UTC 3 3 1 181 178 442.0588 730.2341 0 177.2718 14.57403 0 0 26 0 0 0 NaN
Jun 11th 04:00:48.612 UTC 2 15 39 236 228 607.8262 926.7307 0 581.9749 436.8565 0 0 16 0 0 57.065 3.003421
Jun 11th 03:59:52.404 UTC 3 6 0 179 175 429.7063 716.9271 0 178.1672 14.57403 0 0 25 0 0 0 NaN
Jun 11th 03:59:48.601 UTC 2 15 40 234 225 603.5143 915.3289 0 578.4713 430.569 0 0 16 0 0 53.715 3.159706
Jun 11th 03:58:52.393 UTC 3 7 0 179 173 429.7063 705.1008 0 178.1672 14.65215 0 0 25 0 0 0 NaN
Jun 11th 03:58:48.600 UTC 2 15 39 231 224 600.9063 908.7935 0 571.9005 428.4631 0 0 16 0 0 46.5825 3.327322
Jun 11th 03:57:52.404 UTC 3 9 0 177 170 424.9376 691.4109 0 178.8177 14.70318 0 0 25 0 0 0 NaN
Jun 11th 03:57:48.614 UTC 2 15 40 228 220 594.9063 891.9826 0 565.1088 419.9201 0 0 16 0 0 44.5575 3.4275
Jun 11th 03:56:52.404 UTC 3 11 0 177 167 424.9376 684.467 0 178.8177 14.7829 0 0 25 0 0 0 NaN
Jun 11th 03:56:48.602 UTC 2 15 39 226 219 584.9013 887.3586 0 559.9949 417.4888 0 0 16 0 0 35.85 3.585
Jun 11th 03:55:52.393 UTC 3 14 0 172 163 413.5951 666.6032 0 180.3145 14.8184 0 0 25 0 0 0 NaN
Jun 11th 03:55:48.599 UTC 2 15 39 224 216 581.6513 873.3018 0 555.7769 410.6832 0 0 16 0 0 31.3275 3.480833
Jun 11th 03:54:51.600 UTC 3 14 0 170 162 405.1676 663.8173 0 180.0731 14.89855 0 0 24 0 0 0 NaN
Jun 11th 03:54:48.598 UTC 2 15 38 220 214 576.2923 867.7428 0 547.7086 406.1838 0 0 16 0 0 29.5275 3.690938
Jun 11th 03:53:51.598 UTC 3 12 0 168 161 391.9601 658.351 0 181.0587 15.02907 0 0 24 0 0 0 NaN
Jun 11th 03:53:48.609 UTC 2 15 39 219 211 573.3493 851.9915 0 545.7481 399.5112 0 0 16 0 0 29.5275 3.690938
Jun 11th 03:52:51.599 UTC 3 11 1 163 159 379.9814 651.1039 0 180.1806 15.2405 0 0 24 0 0 0 NaN
Jun 11th 03:52:48.599 UTC 2 15 39 217 209 565.9595 844.5146 0 541.9098 395.2983 0 0 16 0 0 25.545 3.649286
Jun 11th 03:51:51.588 UTC 3 10 0 163 159 379.9814 651.1039 0 180.1806 15.29686 0 0 24 0 0 0 NaN
Jun 11th 03:51:48.608 UTC 2 15 40 215 206 559.5396 830.5886 0 538.2286 389.3453 0 0 16 0 0 18.0975 3.6195
Jun 11th 03:50:51.597 UTC 3 12 0 162 155 378.1414 638.2277 0 180.6031 15.45962 0 0 24 0 0 0 NaN
Jun 11th 03:50:48.609 UTC 2 15 38 212 205 553.9265 827.2507 0 532.5966 387.493 0 0 16 0 0 18.0975 3.6195
Jun 11th 03:49:51.598 UTC 3 12 0 158 153 366.7101 627.1513 0 178.4685 15.55363 0 0 24 0 0 0 NaN
Jun 11th 03:49:48.609 UTC 2 15 37 208 202 542.6465 819.2634 0 524.9795 382.1608 0 0 16 0 0 18.0975 3.6195
Jun 11th 03:48:51.596 UTC 3 9 1 157 153 365.9101 627.1513 0 179.2106 15.73572 0 0 24 0 0 0 NaN
Jun 11th 03:48:48.601 UTC 2 15 38 207 198 541.6865 804.4438 0 523.5747 374.9413 0 0 16 0 0 18.0975 3.6195
Jun 11th 03:47:51.596 UTC 3 8 0 155 152 362.9001 623.4879 0 178.9961 15.83046 0 0 24 0 0 0 NaN
Jun 11th 03:47:47.733 UTC 2 15 38 205 197 538.6505 798.0233 0 520.4274 373.0832 0 0 15 0 0 16.0725 4.018125
Jun 11th 03:46:50.699 UTC 3 8 1 154 150 357.8152 616.5536 0 178.9679 15.94109 0 0 23 0 0 0 NaN
Jun 11th 03:46:47.733 UTC 2 13 39 200 195 530.12 785.2844 0 509.9479 366.2604 0 0 15 0 0 16.0725 4.018125
Jun 11th 03:45:50.709 UTC 3 12 0 154 146 357.8152 606.5015 0 178.9679 15.94109 0 0 23 0 0 0 NaN
Jun 11th 03:45:47.723 UTC 2 14 39 199 191 527.177 761.9222 0 507.9385 360.4418 0 0 15 0 0 7.41 3.705
Jun 11th 03:44:49.903 UTC 3 12 0 149 145 351.4952 600.432 0 180.2791 15.99862 0 0 22 0 0 0 NaN
Jun 11th 03:44:47.714 UTC 2 15 39 198 189 525.869 755.54 0 506.1557 358.3026 0 0 15 0 0 0 NaN
Jun 11th 03:43:49.904 UTC 3 10 1 147 144 344.7114 596.14 0 180.8553 16.22767 0 0 22 0 0 0 NaN
Jun 11th 03:43:47.734 UTC 2 14 39 198 187 525.869 746.5124 0 506.1557 352.4535 0 0 15 0 0 0 NaN
Jun 11th 03:42:49.055 UTC 3 7 1 146 144 339.5139 596.14 0 181.2568 16.42511 0 0 21 0 0 0 NaN
Jun 11th 03:42:47.733 UTC 2 15 39 194 184 512.9888 729.0634 0 500.4897 348.4141 0 0 15 0 0 0 NaN
Jun 11th 03:41:48.340 UTC 3 7 1 146 142 339.5139 588.277 0 181.2568 16.62768 0 0 20 0 0 0 NaN
Jun 11th 03:41:47.723 UTC 2 15 37 190 184 507.0038 729.0634 0 493.2592 348.4141 0 0 15 0 0 0 NaN
Jun 11th 03:40:48.340 UTC 3 6 0 144 140 338.0139 581.8757 0 181.7676 16.86572 0 0 20 0 0 0 NaN
Jun 11th 03:40:47.722 UTC 2 15 37 187 182 500.9458 725.8754 0 486.8065 345.3894 0 0 15 0 0 0 NaN
Jun 11th 03:39:47.733 UTC 2 15 36 185 180 494.2194 721.9981 0 484.0135 342.6411 0 0 15 0 0 0 NaN
Jun 11th 03:39:47.568 UTC 3 6 0 143 139 336.2139 579.3068 0 181.8364 16.97987 0 0 19 0 0 0 NaN
Jun 11th 03:38:47.734 UTC 2 14 34 181 177 487.2197 705.5479 0 477.789 337.6148 0 0 15 0 0 0 NaN
Jun 11th 03:38:47.568 UTC 3 8 0 142 137 334.5789 572.6565 0 182.5953 16.97987 0 0 19 0 0 0 NaN
Jun 11th 03:37:47.722 UTC 2 15 35 180 171 486.2597 685.8107 0 474.9905 329.6456 0 0 15 0 0 0 NaN
Jun 11th 03:37:47.579 UTC 3 7 1 141 136 332.7889 569.0825 0 183.1467 17.18155 0 0 19 0 0 0 NaN
Jun 11th 03:36:47.732 UTC 2 15 33 177 169 476.4381 678.2349 0 469.4657 325.8336 0 0 15 0 0 0 NaN
Jun 11th 03:36:47.571 UTC 3 10 0 138 132 325.1052 559.0367 0 183.0767 17.24223 0 0 19 0 0 0 NaN
Jun 11th 03:35:47.568 UTC 3 10 0 136 130 318.3927 550.7111 0 184.0054 17.43033 0 0 19 0 0 0 NaN
Jun 11th 03:35:46.712 UTC 2 13 36 176 166 473.6781 665.2247 0 467.5331 315.3915 0 0 14 0 0 0 NaN
Jun 11th 03:34:47.560 UTC 3 12 0 133 127 314.0127 538.8242 0 185.6807 17.54465 0 0 19 0 0 0 NaN
Jun 11th 03:34:45.775 UTC 2 15 34 172 162 464.8716 651.6976 0 460.09 310.782 0 0 13 0 0 0 NaN
Jun 11th 03:33:47.576 UTC 3 12 1 131 124 311.8627 524.7034 0 186.6847 17.81703 0 0 19 0 0 0 NaN
Jun 11th 03:33:45.765 UTC 2 15 34 170 159 456.5916 642.0731 0 455.5014 304.0568 0 0 13 0 0 0 NaN
Jun 11th 03:32:46.737 UTC 3 9 0 130 123 311.0627 521.8761 0 187.4662 18.19927 0 0 18 0 0 0 NaN
Jun 11th 03:32:45.765 UTC 2 15 35 166 158 447.8331 637.1556 0 447.8852 302.0407 0 0 13 0 0 0 NaN
Jun 11th 03:31:46.747 UTC 3 8 0 129 122 309.0377 520.7432 0 188.3584 18.38381 0 0 18 0 0 0 NaN
Jun 11th 03:31:45.755 UTC 2 15 35 160 155 422.5825 628.1279 0 436.406 296.0382 0 0 13 0 0 0 NaN
Jun 11th 03:30:46.748 UTC 3 9 0 125 120 300.4577 515.3151 0 188.2658 18.45107 0 0 18 0 0 0 NaN
Jun 11th 03:30:45.765 UTC 2 15 30 160 155 422.5825 628.1279 0 436.406 296.0382 0 0 13 0 0 0 NaN
Jun 11th 03:29:46.743 UTC 3 13 0 122 115 294.1802 490.3861 0 190.2848 18.53516 0 0 18 0 0 0 NaN
Jun 11th 03:29:45.764 UTC 2 14 31 157 151 415.0697 609.8172 0 430.5921 287.5828 0 0 13 0 0 0 NaN
Jun 11th 03:28:46.740 UTC 3 13 0 119 113 279.8252 485.727 0 190.5111 18.8103 0 0 18 0 0 0 NaN
Jun 11th 03:28:45.759 UTC 2 15 32 155 146 409.9117 593.386 0 426.4297 279.5947 0 0 13 0 0 0 NaN
Jun 11th 03:27:46.057 UTC 3 12 0 119 111 279.8252 482.1338 0 190.5111 19.10302 0 0 17 0 0 0 NaN
Jun 11th 03:27:45.772 UTC 2 15 33 153 143 403.4385 581.4481 0 423.4554 273.362 0 0 13 0 0 0 NaN
Jun 11th 03:26:46.048 UTC 3 10 1 115 110 272.7552 475.1261 0 193.0556 19.4551 0 0 17 0 0 0 NaN
Jun 11th 03:26:45.763 UTC 2 15 31 151 142 395.001 575.6721 0 420.2156 271.2316 0 0 13 0 0 0 NaN
Jun 11th 03:25:46.048 UTC 3 10 0 113 108 269.6402 467.4355 0 194.6101 19.67464 0 0 17 0 0 0 NaN
Jun 11th 03:25:45.763 UTC 2 15 33 147 137 385.4711 548.0243 0 412.6617 261.4802 0 0 13 0 0 0 NaN
Jun 11th 03:24:45.772 UTC 2 15 32 145 136 379.153 542.1973 0 408.5161 259.2525 0 0 13 0 0 0 NaN
Jun 11th 03:24:44.325 UTC 3 11 1 112 105 268.8402 454.1349 0 193.7274 19.9763 0 0 15 0 0 0 NaN
Jun 11th 03:23:45.772 UTC 2 15 32 142 133 371.7888 529.085 0 402.6137 253.3419 0 0 13 0 0 0 NaN
Jun 11th 03:23:44.325 UTC 3 10 1 110 103 262.2252 444.4754 0 193.8365 20.33987 0 0 15 0 0 0 NaN
Jun 11th 03:22:45.761 UTC 2 15 30 140 132 359.1123 524.4451 0 398.4048 251.4814 0 0 13 0 0 0 NaN
Jun 11th 03:22:44.325 UTC 3 10 0 109 102 257.2452 440.4067 0 194.4666 20.51009 0 0 15 0 0 0 NaN
Jun 11th 03:21:45.761 UTC 2 15 27 138 130 353.515 511.2276 0 395.6743 247.6624 0 0 13 0 0 0 NaN
Jun 11th 03:21:43.336 UTC 3 12 0 106 100 249.6027 433.5234 0 193.1024 20.51009 0 0 14 0 0 0 NaN
Jun 11th 03:20:45.771 UTC 2 15 24 136 129 346.1035 506.6164 0 392.2786 246.0514 0 0 13 0 0 0 NaN
Jun 11th 03:20:43.347 UTC 3 13 0 105 98 247.8027 426.2668 0 192.6299 20.67426 0 0 14 0 0 0 NaN
Jun 11th 03:19:44.679 UTC 2 15 26 133 125 341.569 490.7342 0 385.2871 239.1852 0 0 12 0 0 0 NaN
Jun 11th 03:19:43.336 UTC 3 11 0 101 97 231.4377 421.8503 0 190.8519 21.11886 0 0 14 0 0 0 NaN
Jun 11th 03:18:44.689 UTC 2 15 23 132 124 336.3715 485.89 0 383.2947 237.3747 0 0 12 0 0 0 NaN
Jun 11th 03:18:41.786 UTC 3 15 1 99 93 227.1877 396.8288 0 189.6882 21.11886 0 0 12 0 0 0 NaN
Jun 11th 03:17:44.690 UTC 2 14 22 127 124 321.223 485.89 0 373.5444 236.2553 0 0 12 0 0 0 NaN
Jun 11th 03:17:41.774 UTC 3 14 1 98 91 224.4277 385.8162 0 189.495 21.15599 0 0 12 0 0 0 NaN
Jun 11th 03:16:43.568 UTC 2 15 22 127 119 321.223 462.2662 0 373.5444 231.1928 0 0 11 0 0 0 NaN
Jun 11th 03:16:41.796 UTC 3 15 4 97 86 221.7727 367.7991 0 188.8621 18.5903 0 0 12 0 0 0 NaN
Jun 11th 03:15:43.577 UTC 2 15 22 125 117 316.633 455.1692 0 369.2182 227.7966 0 0 11 0 0 0 NaN
Jun 11th 03:15:41.782 UTC 3 15 3 93 84 214.249 359.3203 0 187.1568 17.21967 0 0 12 0 0 0 NaN
Jun 11th 03:14:43.577 UTC 2 15 21 124 115 315.325 448.3051 0 366.0236 224.1109 0 0 11 0 0 0 NaN
Jun 11th 03:14:41.783 UTC 3 15 2 91 82 209.9965 350.682 0 187.0583 16.75985 0 0 12 0 0 0 NaN
Jun 11th 03:13:42.609 UTC 2 14 21 120 114 303.8628 443.295 0 358.1166 220.4585 0 0 10 0 0 0 NaN
Jun 11th 03:13:40.965 UTC 3 14 5 88 79 200.534 336.9538 0 184.061 13.71649 0 0 11 0 0 0 NaN
Jun 11th 03:12:41.660 UTC 2 14 23 116 110 295.2344 430.4348 0 346.6869 212.526 0 0 9 0 0 0 NaN
Jun 11th 03:12:40.975 UTC 3 14 5 88 76 200.534 327.8559 0 184.061 8.817888 0 0 11 0 0 0 NaN
Jun 11th 03:11:40.977 UTC 3 15 4 86 74 193.6602 316.604 0 182.8662 7.388923 0 0 11 0 0 0 NaN
Jun 11th 03:11:39.675 UTC 2 15 25 115 106 293.0271 415.3822 0 345.007 205.2534 0 0 7 0 0 0 NaN
Jun 11th 03:10:40.976 UTC 3 15 4 81 74 184.7327 316.604 0 182.7744 7.388923 0 0 11 0 0 0 NaN
Jun 11th 03:10:39.682 UTC 2 15 21 113 104 285.0385 410.369 0 340.3442 200.5037 0 0 7 0 0 0 NaN
Jun 11th 03:09:40.987 UTC 3 14 1 78 73 179.0527 313.1703 0 183.8336 7.385878 0 0 11 0 0 0 NaN
Jun 11th 03:09:39.683 UTC 2 14 23 109 103 277.8895 406.6098 0 330.3747 195.515 0 0 7 0 0 0 NaN
Jun 11th 03:08:40.976 UTC 3 12 1 77 73 176.6002 313.1703 0 183.9054 7.50061 0 0 11 0 0 0 NaN
Jun 11th 03:08:39.682 UTC 2 15 24 105 98 271.9395 385.6505 0 320.6617 185.6713 0 0 7 0 0 0 NaN
Jun 11th 03:07:40.977 UTC 3 11 1 74 70 172.7002 304.701 0 178.2115 7.536613 0 0 11 0 0 0 NaN
Jun 11th 03:07:39.673 UTC 2 13 24 102 98 267.2505 385.6505 0 313.6203 181.0826 0 0 7 0 0 0 NaN
Jun 11th 03:06:40.967 UTC 3 9 0 73 69 170.2477 296.3754 0 178.7614 7.720498 0 0 11 0 0 0 NaN
Jun 11th 03:06:38.652 UTC 2 15 28 102 92 267.2505 360.8363 0 313.6203 171.2406 0 0 6 0 0 0 NaN
Jun 11th 03:05:40.986 UTC 3 8 0 70 69 162.2277 296.3754 0 181.3546 7.703076 0 0 11 0 0 0 NaN
Jun 11th 03:05:38.648 UTC 2 12 27 98 91 256.2288 358.9025 0 304.3463 160.5956 0 0 6 0 0 0 NaN
Jun 11th 03:04:40.007 UTC 3 7 1 70 68 162.2277 290.6219 0 181.3546 7.772645 0 0 10 0 0 0 NaN
Jun 11th 03:04:37.632 UTC 2 15 26 95 87 249.4046 338.1379 0 298.0123 157.701 0 0 5 0 0 0 NaN
Jun 11th 03:03:40.006 UTC 3 7 0 70 66 162.2277 285.3214 0 181.3546 7.750486 0 0 10 0 0 0 NaN
Jun 11th 03:03:37.640 UTC 2 15 25 95 85 249.4046 331.7907 0 298.0123 152.508 0 0 5 0 0 0 NaN
Jun 11th 03:02:40.005 UTC 3 9 0 69 62 159.5277 269.5668 0 182.8722 7.824894 0 0 10 0 0 0 NaN
Jun 11th 03:02:37.641 UTC 2 15 25 91 82 242.1146 319.3166 0 288.9202 145.4668 0 0 5 0 0 0 NaN
Jun 11th 03:01:39.290 UTC 3 9 0 67 61 156.4752 261.2284 0 178.6614 7.816432 0 0 9 0 0 0 NaN
Jun 11th 03:01:37.632 UTC 2 15 22 88 81 233.0078 310.9782 0 283.0598 143.0983 0 0 5 0 0 0 NaN
Jun 11th 03:00:39.283 UTC 3 9 0 65 59 151.4927 255.6599 0 181.5781 7.918179 0 0 9 0 0 0 NaN
Jun 11th 03:00:37.642 UTC 2 15 21 85 79 227.5554 301.7463 0 277.3555 139.0714 0 0 5 0 0 0 NaN
Jun 11th 02:59:39.282 UTC 3 11 0 63 57 146.724 247.6725 0 181.0106 7.918179 0 0 9 0 0 0 NaN
Jun 11th 02:59:37.632 UTC 2 15 20 84 74 224.4369 285.2578 0 274.8843 128.8579 0 0 5 0 0 0 NaN
Jun 11th 02:58:39.291 UTC 3 12 0 62 54 145.524 236.5515 0 182.8578 8.026092 0 0 9 0 0 0 NaN
Jun 11th 02:58:37.641 UTC 2 15 19 81 72 209.7039 279.0159 0 269.7654 125.513 0 0 5 0 0 0 NaN
Jun 11th 02:57:39.292 UTC 3 10 0 59 54 141.884 236.5515 0 182.423 8.234198 0 0 9 0 0 0 NaN
Jun 11th 02:57:37.641 UTC 2 15 18 79 69 206.3514 270.186 0 267.133 120.167 0 0 5 0 0 0 NaN
Jun 11th 02:56:39.283 UTC 3 10 0 58 53 139.184 228.7205 0 184.2966 8.232102 0 0 9 0 0 0 NaN
Jun 11th 02:56:37.631 UTC 2 15 14 75 69 194.6611 270.186 0 255.4218 120.167 0 0 5 0 0 0 NaN
Jun 11th 02:55:39.272 UTC 3 8 0 55 52 128.759 223.2222 0 181.3946 8.525534 0 0 9 0 0 0 NaN
Jun 11th 02:55:37.641 UTC 2 15 16 70 65 184.8034 250.6308 0 244.4811 114.0947 0 0 5 0 0 0 NaN
Jun 11th 02:54:39.293 UTC 3 11 0 54 49 127.549 209.1366 0 180.885 8.525534 0 0 9 0 0 0 NaN
Jun 11th 02:54:37.640 UTC 2 15 13 70 62 184.8034 234.7805 0 244.4811 106.7668 0 0 5 0 0 0 NaN
Jun 11th 02:53:38.424 UTC 3 14 1 54 45 127.549 190.009 0 180.885 8.596188 0 0 8 0 0 0 NaN
Jun 11th 02:53:37.640 UTC 2 15 13 68 58 178.9759 223.4872 0 240.383 96.98167 0 0 5 0 0 0 NaN
Jun 11th 02:52:38.425 UTC 3 12 0 52 44 125.549 188.3017 0 183.7993 8.617231 0 0 8 0 0 0 NaN
Jun 11th 02:52:37.631 UTC 2 15 13 66 56 174.9259 219.6003 0 239.0865 92.28112 0 0 5 0 0 0 NaN
Jun 11th 02:51:38.424 UTC 3 10 1 49 43 118.3865 182.9279 0 188.0676 8.869627 0 0 8 0 0 0 NaN
Jun 11th 02:51:37.641 UTC 2 14 12 62 55 160.7306 213.2277 0 230.159 88.51128 0 0 5 0 0 0 NaN
Jun 11th 02:50:38.425 UTC 3 10 0 46 40 107.7327 170.9357 0 185.5984 9.070292 0 0 8 0 0 0 NaN
Jun 11th 02:50:37.641 UTC 2 15 13 56 51 138.6575 196.3977 0 214.2256 82.20798 0 0 5 0 0 0 NaN
Jun 11th 02:49:36.802 UTC 3 12 0 46 38 107.7327 159.1445 0 185.5984 9.070292 0 0 6 0 0 0 NaN
Jun 11th 02:49:36.663 UTC 2 14 14 56 49 138.6575 189.6804 0 214.2256 75.11352 0 0 4 0 0 0 NaN
Jun 11th 02:48:36.822 UTC 3 12 0 44 37 104.1902 157.4053 0 183.5882 9.054571 0 0 6 0 0 0 NaN
Jun 11th 02:48:36.673 UTC 2 15 10 55 47 134.9787 187.0126 0 212.2293 72.7464 0 0 4 0 0 0 NaN
Jun 11th 02:47:36.822 UTC 3 10 0 41 37 97.40498 157.4053 0 178.4025 9.275357 0 0 6 0 0 0 NaN
Jun 11th 02:47:36.674 UTC 2 15 12 49 42 119.4087 165.2651 0 203.5334 62.55987 0 0 4 0 0 0 NaN
Jun 11th 02:46:36.671 UTC 2 13 12 48 40 118.8087 161.0879 0 200.163 53.87644 0 0 4 0 0 0 NaN
Jun 11th 02:46:36.066 UTC 3 10 0 39 36 93.33999 148.3649 0 179.7233 9.279276 0 0 5 0 0 0 NaN
Jun 11th 02:45:36.661 UTC 2 15 11 46 37 115.8087 151.3964 0 198.1839 51.18407 0 0 4 0 0 0 NaN
Jun 11th 02:45:36.075 UTC 3 9 0 38 34 91.02999 136.8513 0 178.9928 9.661553 0 0 5 0 0 0 NaN
Jun 11th 02:44:36.673 UTC 2 15 9 40 34 103.745 140.5913 0 189.7394 44.87681 0 0 4 0 0 0 NaN
Jun 11th 02:44:36.065 UTC 3 11 0 37 32 87.56499 124.3102 0 176.9438 9.661553 0 0 5 0 0 0 NaN
Jun 11th 02:43:36.674 UTC 2 15 7 39 31 100.0662 124.9165 0 190.7903 39.92144 0 0 4 0 0 0 NaN
Jun 11th 02:43:36.068 UTC 3 13 1 37 28 87.56499 109.6438 0 176.9438 9.833845 0 0 5 0 0 0 NaN
Jun 11th 02:42:36.672 UTC 2 15 10 36 26 86.85874 96.40705 0 182.1727 29.4423 0 0 4 0 0 0 NaN
Jun 11th 02:42:36.068 UTC 3 12 0 36 27 86.02499 105.4858 0 176.673 10.28013 0 0 5 0 0 0 NaN
Jun 11th 02:41:36.662 UTC 2 14 6 33 25 74.735 93.39781 0 179.7839 24.44699 0 0 4 0 0 0 NaN
Jun 11th 02:41:36.059 UTC 3 15 1 34 23 82.245 85.38174 0 179.4735 9.204837 0 0 5 0 0 0 NaN
Jun 11th 02:40:36.672 UTC 2 15 6 33 21 74.735 76.47849 0 179.7839 16.96991 0 0 4 0 0 0 NaN
Jun 11th 02:40:36.058 UTC 3 13 1 31 23 72.88125 85.38174 0 177.4149 9.542724 0 0 5 0 0 0 NaN
Jun 11th 02:39:36.670 UTC 2 15 3 28 21 60.63626 76.47849 0 172.1006 16.96991 0 0 4 0 0 0 NaN
Jun 11th 02:39:35.326 UTC 3 14 2 27 19 58.38375 66.30523 0 171.4062 7.679757 0 0 4 0 0 0 NaN
Jun 11th 02:38:36.671 UTC 2 15 2 27 20 57.17126 71.11741 0 171.7136 16.25865 0 0 4 0 0 0 NaN
Jun 11th 02:38:35.323 UTC 3 14 0 24 18 53.38375 61.31113 0 166.1521 7.814137 0 0 4 0 0 0 NaN
Jun 11th 02:37:35.650 UTC 2 15 2 26 16 54.86126 53.62368 0 170.0282 12.82788 0 0 3 0 0 0 NaN
Jun 11th 02:37:34.634 UTC 3 15 2 22 15 47.28625 47.52868 0 167.0375 6.432606 0 0 3 0 0 0 NaN
Jun 11th 02:36:35.653 UTC 2 15 3 22 13 47.96125 39.05302 0 156.3021 7.252582 0 0 3 0 0 0 NaN
Jun 11th 02:36:34.630 UTC 3 15 1 22 13 47.28625 41.65699 0 167.0375 5.842463 0 0 3 0 0 0 NaN
Jun 11th 02:35:35.641 UTC 2 15 2 20 12 40.8975 37.38086 0 151.4525 5.007967 0 0 3 0 0 0 NaN
Jun 11th 02:35:34.629 UTC 3 13 0 19 12 35.25625 39.22216 0 156.953 5.497958 0 0 3 0 0 0 NaN
Jun 11th 02:34:35.640 UTC 2 15 0 16 10 33.0725 25.64712 0 155.6294 5.01962 0 0 3 0 0 0 NaN
Jun 11th 02:34:34.629 UTC 3 15 0 16 9 31.29625 26.10026 0 157.6691 5.529787 0 0 3 0 0 0 NaN
Jun 11th 02:33:35.656 UTC 2 13 1 15 9 32.1725 21.71247 0 150.7114 5.132564 0 0 3 0 0 0 NaN
Jun 11th 02:33:34.628 UTC 3 15 0 14 6 27.89125 14.36969 0 162.0633 4.978302 0 0 3 0 0 0 NaN
Jun 11th 02:32:35.650 UTC 2 11 0 13 8 23.9375 20.99446 0 152.4083 5.281172 0 0 3 0 0 0 NaN
Jun 11th 02:32:34.618 UTC 3 13 1 11 5 22.2625 12.48372 0 134.8923 5.022525 0 0 3 0 0 0 NaN
Jun 11th 02:31:35.638 UTC 2 11 0 11 6 21.7875 14.65369 0 136.3675 5.270004 0 0 3 0 0 0 NaN
Jun 11th 02:31:33.734 UTC 3 14 1 8 2 17.2525 3.085845 0 140.5275 4.999037 0 0 2 0 0 0 NaN
Jun 11th 02:30:35.640 UTC 2 10 0 8 5 15.33 11.06686 0 128.5603 5.124458 0 0 3 0 0 0 NaN
Jun 11th 02:30:33.733 UTC 3 12 0 7 1 15.6175 1.879586 0 149.7973 5.121711 0 0 2 0 0 0 NaN
Jun 11th 02:29:35.651 UTC 2 10 0 7 3 13.02 5.316442 0 113.7448 5.011866 0 0 3 0 0 0 NaN
Jun 11th 02:29:33.732 UTC 3 9 1 4 0 10.19 0 0 163.0685 4.926409 0 0 2 0 0 0 NaN
Jun 11th 02:28:34.497 UTC 2 10 0 6 1 10.365 1.400921 0 101.1087 5.585756 0 0 2 0 0 0 NaN
Jun 11th 02:28:32.914 UTC 3 7 1 0 0 0 0 0 NaN 4.487954 0 0 1 0 0 0 NaN
Jun 11th 02:27:34.488 UTC 2 7 0 3 1 5.475 1.400921 0 104.8146 5.106286 0 0 2 0 0 0 NaN
Jun 11th 02:27:32.904 UTC 3 5 1 0 0 0 0 0 NaN 4.835205 0 0 1 0 0 0 NaN
Jun 11th 02:26:34.507 UTC 2 5 0 1 0 2.025 0 0 59.77463 5.860663 0 0 2 0 0 0 NaN
Jun 11th 02:26:32.904 UTC 3 3 0 0 0 0 0 0 NaN 4.303537 0 0 1 0 0 0 NaN
Jun 11th 02:25:33.301 UTC 2 3 0 0 0 0 0 0 NaN 3.522147 0 0 1 0 0 0 NaN
Jun 11th 02:25:32.905 UTC 3 1 0 0 0 0 0 0 NaN 11.63711 0 0 1 0 0 0 NaN
Jun 11th 02:24:32.330 UTC 2 0 0 0 0 0 0 0 NaN NaN 0 0 0 0 0 0 NaN
Jun 11th 02:24:32.318 UTC 3 0 0 0 0 0 0 0 NaN NaN 0 0 0 0 0 0 NaN