dt1 dt2 dt3 dt4 controller drones queue deliveries fullTrips revenue costs penalties avgDelTime avgWaitTime fDel fRet fLaunch collisions unknown potentialLost avgPotentialLost
Jun 11th 09:59:57.887 UTC 2 14 40 954 947 2492.646 3692.169 0 303.69 150.1315 0 0 76 0 0 379.2752 1.965157
Jun 11th 09:59:52.399 UTC 3 6 0 617 611 1642.483 2781.639 11.48871 193.3086 11.92881 2 2 79 0 0 0 NaN
Jun 11th 09:58:57.877 UTC 2 14 39 950 943 2483.232 3678.515 0 304.1089 150.5569 0 0 76 0 0 379.2752 1.965157
Jun 11th 09:58:52.398 UTC 3 6 0 616 610 1640.713 2776.983 11.48871 193.199 11.94434 2 2 79 0 0 0 NaN
Jun 11th 09:57:56.754 UTC 2 14 40 946 939 2465.442 3666.634 0 304.6041 150.9837 0 0 75 0 0 379.2752 1.975392
Jun 11th 09:57:52.411 UTC 3 8 0 615 608 1638.261 2767.311 11.48871 193.3847 11.94434 2 2 79 0 0 0 NaN
Jun 11th 09:56:56.743 UTC 2 14 40 945 936 2459.862 3648.929 0 304.8257 151.4451 0 0 75 0 0 379.2752 1.996185
Jun 11th 09:56:51.360 UTC 3 10 1 614 605 1636.626 2753.092 11.48871 193.182 11.95978 2 2 78 0 0 0 NaN
Jun 11th 09:55:56.743 UTC 2 15 38 940 934 2446.832 3637.997 0 305.4028 151.587 0 0 75 0 0 373.3015 1.97514
Jun 11th 09:55:51.352 UTC 3 15 0 611 600 1629.283 2725.68 11.48871 193.4956 11.95978 2 2 78 0 0 0 NaN
Jun 11th 09:54:56.753 UTC 2 15 39 939 930 2445.032 3625.443 0 305.5749 151.8069 0 0 75 0 0 373.3015 1.97514
Jun 11th 09:54:51.363 UTC 3 13 0 610 599 1628.383 2722.585 11.48871 193.4986 12.00498 2 2 78 0 0 0 NaN
Jun 11th 09:53:56.744 UTC 2 13 40 938 928 2442.772 3616.156 0 305.844 152.372 0 0 75 0 0 373.3015 1.97514
Jun 11th 09:53:50.432 UTC 3 12 0 610 599 1628.383 2722.585 11.48871 193.4986 12.01419 2 2 77 0 0 0 NaN
Jun 11th 09:52:55.202 UTC 2 15 40 933 925 2429.962 3602.499 0 299.2125 152.5204 0 0 74 0 0 366.3272 1.969501
Jun 11th 09:52:50.423 UTC 3 12 0 605 598 1615.679 2716.889 11.48871 192.9018 12.02569 2 2 77 0 0 0 NaN
Jun 11th 09:51:55.193 UTC 2 15 38 931 923 2422.425 3591.157 0 299.2952 152.6541 0 0 74 0 0 366.3272 1.969501
Jun 11th 09:51:50.424 UTC 3 12 1 602 596 1609.399 2707.181 11.48871 192.7558 12.04699 2 2 77 0 0 0 NaN
Jun 11th 09:50:55.210 UTC 2 15 36 927 922 2411.869 3588.458 0 299.5753 152.8139 0 0 74 0 0 366.3272 1.969501
Jun 11th 09:50:49.606 UTC 3 12 1 600 594 1601.659 2701.677 11.48871 192.765 12.07003 2 2 76 0 0 0 NaN
Jun 11th 09:49:55.200 UTC 2 14 33 926 922 2409.417 3588.458 0 299.5743 152.9763 0 0 74 0 0 366.3272 1.969501
Jun 11th 09:49:49.607 UTC 3 13 0 600 593 1601.659 2699.8 11.48871 192.765 12.07003 2 2 76 0 0 0 NaN
Jun 11th 09:48:55.201 UTC 2 15 37 925 915 2401.046 3563.461 0 299.6836 146.5899 0 0 74 0 0 366.3272 1.969501
Jun 11th 09:48:48.882 UTC 3 10 1 596 592 1589.684 2694.267 11.48871 193.1592 12.1149 2 2 75 0 0 0 NaN
Jun 11th 09:47:55.202 UTC 2 15 37 920 912 2384.657 3552.529 0 299.9007 146.767 0 0 74 0 0 366.3272 1.969501
Jun 11th 09:47:48.891 UTC 3 9 1 596 591 1589.684 2688.899 11.48871 193.1592 12.13713 2 2 75 0 0 0 NaN
Jun 11th 09:46:55.211 UTC 2 14 40 919 909 2380.979 3541.443 0 300.0797 147.1393 0 0 74 0 0 366.3272 1.969501
Jun 11th 09:46:48.891 UTC 3 7 0 596 590 1589.684 2686.161 11.48871 193.1592 12.17575 2 2 75 0 0 0 NaN
Jun 11th 09:45:55.201 UTC 2 15 40 918 907 2379.179 3532.922 0 300.2859 147.2372 0 0 74 0 0 356.6747 1.959751
Jun 11th 09:45:48.889 UTC 3 7 0 595 589 1585.601 2681.346 11.48871 192.9724 12.1937 2 2 75 0 0 0 NaN
Jun 11th 09:44:55.202 UTC 2 15 39 912 906 2357.792 3528.225 0 300.0494 147.3766 0 0 74 0 0 355.1547 1.973082
Jun 11th 09:44:48.879 UTC 3 9 0 593 586 1580.511 2674.163 11.48871 193.0602 12.20166 2 2 75 0 0 0 NaN
Jun 11th 09:43:55.213 UTC 2 15 38 909 902 2351.677 3514.64 0 300.3509 147.4659 0 0 74 0 0 355.1547 1.973082
Jun 11th 09:43:48.890 UTC 3 7 1 591 586 1574.134 2674.163 11.48871 192.9445 12.2328 2 2 75 0 0 0 NaN
Jun 11th 09:42:55.202 UTC 2 15 35 908 902 2350.876 3514.64 0 300.4269 147.4659 0 0 74 0 0 355.1547 1.973082
Jun 11th 09:42:47.982 UTC 3 6 1 589 586 1571.464 2674.163 11.48871 193.1853 12.23923 2 2 74 0 0 0 NaN
Jun 11th 09:41:55.204 UTC 2 12 36 905 900 2342.293 3506.889 0 300.7673 147.33 0 0 74 0 0 355.1547 1.973082
Jun 11th 09:41:46.881 UTC 3 6 1 588 585 1569.439 2672.286 11.48871 193.1841 12.25407 2 2 73 0 0 0 NaN
Jun 11th 09:40:55.212 UTC 2 15 40 902 892 2334.802 3478.392 0 300.7268 147.8672 0 0 74 0 0 355.1547 1.973082
Jun 11th 09:40:45.870 UTC 3 6 0 588 583 1569.439 2663.093 11.48871 193.1841 12.27876 2 2 72 0 0 0 NaN
Jun 11th 09:39:55.203 UTC 2 15 40 900 891 2332.172 3472.811 0 301.1792 147.9787 0 0 74 0 0 350.9607 1.994095
Jun 11th 09:39:45.874 UTC 3 9 0 587 579 1568.839 2650.178 11.48871 193.3746 12.29883 2 2 72 0 0 0 NaN
Jun 11th 09:38:55.202 UTC 2 15 38 897 890 2322.315 3467.657 0 301.8337 148.1192 0 0 74 0 0 350.9607 1.994095
Jun 11th 09:38:45.882 UTC 3 9 0 586 577 1566.387 2642.669 11.48871 193.6206 12.32056 2 2 72 0 0 0 NaN
Jun 11th 09:37:55.203 UTC 2 14 40 894 885 2313.128 3446.487 0 302.1967 148.4424 0 0 74 0 0 350.9607 1.994095
Jun 11th 09:37:45.875 UTC 3 10 0 584 575 1552.943 2637.18 11.48871 193.839 12.33912 2 2 72 0 0 0 NaN
Jun 11th 09:36:55.212 UTC 2 15 40 893 882 2312.528 3434.205 0 302.0136 148.7525 0 0 74 0 0 348.4182 1.990961
Jun 11th 09:36:44.530 UTC 3 11 0 581 572 1538.168 2624.062 11.48871 194.0039 12.36109 2 2 71 0 0 0 NaN
Jun 11th 09:35:55.203 UTC 2 15 39 890 881 2306.055 3429.999 0 302.3256 148.8875 0 0 74 0 0 344.9742 2.005664
Jun 11th 09:35:44.539 UTC 3 13 0 579 570 1534.248 2613.589 11.48871 194.238 12.36109 2 2 71 0 0 0 NaN
Jun 11th 09:34:55.201 UTC 2 15 37 885 879 2295.059 3422.219 0 302.6822 149.1683 0 0 74 0 0 344.9742 2.005664
Jun 11th 09:34:44.540 UTC 3 12 0 576 569 1525.488 2610.918 11.48871 194.4569 12.38098 2 2 71 0 0 0 NaN
Jun 11th 09:33:55.212 UTC 2 15 36 884 878 2291.38 3420.933 0 302.7931 149.3265 0 0 74 0 0 344.9742 2.005664
Jun 11th 09:33:44.529 UTC 3 8 1 576 568 1525.488 2604.242 11.48871 194.4569 12.46666 2 2 71 0 0 0 NaN
Jun 11th 09:32:55.201 UTC 2 14 38 880 875 2283.202 3412.509 0 302.6624 149.6605 0 0 74 0 0 344.9742 2.005664
Jun 11th 09:32:41.782 UTC 3 9 1 573 566 1519.255 2593.603 11.48871 194.6199 12.47514 2 2 69 0 0 0 NaN
Jun 11th 09:31:55.202 UTC 2 14 39 878 871 2280.052 3393.659 0 303.1967 150.2404 0 0 74 0 0 344.9742 2.005664
Jun 11th 09:31:41.780 UTC 3 8 0 571 566 1516.646 2593.603 11.48871 194.4562 12.49446 2 2 69 0 0 0 NaN
Jun 11th 09:30:53.793 UTC 2 15 38 876 867 2272.444 3383.204 0 303.3852 150.3483 0 0 73 0 0 344.9742 2.005664
Jun 11th 09:30:41.782 UTC 3 11 0 571 562 1516.646 2574.328 11.48871 194.4562 12.50098 2 2 69 0 0 0 NaN
Jun 11th 09:29:53.786 UTC 2 15 38 872 864 2259.416 3370.309 0 304.2412 150.2726 0 0 73 0 0 344.9742 2.005664
Jun 11th 09:29:41.771 UTC 3 11 0 569 560 1513.08 2561.133 11.48871 194.4174 12.53677 2 2 69 0 0 0 NaN
Jun 11th 09:28:53.785 UTC 2 15 40 872 859 2259.416 3346.525 0 304.2412 150.9008 0 0 73 0 0 344.9742 2.017393
Jun 11th 09:28:39.527 UTC 3 10 0 568 560 1501.875 2561.133 11.48871 194.5558 12.54386 2 2 67 0 0 0 NaN
Jun 11th 09:27:53.785 UTC 2 14 39 867 858 2243.609 3342.38 0 303.8467 151.0695 0 0 73 0 0 344.9742 2.017393
Jun 11th 09:27:39.525 UTC 3 8 0 566 560 1497.297 2561.133 11.48871 194.4491 12.57654 2 2 67 0 0 0 NaN
Jun 11th 09:26:52.397 UTC 2 15 40 865 857 2237.699 3340.357 0 304.1631 151.0695 0 0 72 0 0 338.6405 2.015717
Jun 11th 09:26:38.116 UTC 3 10 0 565 557 1494.642 2550.701 11.48871 194.4286 12.58374 2 2 66 0 0 0 NaN
Jun 11th 09:25:52.399 UTC 2 15 38 861 855 2221.089 3332.07 0 303.9269 151.3527 0 0 72 0 0 335.3296 2.007962
Jun 11th 09:25:36.959 UTC 3 13 0 563 554 1488.105 2529.455 11.48871 194.2207 12.58374 2 2 65 0 0 0 NaN
Jun 11th 09:24:52.393 UTC 2 15 38 858 852 2209.072 3321.398 0 303.533 151.1421 0 0 72 0 0 335.3296 2.007962
Jun 11th 09:24:35.881 UTC 3 12 0 561 553 1485.696 2527.09 11.48871 194.4672 12.6022 2 2 64 0 0 0 NaN
Jun 11th 09:23:52.396 UTC 2 15 38 856 849 2203.368 3305.456 0 303.9581 151.3502 0 0 72 0 0 335.3296 2.007962
Jun 11th 09:23:35.882 UTC 3 12 1 559 551 1479.317 2519.623 11.48871 194.2868 12.63533 2 2 64 0 0 0 NaN
Jun 11th 09:22:52.397 UTC 2 14 40 855 845 2197.394 3285.881 0 304.1174 151.2449 0 0 72 0 0 335.3296 2.007962
Jun 11th 09:22:35.883 UTC 3 14 1 557 547 1470.272 2501.884 11.48871 194.7043 12.65102 2 2 64 0 0 0 NaN
Jun 11th 09:21:52.386 UTC 2 15 39 853 843 2192.969 3278.775 0 304.2535 151.4179 0 0 72 0 0 334.9716 2.017901
Jun 11th 09:21:35.871 UTC 3 12 1 556 546 1469.672 2499.206 11.48871 194.6009 12.70136 2 2 64 0 0 0 NaN
Jun 11th 09:20:52.396 UTC 2 14 40 852 842 2190.247 3276.864 0 304.0166 151.0605 0 0 72 0 0 334.1716 2.025282
Jun 11th 09:20:35.880 UTC 3 10 0 554 546 1460.705 2499.206 11.48871 194.7087 12.71927 2 2 64 0 0 0 NaN
Jun 11th 09:19:52.386 UTC 2 15 40 846 839 2174.677 3267.099 0 302.2631 151.2671 0 0 72 0 0 327.4186 2.021102
Jun 11th 09:19:35.879 UTC 3 11 0 550 544 1445.015 2494.021 11.48871 194.567 12.73453 2 2 64 0 0 0 NaN
Jun 11th 09:18:52.404 UTC 2 15 38 841 837 2161.145 3261.479 0 302.7358 151.5473 0 0 72 0 0 327.4186 2.021102
Jun 11th 09:18:35.881 UTC 3 12 0 548 542 1439.705 2478.47 10.0214 194.4042 12.7651 2 1 64 0 0 0 NaN
Jun 11th 09:17:52.394 UTC 2 15 35 841 835 2161.145 3255.939 0 302.7358 151.8689 0 0 72 0 0 327.4186 2.021102
Jun 11th 09:17:35.881 UTC 3 11 1 547 541 1439.105 2472.551 10.0214 194.6507 12.78704 2 1 64 0 0 0 NaN
Jun 11th 09:16:52.397 UTC 2 13 37 837 833 2156.655 3248.721 0 303.2898 149.6539 0 0 72 0 0 327.4186 2.021102
Jun 11th 09:16:35.881 UTC 3 10 1 546 540 1436.845 2468.82 10.0214 194.7265 12.81443 2 1 64 0 0 0 NaN
Jun 11th 09:15:52.387 UTC 2 13 39 836 828 2155.304 3227.436 0 303.4611 150.0867 0 0 72 0 0 327.4186 2.021102
Jun 11th 09:15:35.014 UTC 3 8 1 545 540 1435.075 2468.82 10.0214 194.794 12.83999 2 1 63 0 0 0 NaN
Jun 11th 09:14:52.409 UTC 2 15 39 834 823 2144.339 3208.446 0 303.8029 150.4837 0 0 72 0 0 327.4186 2.021102
Jun 11th 09:14:35.002 UTC 3 8 1 545 538 1435.075 2460.462 10.0214 194.794 12.86731 2 1 63 0 0 0 NaN
Jun 11th 09:13:52.397 UTC 2 15 40 831 821 2138.804 3202.118 0 304.3829 150.6228 0 0 72 0 0 326.8186 2.042616
Jun 11th 09:13:35.013 UTC 3 7 0 542 538 1426.312 2460.462 10.0214 194.6103 12.88461 2 1 63 0 0 0 NaN
Jun 11th 09:12:52.397 UTC 2 15 38 828 819 2126.518 3197.223 0 305.0371 150.9436 0 0 72 0 0 325.1836 2.04518
Jun 11th 09:12:35.003 UTC 3 7 0 542 537 1426.312 2453.436 10.0214 194.6103 12.90755 2 1 63 0 0 0 NaN
Jun 11th 09:11:51.316 UTC 2 15 37 823 816 2112.063 3185.933 0 303.6216 151.3772 0 0 71 0 0 325.1836 2.04518
Jun 11th 09:11:35.002 UTC 3 11 0 540 532 1423.777 2425.217 10.0214 194.7165 12.91581 2 1 63 0 0 0 NaN
Jun 11th 09:10:51.324 UTC 2 13 35 819 815 2103.348 3183.348 0 304.1354 151.8126 0 0 71 0 0 325.1836 2.04518
Jun 11th 09:10:34.064 UTC 3 12 1 540 531 1423.777 2423.391 10.0214 194.7165 12.91581 2 1 62 0 0 0 NaN
Jun 11th 09:09:51.314 UTC 2 15 33 818 811 2097.375 3172.581 0 304.3359 152.1237 0 0 71 0 0 325.1836 2.04518
Jun 11th 09:09:34.054 UTC 3 12 0 539 530 1422.007 2415.943 10.0214 194.8567 12.92218 2 1 62 0 0 0 NaN
Jun 11th 09:08:51.317 UTC 2 13 36 814 808 2086.75 3159.603 0 305.2256 151.6929 0 0 71 0 0 325.1836 2.04518
Jun 11th 09:08:34.053 UTC 3 10 0 538 529 1420.807 2413.055 10.0214 195.0693 12.98377 2 1 62 0 0 0 NaN
Jun 11th 09:07:50.292 UTC 2 14 39 812 802 2084.18 3144.167 0 305.4016 151.4493 0 0 70 0 0 325.1836 2.04518
Jun 11th 09:07:34.065 UTC 3 11 0 535 526 1411.357 2400.61 10.0214 194.8416 12.99863 2 1 62 0 0 0 NaN
Jun 11th 09:06:50.306 UTC 2 15 40 811 799 2081.495 3138.168 0 305.7036 151.8021 0 0 70 0 0 320.6986 2.069023
Jun 11th 09:06:33.034 UTC 3 13 0 533 524 1408.522 2396.305 10.0214 194.8149 12.99863 2 1 61 0 0 0 NaN
Jun 11th 09:05:50.306 UTC 2 15 37 803 797 2059.631 3129.217 0 306.7898 152.1506 0 0 70 0 0 320.6986 2.069023
Jun 11th 09:05:33.036 UTC 3 13 0 531 523 1400.309 2387.708 10.0214 194.7298 13.02004 2 1 61 0 0 0 NaN
Jun 11th 09:04:50.295 UTC 2 15 36 799 794 2050.666 3111.346 0 307.0826 152.6931 0 0 70 0 0 320.6986 2.069023
Jun 11th 09:04:33.028 UTC 3 14 1 527 520 1389.037 2366.972 10.0214 195.006 13.00347 2 1 61 0 0 0 NaN
Jun 11th 09:03:50.306 UTC 2 15 36 798 791 2046.684 3098.694 0 307.0014 153.01 0 0 70 0 0 320.6986 2.069023
Jun 11th 09:03:33.038 UTC 3 14 1 526 518 1384.514 2358.139 10.0214 194.8986 13.02774 2 1 61 0 0 0 NaN
Jun 11th 09:02:50.307 UTC 2 14 39 798 787 2046.684 3084.458 0 307.0014 153.0371 0 0 70 0 0 320.6986 2.069023
Jun 11th 09:02:33.039 UTC 3 12 0 526 517 1384.514 2350.56 10.0214 194.8986 13.07231 2 1 61 0 0 0 NaN
Jun 11th 09:01:50.295 UTC 2 15 40 796 783 2042.489 3063.355 0 307.2351 152.9788 0 0 70 0 0 315.4861 2.062
Jun 11th 09:01:33.026 UTC 3 12 0 525 516 1383.164 2345.467 10.0214 195.1048 13.07908 2 1 61 0 0 0 NaN
Jun 11th 09:00:50.315 UTC 2 15 39 793 781 2037.46 3056.178 0 301.819 153.0018 0 0 70 0 0 315.4861 2.062
Jun 11th 09:00:31.934 UTC 3 12 0 524 514 1381.814 2333.918 10.0214 194.9845 13.10808 2 1 60 0 0 0 NaN
Jun 11th 08:59:50.304 UTC 2 15 40 788 780 2028.285 3050.087 0 297.3828 153.1819 0 0 70 0 0 306.2495 2.055366
Jun 11th 08:59:31.931 UTC 3 11 0 521 513 1375.77 2329.531 10.0214 194.4172 13.13569 2 1 60 0 0 0 NaN
Jun 11th 08:58:50.305 UTC 2 15 40 785 779 2022.133 3045.555 0 297.398 153.3221 0 0 70 0 0 299.0145 2.048045
Jun 11th 08:58:31.924 UTC 3 13 0 518 511 1367.699 2322.475 10.0214 194.0892 13.13569 2 1 60 0 0 0 NaN
Jun 11th 08:57:50.296 UTC 2 15 35 782 779 2016.258 3045.555 0 297.0681 153.3221 0 0 70 0 0 295.7036 2.039335
Jun 11th 08:57:31.923 UTC 3 15 0 516 509 1362.367 2319.415 10.0214 193.8534 13.13569 2 1 60 0 0 0 NaN
Jun 11th 08:56:50.304 UTC 2 15 34 781 775 2015.358 3025.292 0 296.7263 148.1522 0 0 70 0 0 295.7036 2.039335
Jun 11th 08:56:31.933 UTC 3 13 0 512 509 1356.902 2319.415 10.0214 194.5504 13.15203 2 1 60 0 0 0 NaN
Jun 11th 08:55:49.171 UTC 2 15 36 780 771 2013.098 3007.574 0 296.6129 143.7861 0 0 69 0 0 295.7036 2.039335
Jun 11th 08:55:31.933 UTC 3 12 1 511 507 1355.102 2309.107 10.0214 194.5748 13.2021 2 1 60 0 0 0 NaN
Jun 11th 08:54:49.182 UTC 2 15 37 778 770 2010.113 3005.778 0 296.9638 143.6331 0 0 69 0 0 295.7036 2.039335
Jun 11th 08:54:31.922 UTC 3 9 0 510 506 1346.732 2304.614 10.0214 193.5751 13.25198 2 1 60 0 0 0 NaN
Jun 11th 08:53:49.170 UTC 2 15 40 777 766 2009.513 2996.071 0 297.021 143.7036 0 0 69 0 0 292.3836 2.030442
Jun 11th 08:53:31.943 UTC 3 7 0 510 506 1346.732 2304.614 10.0214 193.5751 13.28992 2 1 60 0 0 0 NaN
Jun 11th 08:52:49.182 UTC 2 15 39 772 765 1997.803 2994.906 0 297.385 143.4649 0 0 69 0 0 287.6211 2.025501
Jun 11th 08:52:31.934 UTC 3 5 0 510 505 1346.732 2296.47 10.0214 193.5751 13.32956 2 1 60 0 0 0 NaN
Jun 11th 08:51:49.181 UTC 2 14 40 766 761 1988.938 2976.152 0 298.1523 143.9565 0 0 69 0 0 287.6211 2.025501
Jun 11th 08:51:31.923 UTC 3 6 0 508 504 1341.624 2292.012 10.0214 193.6483 13.32956 2 1 60 0 0 0 NaN
Jun 11th 08:50:49.171 UTC 2 15 40 765 757 1985.473 2964.581 0 298.2758 144.3973 0 0 69 0 0 279.9936 1.98577
Jun 11th 08:50:29.770 UTC 3 9 0 507 501 1335.651 2274.94 10.0214 193.548 13.32956 2 1 58 0 0 0 NaN
Jun 11th 08:49:49.181 UTC 2 15 38 764 756 1982.818 2962.876 0 298.4941 144.2877 0 0 69 0 0 268.0461 1.928389
Jun 11th 08:49:29.772 UTC 3 12 0 507 497 1335.651 2257 10.0214 193.548 13.34327 2 1 58 0 0 0 NaN
Jun 11th 08:48:49.171 UTC 2 14 38 761 752 1964.773 2942.977 0 299.1529 144.6715 0 0 69 0 0 268.0461 1.928389
Jun 11th 08:48:29.762 UTC 3 14 0 506 494 1333.626 2238.418 10.0214 193.7782 13.36685 2 1 58 0 0 0 NaN
Jun 11th 08:47:49.171 UTC 2 15 38 757 748 1955.185 2925.132 0 297.7728 145.1872 0 0 69 0 0 264.6981 1.918102
Jun 11th 08:47:29.771 UTC 3 13 1 502 493 1325.12 2234.547 10.0214 193.6446 13.38865 2 1 58 0 0 0 NaN
Jun 11th 08:46:49.182 UTC 2 15 39 755 745 1951.075 2915.498 0 297.5989 145.4067 0 0 69 0 0 258.9606 1.904122
Jun 11th 08:46:29.770 UTC 3 15 0 500 491 1318.451 2227.402 10.0214 193.7542 13.38865 2 1 58 0 0 0 NaN
Jun 11th 08:45:49.171 UTC 2 15 37 754 744 1945.878 2910.992 0 297.6762 145.5616 0 0 69 0 0 250.6041 1.87018
Jun 11th 08:45:29.770 UTC 3 14 1 497 490 1309.878 2221.811 10.0214 193.6228 13.34749 2 1 58 0 0 0 NaN
Jun 11th 08:44:49.170 UTC 2 15 36 749 743 1931.03 2907.08 0 297.7321 145.7182 0 0 69 0 0 250.6041 1.87018
Jun 11th 08:44:28.648 UTC 3 12 1 497 490 1309.878 2221.811 10.0214 193.6228 13.39166 2 1 57 0 0 0 NaN
Jun 11th 08:43:49.182 UTC 2 14 37 745 739 1926.296 2896.973 0 296.8842 144.0639 0 0 69 0 0 250.6041 1.87018
Jun 11th 08:43:28.646 UTC 3 12 0 494 489 1299.873 2216.188 10.0214 193.3396 13.40195 2 1 57 0 0 0 NaN
Jun 11th 08:42:49.181 UTC 2 15 35 744 737 1925.496 2891.162 0 296.692 144.2357 0 0 69 0 0 250.6041 1.87018
Jun 11th 08:42:28.646 UTC 3 10 1 492 487 1294.518 2213.169 10.0214 193.0779 13.48767 2 1 57 0 0 0 NaN
Jun 11th 08:41:49.171 UTC 2 14 35 740 737 1914.211 2891.162 0 297.5844 144.1763 0 0 69 0 0 250.6041 1.87018
Jun 11th 08:41:28.635 UTC 3 8 0 490 487 1281.806 2213.169 10.0214 193.3013 13.51476 2 1 57 0 0 0 NaN
Jun 11th 08:40:48.011 UTC 2 15 37 737 731 1906.482 2868.885 0 298.1483 143.8981 0 0 68 0 0 250.6041 1.87018
Jun 11th 08:40:28.647 UTC 3 8 0 489 486 1280.466 2209.669 10.0214 193.5409 13.53521 2 1 57 0 0 0 NaN
Jun 11th 08:39:48.017 UTC 2 14 38 736 727 1900.508 2852.559 0 298.4954 143.8591 0 0 68 0 0 250.6041 1.87018
Jun 11th 08:39:28.646 UTC 3 7 0 488 484 1279.266 2197.405 10.0214 193.4682 13.58075 2 1 57 0 0 0 NaN
Jun 11th 08:38:48.019 UTC 2 15 40 735 721 1894.535 2829.615 0 298.7515 144.5574 0 0 68 0 0 249.8041 1.878226
Jun 11th 08:38:28.637 UTC 3 6 1 487 483 1276.611 2191.61 10.0214 193.5647 13.60794 2 1 57 0 0 0 NaN
Jun 11th 08:37:48.008 UTC 2 14 40 731 720 1883.182 2825.055 0 299.5281 144.9272 0 0 68 0 0 249.8041 1.892455
Jun 11th 08:37:28.646 UTC 3 10 0 487 478 1276.611 2170.724 10.0214 193.5647 13.63474 2 1 57 0 0 0 NaN
Jun 11th 08:36:48.009 UTC 2 15 40 726 719 1862.235 2820.715 0 299.9126 144.9272 0 0 68 0 0 240.7366 1.895564
Jun 11th 08:36:28.646 UTC 3 10 0 487 477 1276.611 2166.585 10.0214 193.5647 13.64759 2 1 57 0 0 0 NaN
Jun 11th 08:35:48.019 UTC 2 15 38 724 717 1857.127 2814.033 0 299.7961 145.2088 0 0 68 0 0 240.7366 1.895564
Jun 11th 08:35:28.637 UTC 3 11 0 484 475 1266.717 2155.665 10.0214 193.8731 13.65635 2 1 57 0 0 0 NaN
Jun 11th 08:34:48.021 UTC 2 15 35 721 715 1845.491 2805.417 0 299.9229 145.4331 0 0 68 0 0 240.7366 1.895564
Jun 11th 08:34:28.646 UTC 3 12 1 480 473 1256.995 2144.372 10.0214 193.7402 13.66519 2 1 57 0 0 0 NaN
Jun 11th 08:33:48.012 UTC 2 15 33 719 713 1839.461 2799.421 0 300.2344 145.7382 0 0 68 0 0 240.7366 1.895564
Jun 11th 08:33:28.646 UTC 3 12 0 478 472 1250.215 2137.457 10.0214 193.9154 13.68842 2 1 57 0 0 0 NaN
Jun 11th 08:32:48.020 UTC 2 15 34 716 709 1830.232 2780.645 0 300.6911 145.7762 0 0 68 0 0 240.7366 1.895564
Jun 11th 08:32:28.637 UTC 3 12 0 478 469 1250.215 2124.258 10.0214 193.9154 13.72774 2 1 57 0 0 0 NaN
Jun 11th 08:31:48.009 UTC 2 12 36 715 708 1826.553 2775.124 0 300.8814 146.2674 0 0 68 0 0 240.7366 1.895564
Jun 11th 08:31:26.750 UTC 3 12 1 476 468 1241.676 2118.651 10.0214 193.3408 13.74903 2 1 55 0 0 0 NaN
Jun 11th 08:30:46.813 UTC 2 13 39 713 702 1820.476 2750.645 0 300.8206 146.8352 0 0 67 0 0 240.7366 1.895564
Jun 11th 08:30:26.752 UTC 3 14 0 475 464 1241.076 2100.111 10.0214 193.2884 13.7764 2 1 55 0 0 0 NaN
Jun 11th 08:29:45.825 UTC 2 15 40 709 700 1808.904 2738.866 0 301.4278 146.8352 0 0 66 0 0 240.0009 1.96722
Jun 11th 08:29:26.750 UTC 3 14 2 471 462 1224.056 2093.85 10.0214 192.3452 13.44277 2 1 55 0 0 0 NaN
Jun 11th 08:28:45.813 UTC 2 15 40 707 699 1806.534 2734.083 0 301.7847 147.0243 0 0 66 0 0 233.0669 1.975143
Jun 11th 08:28:26.751 UTC 3 15 3 469 460 1218.724 2080.023 10.0214 192.3541 13.15898 2 0 55 0 0 0 NaN
Jun 11th 08:27:45.833 UTC 2 15 37 705 698 1801.461 2732.775 0 302.0865 147.162 0 0 66 0 0 233.0669 1.975143
Jun 11th 08:27:26.739 UTC 3 15 2 466 460 1210.759 2080.023 10.0214 192.4448 13.15898 2 0 55 0 0 0 NaN
Jun 11th 08:26:45.825 UTC 2 13 39 701 695 1792.333 2717.7 0 302.1022 147.6599 0 0 66 0 0 233.0669 1.975143
Jun 11th 08:26:26.760 UTC 3 13 0 464 460 1206.939 2080.023 10.0214 192.2162 13.20961 2 0 55 0 0 0 NaN
Jun 11th 08:25:45.824 UTC 2 15 39 699 691 1788.483 2701.833 0 302.0817 147.9681 0 0 66 0 0 230.0789 1.966486
Jun 11th 08:25:26.740 UTC 3 15 1 462 456 1201.359 2068.331 10.0214 191.8815 13.19299 2 0 55 0 0 0 NaN
Jun 11th 08:24:45.824 UTC 2 15 38 697 689 1783.458 2695.735 0 302.3765 148.3477 0 0 66 0 0 230.0789 1.966486
Jun 11th 08:24:26.748 UTC 3 14 3 461 452 1199.589 2051.982 10.0214 192.0193 12.70501 2 0 55 0 0 0 NaN
Jun 11th 08:23:45.826 UTC 2 14 36 695 687 1776.716 2689.873 0 302.7624 148.909 0 0 66 0 0 230.0789 1.966486
Jun 11th 08:23:26.757 UTC 3 14 4 460 450 1198.689 2040.313 5.0134 192.1548 12.29454 1 0 55 0 0 0 NaN
Jun 11th 08:22:45.814 UTC 2 15 36 691 683 1770.596 2670.548 0 302.0172 148.7717 0 0 66 0 0 230.0789 1.966486
Jun 11th 08:22:26.747 UTC 3 15 2 456 449 1185.719 2036.011 5.0134 191.1608 12.29454 1 0 55 0 0 0 NaN
Jun 11th 08:21:45.827 UTC 2 15 38 689 680 1766.328 2655.307 0 301.9953 148.9783 0 0 66 0 0 230.0789 1.966486
Jun 11th 08:21:26.747 UTC 3 14 0 453 447 1177.239 2030.468 5.0134 191.4046 12.31815 1 0 55 0 0 0 NaN
Jun 11th 08:20:45.826 UTC 2 15 40 687 678 1761.45 2649.585 0 302.2177 149.2211 0 0 66 0 0 224.7025 1.937091
Jun 11th 08:20:26.746 UTC 3 11 0 452 447 1174.786 2030.468 5.0134 191.4292 12.38582 1 0 55 0 0 0 NaN
Jun 11th 08:19:45.814 UTC 2 15 37 684 678 1755.75 2649.585 0 302.8018 149.2211 0 0 66 0 0 219.505 1.908739
Jun 11th 08:19:26.758 UTC 3 12 0 448 444 1161.511 2019.455 5.0134 191.4032 12.41972 1 0 55 0 0 0 NaN
Jun 11th 08:18:45.824 UTC 2 14 39 681 675 1752.6 2640.025 0 303.1542 148.4568 0 0 66 0 0 219.505 1.908739
Jun 11th 08:18:26.750 UTC 3 10 1 446 443 1157.019 2015.712 5.0134 191.5969 12.47548 1 0 55 0 0 0 NaN
Jun 11th 08:17:45.813 UTC 2 14 39 677 671 1745.66 2619.946 0 303.604 149.0486 0 0 66 0 0 219.505 1.908739
Jun 11th 08:17:26.749 UTC 3 12 1 446 439 1157.019 2000.14 5.0134 191.5969 12.50737 1 0 55 0 0 0 NaN
Jun 11th 08:16:44.583 UTC 2 15 40 676 669 1743.207 2608.155 0 303.6532 149.1629 0 0 65 0 0 215.6575 1.908474
Jun 11th 08:16:26.738 UTC 3 15 0 445 435 1156.119 1980.291 5.0134 191.652 12.52651 1 0 55 0 0 0 NaN
Jun 11th 08:15:44.582 UTC 2 15 38 675 666 1739.529 2595.27 0 303.7864 149.7429 0 0 65 0 0 215.6575 1.908474
Jun 11th 08:15:26.758 UTC 3 15 1 440 432 1145.994 1961.833 5.0134 192.2501 12.33882 1 0 55 0 0 0 NaN
Jun 11th 08:14:44.581 UTC 2 14 39 673 663 1735.629 2579.735 0 304.0771 150.2429 0 0 65 0 0 215.6575 1.908474
Jun 11th 08:14:26.749 UTC 3 14 0 440 431 1145.994 1957.506 5.0134 192.2501 12.33412 1 0 55 0 0 0 NaN
Jun 11th 08:13:44.593 UTC 2 15 40 670 660 1731.419 2570.595 0 302.6351 150.3566 0 0 65 0 0 211.9788 1.892668
Jun 11th 08:13:26.035 UTC 3 11 1 438 431 1142.094 1957.506 5.0134 192.3802 12.39805 1 0 54 0 0 0 NaN
Jun 11th 08:12:44.581 UTC 2 15 39 667 660 1725.749 2570.595 0 302.4498 150.3566 0 0 65 0 0 207.0344 1.882131
Jun 11th 08:12:26.046 UTC 3 12 0 434 429 1132.69 1948.555 5.0134 191.9896 12.4053 1 0 54 0 0 0 NaN
Jun 11th 08:11:44.591 UTC 2 14 37 664 658 1717.06 2558.37 0 302.7986 150.9571 0 0 65 0 0 207.0344 1.882131
Jun 11th 08:11:26.046 UTC 3 11 1 431 429 1117.262 1948.555 5.0134 192.2748 12.41934 1 0 54 0 0 0 NaN
Jun 11th 08:10:43.560 UTC 2 15 37 660 655 1708.913 2545.839 0 302.8021 151.2812 0 0 64 0 0 207.0344 1.882131
Jun 11th 08:10:26.038 UTC 3 11 0 431 427 1117.262 1936.336 5.0134 192.2748 12.45456 1 0 54 0 0 0 NaN
Jun 11th 08:09:43.562 UTC 2 14 36 660 654 1708.913 2544.004 0 302.8021 149.8214 0 0 64 0 0 207.0344 1.882131
Jun 11th 08:09:26.029 UTC 3 10 0 430 426 1115.462 1934.958 5.0134 191.8428 12.49469 1 0 54 0 0 0 NaN
Jun 11th 08:08:43.551 UTC 2 15 36 659 650 1707.278 2525.278 0 303.0178 149.7957 0 0 64 0 0 207.0344 1.882131
Jun 11th 08:08:26.040 UTC 3 10 1 429 423 1112.762 1919.468 5.0134 192.1539 12.55667 1 0 54 0 0 0 NaN
Jun 11th 08:07:43.562 UTC 2 13 39 657 648 1698.908 2518.079 0 303.4001 150.1175 0 0 64 0 0 207.0344 1.882131
Jun 11th 08:07:26.036 UTC 3 11 0 428 419 1110.962 1895.959 5.0134 191.8806 12.61478 1 0 54 0 0 0 NaN
Jun 11th 08:06:42.531 UTC 2 15 39 652 643 1690.018 2497.723 0 299.0722 150.4698 0 0 63 0 0 206.4344 1.91143
Jun 11th 08:06:26.036 UTC 3 11 0 427 419 1107.284 1895.959 5.0134 191.6732 12.61478 1 0 54 0 0 0 NaN
Jun 11th 08:05:42.542 UTC 2 15 40 650 642 1685.998 2493.68 0 299.3357 150.626 0 0 63 0 0 197.5519 1.899537
Jun 11th 08:05:25.015 UTC 3 11 0 424 419 1102.404 1895.959 5.0134 191.5155 12.61478 1 0 53 0 0 0 NaN
Jun 11th 08:04:41.276 UTC 2 15 40 647 640 1675.94 2484.524 0 299.7798 150.9138 0 0 62 0 0 190.5206 1.886343
Jun 11th 08:04:25.008 UTC 3 13 0 422 417 1094.66 1882.745 5.0134 191.4415 12.61478 1 0 53 0 0 0 NaN
Jun 11th 08:03:41.263 UTC 2 15 36 646 639 1674.1 2480.063 0 299.9999 151.1173 0 0 62 0 0 190.5206 1.886343
Jun 11th 08:03:25.009 UTC 3 12 2 421 415 1093.025 1874.866 5.0134 191.4129 12.42396 1 0 53 0 0 0 NaN
Jun 11th 08:02:41.273 UTC 2 15 39 642 635 1664.913 2463.262 0 300.0403 146.725 0 0 62 0 0 190.5206 1.886343
Jun 11th 08:02:25.020 UTC 3 15 1 420 409 1092.225 1838.596 5.0134 191.2571 12.46601 1 0 53 0 0 0 NaN
Jun 11th 08:01:41.263 UTC 2 15 39 641 632 1658.939 2451.311 0 300.2424 147.1649 0 0 62 0 0 190.5206 1.905206
Jun 11th 08:01:25.008 UTC 3 15 0 417 408 1077.832 1832.695 5.0134 191.2532 12.44477 1 0 53 0 0 0 NaN
Jun 11th 08:00:41.275 UTC 2 15 40 638 630 1656.049 2442.982 0 300.8103 147.5441 0 0 62 0 0 180.5981 1.861836
Jun 11th 08:00:25.010 UTC 3 14 0 415 407 1073.407 1827.832 5.0134 191.191 12.45421 1 0 53 0 0 0 NaN
Jun 11th 07:59:41.264 UTC 2 14 39 636 630 1648.275 2442.982 0 301.0493 147.7548 0 0 62 0 0 180.5981 1.861836
Jun 11th 07:59:24.106 UTC 3 13 0 413 407 1069.577 1827.832 5.0134 191.0278 12.46109 1 0 52 0 0 0 NaN
Jun 11th 07:58:41.265 UTC 2 14 39 632 626 1639.146 2427.397 0 301.5881 148.1994 0 0 62 0 0 180.5981 1.861836
Jun 11th 07:58:24.105 UTC 3 12 0 412 406 1066.877 1823.811 5.0134 191.0204 12.49878 1 0 52 0 0 0 NaN
Jun 11th 07:57:40.127 UTC 2 14 39 630 624 1635.35 2415.051 0 301.7878 148.608 0 0 61 0 0 178.8081 1.862585
Jun 11th 07:57:24.094 UTC 3 12 1 409 404 1063.607 1810.881 5.0134 190.7463 12.54574 1 0 52 0 0 0 NaN
Jun 11th 07:56:40.127 UTC 2 15 39 629 620 1633.81 2397.547 0 302.0932 149.1154 0 0 61 0 0 177.2681 1.865981
Jun 11th 07:56:24.088 UTC 3 12 0 407 403 1059.383 1807.02 5.0134 189.8096 12.55742 1 0 52 0 0 0 NaN
Jun 11th 07:55:40.120 UTC 2 14 38 625 618 1624.503 2390.814 0 302.9389 149.5232 0 0 61 0 0 177.2681 1.865981
Jun 11th 07:55:24.105 UTC 3 12 0 406 401 1058.183 1798.486 5.0134 189.8664 12.60495 1 0 52 0 0 0 NaN
Jun 11th 07:54:39.171 UTC 2 15 40 625 613 1624.503 2374.342 0 302.9389 150.2138 0 0 60 0 0 177.2681 1.885831
Jun 11th 07:54:24.096 UTC 3 11 0 405 401 1056.158 1798.486 5.0134 189.9218 12.61209 1 0 52 0 0 0 NaN
Jun 11th 07:53:39.171 UTC 2 14 39 621 613 1619.238 2374.342 0 303.3226 150.4473 0 0 60 0 0 177.2681 1.906109
Jun 11th 07:53:24.095 UTC 3 9 0 404 400 1055.258 1795.26 5.0134 190.0157 12.68008 1 0 52 0 0 0 NaN
Jun 11th 07:52:39.160 UTC 2 15 38 615 610 1604.597 2362.739 0 304.2997 150.8188 0 0 60 0 0 177.2681 1.906109
Jun 11th 07:52:24.105 UTC 3 13 0 402 395 1048.575 1770.743 5.0134 190.0845 12.6899 1 0 52 0 0 0 NaN
Jun 11th 07:51:37.314 UTC 2 15 38 614 607 1602.827 2351.091 0 304.6855 151.4312 0 0 58 0 0 177.2681 1.906109
Jun 11th 07:51:24.105 UTC 3 15 0 400 392 1042.691 1762.379 5.0134 189.816 12.71203 1 0 52 0 0 0 NaN
Jun 11th 07:50:37.313 UTC 2 15 36 612 605 1600.476 2344.387 0 304.0526 151.8605 0 0 58 0 0 177.2681 1.906109
Jun 11th 07:50:24.106 UTC 3 14 0 398 391 1035.716 1756.274 5.0134 190.3319 12.76475 1 0 52 0 0 0 NaN
Jun 11th 07:49:37.316 UTC 2 13 39 610 602 1596.366 2337.44 0 304.5112 152.2231 0 0 58 0 0 177.2681 1.906109
Jun 11th 07:49:24.095 UTC 3 12 0 396 389 1033.427 1745.673 5.0134 190.6658 12.81197 1 0 52 0 0 0 NaN
Jun 11th 07:48:37.326 UTC 2 15 40 608 598 1591.656 2321.794 0 304.5073 152.5977 0 0 58 0 0 176.3831 1.917208
Jun 11th 07:48:24.105 UTC 3 11 1 394 387 1028.906 1734.138 5.0134 190.6732 12.88696 1 0 52 0 0 0 NaN
Jun 11th 07:47:37.316 UTC 2 14 39 603 597 1579.518 2317.658 0 305.0655 152.7753 0 0 58 0 0 172.6631 1.897397
Jun 11th 07:47:24.104 UTC 3 13 0 391 384 1024.722 1722.586 5.0134 190.5201 12.89544 1 0 52 0 0 0 NaN
Jun 11th 07:46:37.315 UTC 2 14 39 600 593 1575.648 2297.781 0 305.8128 153.0581 0 0 58 0 0 172.6631 1.897397
Jun 11th 07:46:23.268 UTC 3 12 1 391 383 1024.722 1717.359 5.0134 190.5201 12.93451 1 0 51 0 0 0 NaN
Jun 11th 07:45:37.306 UTC 2 15 39 599 591 1574.558 2291.287 0 305.8645 153.2334 0 0 58 0 0 169.9406 1.888229
Jun 11th 07:45:23.290 UTC 3 11 0 388 382 1015.704 1713.108 5.0134 190.7816 12.95845 1 0 51 0 0 0 NaN
Jun 11th 07:44:37.326 UTC 2 15 40 596 586 1572.068 2272.871 0 306.4403 153.2981 0 0 58 0 0 165.4181 1.858631
Jun 11th 07:44:23.278 UTC 3 10 0 387 382 1014.354 1713.108 5.0134 190.7135 12.97692 1 0 51 0 0 0 NaN
Jun 11th 07:43:37.315 UTC 2 15 40 595 584 1570.298 2266.128 0 306.6331 153.6185 0 0 58 0 0 165.4181 1.858631
Jun 11th 07:43:22.269 UTC 3 9 0 384 381 1009.734 1708.309 5.0134 190.1137 13.02186 1 0 50 0 0 0 NaN
Jun 11th 07:42:37.315 UTC 2 15 38 589 584 1560.158 2266.128 0 307.1638 153.6185 0 0 58 0 0 154.2469 1.772953
Jun 11th 07:42:22.270 UTC 3 10 0 382 379 1004.85 1697.274 5.0134 190.1048 13.05092 1 0 50 0 0 0 NaN
Jun 11th 07:41:37.326 UTC 2 14 39 586 580 1549.65 2244.623 0 307.8565 154.5188 0 0 58 0 0 154.2469 1.772953
Jun 11th 07:41:22.280 UTC 3 8 0 382 379 1004.85 1697.274 5.0134 190.1048 13.0965 1 0 50 0 0 0 NaN
Jun 11th 07:40:37.315 UTC 2 15 37 585 577 1548.75 2238.17 0 307.9506 154.9451 0 0 58 0 0 152.4069 1.772173
Jun 11th 07:40:22.279 UTC 3 10 1 381 376 1002.398 1680.083 5.0134 190.0981 13.11048 1 0 50 0 0 0 NaN
Jun 11th 07:39:37.314 UTC 2 15 39 582 573 1535.509 2219.078 0 308.7046 155.3437 0 0 58 0 0 152.4069 1.772173
Jun 11th 07:39:22.278 UTC 3 8 0 381 375 1002.398 1678.181 5.0134 190.0981 13.18148 1 0 50 0 0 0 NaN
Jun 11th 07:38:36.140 UTC 2 14 39 580 571 1528.581 2210.481 0 309.2117 155.7427 0 0 57 0 0 152.4069 1.772173
Jun 11th 07:38:21.332 UTC 3 8 0 380 374 994.7703 1675.874 5.0134 190.0731 13.2034 1 0 49 0 0 0 NaN
Jun 11th 07:37:36.129 UTC 2 15 40 577 569 1520.104 2204.424 0 309.44 155.9788 0 0 57 0 0 137.6529 1.678694
Jun 11th 07:37:21.320 UTC 3 9 1 377 372 983.2866 1661.626 5.0134 190.3044 13.22777 1 0 49 0 0 0 NaN
Jun 11th 07:36:36.140 UTC 2 15 39 575 567 1515.839 2193.191 0 310.0548 156.462 0 0 57 0 0 137.6529 1.678694
Jun 11th 07:36:20.431 UTC 3 10 0 375 370 981.2966 1652.304 5.0134 190.3406 13.24144 1 0 48 0 0 0 NaN
Jun 11th 07:35:36.140 UTC 2 15 38 571 565 1505.214 2181.639 0 310.4861 156.7762 0 0 57 0 0 137.6529 1.678694
Jun 11th 07:35:19.657 UTC 3 9 1 374 369 977.6178 1649.828 5.0134 190.1685 13.29952 1 0 47 0 0 0 NaN
Jun 11th 07:34:36.130 UTC 2 15 40 569 562 1501.099 2167.021 0 310.8507 157.3806 0 0 57 0 0 133.382 1.667275
Jun 11th 07:34:19.647 UTC 3 8 1 374 368 977.6178 1647.224 5.0134 190.1685 13.3343 1 0 47 0 0 0 NaN
Jun 11th 07:33:36.139 UTC 2 15 39 569 559 1501.099 2159.796 0 310.8507 158.0802 0 0 57 0 0 133.382 1.667275
Jun 11th 07:33:18.658 UTC 3 8 0 372 368 968.4378 1647.224 5.0134 190.558 13.3343 1 0 46 0 0 0 NaN
Jun 11th 07:32:35.232 UTC 2 15 38 566 556 1490.644 2150.574 0 311.5402 158.4894 0 0 56 0 0 133.382 1.667275
Jun 11th 07:32:18.657 UTC 3 8 0 368 367 954.8315 1644.751 5.0134 190.1095 13.34544 1 0 46 0 0 0 NaN
Jun 11th 07:31:35.221 UTC 2 14 40 562 553 1485.002 2141.556 0 302.3157 159.3386 0 0 56 0 0 133.382 1.667275
Jun 11th 07:31:18.648 UTC 3 8 0 368 364 954.8315 1637.679 5.0134 190.1095 13.43551 1 0 46 0 0 0 NaN
Jun 11th 07:30:35.242 UTC 2 15 39 558 552 1475.544 2137.433 0 291.139 159.3386 0 0 56 0 0 129.808 1.664205
Jun 11th 07:30:17.769 UTC 3 10 0 366 361 943.6828 1619.95 5.0134 190.7599 13.45248 1 0 45 0 0 0 NaN
Jun 11th 07:29:35.233 UTC 2 14 38 555 549 1469.409 2130.336 0 291.966 160.3153 0 0 56 0 0 129.808 1.664205
Jun 11th 07:29:17.780 UTC 3 9 0 365 360 940.9828 1611.637 5.0134 190.9657 13.50742 1 0 45 0 0 0 NaN
Jun 11th 07:28:35.233 UTC 2 14 37 554 547 1468.209 2118.309 0 291.8079 158.7965 0 0 56 0 0 129.808 1.664205
Jun 11th 07:28:17.095 UTC 3 7 0 364 360 938.2828 1611.637 5.0134 191.1199 13.53226 1 0 44 0 0 0 NaN
Jun 11th 07:27:35.241 UTC 2 14 38 549 543 1456.001 2103.812 0 292.8821 150.9307 0 0 56 0 0 129.808 1.664205
Jun 11th 07:27:17.089 UTC 3 10 0 363 355 937.4828 1592.05 5.0134 191.0234 13.58651 1 0 44 0 0 0 NaN
Jun 11th 07:26:35.242 UTC 2 14 39 548 540 1450.421 2087.936 0 293.3066 140.2037 0 0 56 0 0 127.153 1.651338
Jun 11th 07:26:17.106 UTC 3 11 0 362 353 935.6828 1585.224 5.0134 191.3129 13.60295 1 0 44 0 0 0 NaN
Jun 11th 07:25:35.231 UTC 2 12 40 547 537 1448.651 2078.921 0 293.5232 141.1177 0 0 56 0 0 120.943 1.591355
Jun 11th 07:25:17.095 UTC 3 11 0 359 353 927.999 1585.224 5.0134 191.0591 13.60295 1 0 44 0 0 0 NaN
Jun 11th 07:24:33.967 UTC 2 15 40 544 532 1445.715 2054.873 0 284.9365 141.0748 0 0 55 0 0 119.308 1.590773
Jun 11th 07:24:16.095 UTC 3 13 0 356 350 918.804 1572.778 5.0134 191.3244 13.61601 1 0 43 0 0 0 NaN
Jun 11th 07:23:33.980 UTC 2 15 39 538 531 1428.441 2050.284 0 284.9357 141.3243 0 0 55 0 0 113.1992 1.550675
Jun 11th 07:23:16.105 UTC 3 12 0 354 349 912.2115 1571.237 5.0134 191.012 13.66168 1 0 43 0 0 0 NaN
Jun 11th 07:22:33.977 UTC 2 15 36 537 529 1425.741 2045.05 0 285.0545 141.8002 0 0 55 0 0 113.1992 1.550675
Jun 11th 07:22:16.105 UTC 3 11 0 352 349 909.0365 1571.237 5.0134 191.2267 13.69438 1 0 43 0 0 0 NaN
Jun 11th 07:21:33.972 UTC 2 15 34 534 529 1420.321 2045.05 0 285.295 141.8002 0 0 55 0 0 113.1992 1.550675
Jun 11th 07:21:16.106 UTC 3 9 0 350 347 904.9265 1560.694 5.0134 191.4394 13.77925 1 0 43 0 0 0 NaN
Jun 11th 07:20:33.020 UTC 2 11 37 530 529 1410.266 2045.05 0 284.9778 133.1238 0 0 54 0 0 113.1992 1.550675
Jun 11th 07:20:16.105 UTC 3 9 0 349 345 903.7265 1556.705 5.0134 191.4344 13.82678 1 0 43 0 0 0 NaN
Jun 11th 07:19:31.937 UTC 2 15 38 529 521 1409.666 2018.899 0 284.9897 133.2284 0 0 53 0 0 113.1992 1.550675
Jun 11th 07:19:15.176 UTC 3 12 0 348 341 901.7165 1536.374 5.0134 191.8249 13.84951 1 0 42 0 0 0 NaN
Jun 11th 07:18:31.927 UTC 2 15 36 528 520 1405.683 2012.96 0 285.4301 133.4497 0 0 53 0 0 113.1992 1.550675
Jun 11th 07:18:15.186 UTC 3 11 0 346 339 889.3115 1527.279 5.0134 192.1792 13.94239 1 0 42 0 0 0 NaN
Jun 11th 07:17:31.935 UTC 2 14 39 525 517 1395.799 2000.729 0 286.2696 133.518 0 0 53 0 0 113.1992 1.550675
Jun 11th 07:17:14.312 UTC 3 12 0 345 336 887.2864 1514.326 5.0134 192.5048 13.97901 1 0 41 0 0 0 NaN
Jun 11th 07:16:31.940 UTC 2 15 40 523 511 1392.394 1975.26 0 286.6007 134.1532 0 0 53 0 0 113.1992 1.550675
Jun 11th 07:16:14.301 UTC 3 11 0 343 334 883.2564 1508.273 5.0134 192.4395 14.06478 1 0 41 0 0 0 NaN
Jun 11th 07:15:31.928 UTC 2 15 39 520 510 1387.805 1972.848 0 284.1449 134.1138 0 0 53 0 0 109.0278 1.535602
Jun 11th 07:15:13.515 UTC 3 13 0 341 332 879.4064 1495.725 5.0134 192.7305 14.06478 1 0 40 0 0 0 NaN
Jun 11th 07:14:31.927 UTC 2 15 40 519 507 1385.495 1961.309 0 284.4532 134.6497 0 0 53 0 0 105.0453 1.500647
Jun 11th 07:14:13.526 UTC 3 12 0 336 332 867.6401 1495.725 5.0134 192.5321 14.0959 1 0 40 0 0 0 NaN
Jun 11th 07:13:31.927 UTC 2 15 36 511 506 1367.27 1959.796 0 284.1393 134.824 0 0 53 0 0 105.0453 1.500647
Jun 11th 07:13:13.525 UTC 3 12 0 333 331 862.9151 1490.195 5.0134 192.6557 14.10981 1 0 40 0 0 0 NaN
Jun 11th 07:12:31.937 UTC 2 15 33 510 505 1365.798 1957.275 0 283.6337 133.2066 0 0 53 0 0 105.0453 1.500647
Jun 11th 07:12:13.536 UTC 3 9 1 333 330 862.9151 1486.337 5.0134 192.6557 14.21021 1 0 40 0 0 0 NaN
Jun 11th 07:11:31.927 UTC 2 14 35 506 503 1352.186 1948.87 0 283.5939 132.6167 0 0 53 0 0 105.0453 1.500647
Jun 11th 07:11:13.525 UTC 3 9 0 333 328 862.9151 1482.613 5.0134 192.6557 14.26871 1 0 40 0 0 0 NaN
Jun 11th 07:10:31.928 UTC 2 14 35 505 499 1350.386 1928.938 0 283.7269 132.9169 0 0 53 0 0 105.0453 1.500647
Jun 11th 07:10:13.528 UTC 3 9 0 333 327 862.9151 1478.541 5.0134 192.6557 14.29527 1 0 40 0 0 0 NaN
Jun 11th 07:09:31.921 UTC 2 13 37 504 494 1344.176 1911.004 0 284.0097 131.7183 0 0 53 0 0 105.0453 1.500647
Jun 11th 07:09:12.646 UTC 3 6 1 329 327 845.7626 1478.541 5.0134 193.3656 14.38321 1 0 39 0 0 0 NaN
Jun 11th 07:08:30.626 UTC 2 15 40 503 489 1342.376 1891.21 0 284.3153 131.9357 0 0 52 0 0 103.2453 1.496308
Jun 11th 07:08:12.636 UTC 3 6 0 328 325 843.9926 1473.397 5.0134 192.7713 14.42924 1 0 39 0 0 0 NaN
Jun 11th 07:07:30.624 UTC 2 15 40 500 488 1330.957 1887.339 0 281.1247 132.1247 0 0 52 0 0 93.32026 1.435696
Jun 11th 07:07:12.647 UTC 3 8 0 326 323 840.6326 1467.736 5.0134 193.2538 14.42924 1 0 39 0 0 0 NaN
Jun 11th 07:06:30.615 UTC 2 15 40 493 487 1310.471 1883.245 0 280.1136 132.3085 0 0 52 0 0 90.88026 1.465811
Jun 11th 07:06:12.647 UTC 3 8 0 326 321 840.6326 1459.516 5.0134 193.2538 14.46975 1 0 39 0 0 0 NaN
Jun 11th 07:05:30.625 UTC 2 15 39 490 486 1305.561 1878.841 0 280.3387 132.501 0 0 52 0 0 89.28726 1.463726
Jun 11th 07:05:11.686 UTC 3 8 0 324 319 834.0588 1452.435 5.0134 193.676 14.54419 1 0 38 0 0 0 NaN
Jun 11th 07:04:30.621 UTC 2 14 37 488 485 1301.098 1876.288 0 280.6097 132.9244 0 0 52 0 0 89.28726 1.463726
Jun 11th 07:04:11.707 UTC 3 10 0 322 317 829.29 1439.792 5.0134 194.1112 14.54419 1 0 38 0 0 0 NaN
Jun 11th 07:03:30.624 UTC 2 14 37 487 481 1294.888 1864.203 0 280.7926 128.3371 0 0 52 0 0 89.28726 1.463726
Jun 11th 07:03:11.697 UTC 3 11 0 321 314 827.4901 1415.619 5.0134 194.403 14.61629 1 0 38 0 0 0 NaN
Jun 11th 07:02:30.622 UTC 2 15 38 484 476 1288.35 1843.576 0 281.7462 128.6789 0 0 52 0 0 89.28726 1.463726
Jun 11th 07:02:11.697 UTC 3 13 0 319 309 824.1801 1394.264 5.0134 194.3178 14.67317 1 0 38 0 0 0 NaN
Jun 11th 07:01:30.625 UTC 2 15 40 481 472 1277.696 1828.201 0 282.8942 129.1948 0 0 52 0 0 87.66726 1.461121
Jun 11th 07:01:11.698 UTC 3 12 0 317 309 813.2451 1394.264 5.0134 194.7409 14.71005 1 0 38 0 0 0 NaN
Jun 11th 07:00:30.620 UTC 2 14 40 480 469 1275.926 1817.179 0 283.2457 130.1272 0 0 52 0 0 87.66726 1.511504
Jun 11th 07:00:11.688 UTC 3 14 1 317 306 813.2451 1380.798 5.0134 194.7409 14.7503 1 0 38 0 0 0 NaN
Jun 11th 06:59:30.616 UTC 2 15 40 476 465 1270.159 1798.061 0 281.1258 130.7393 0 0 52 0 0 87.66726 1.538022
Jun 11th 06:59:11.697 UTC 3 12 1 311 306 800.29 1380.798 5.0134 194.8812 14.79703 1 0 38 0 0 0 NaN
Jun 11th 06:58:30.613 UTC 2 15 39 472 465 1260.091 1798.061 0 280.3273 130.7393 0 0 52 0 0 85.87514 1.533485
Jun 11th 06:58:10.829 UTC 3 12 0 311 304 800.29 1371.24 5.0134 194.8812 14.86007 1 0 37 0 0 0 NaN
Jun 11th 06:57:30.626 UTC 2 15 40 470 462 1254.669 1790.788 0 278.7089 131.1914 0 0 52 0 0 81.87014 1.516114
Jun 11th 06:57:10.827 UTC 3 11 1 310 304 797.59 1371.24 5.0134 194.6421 14.88194 1 0 37 0 0 0 NaN
Jun 11th 06:56:30.624 UTC 2 15 40 465 460 1236.869 1783.975 0 278.7105 131.5738 0 0 52 0 0 80.07014 1.510757
Jun 11th 06:56:10.839 UTC 3 11 0 308 302 788.8262 1364.689 5.0134 193.9518 14.94206 1 0 37 0 0 0 NaN
Jun 11th 06:55:30.624 UTC 2 14 37 463 459 1228.912 1778.461 0 279.3406 129.2956 0 0 52 0 0 80.07014 1.510757
Jun 11th 06:55:10.841 UTC 3 13 0 305 299 784.5712 1352.132 5.0134 194.2639 14.96762 1 0 37 0 0 0 NaN
Jun 11th 06:54:29.623 UTC 2 13 39 461 455 1226.512 1758.928 0 279.4209 129.0417 0 0 51 0 0 80.07014 1.510757
Jun 11th 06:54:09.605 UTC 3 14 1 304 296 783.2311 1334.817 5.0134 194.143 15.04223 1 0 36 0 0 0 NaN
Jun 11th 06:53:28.621 UTC 2 14 39 460 452 1225.422 1748.401 0 279.5652 127.0682 0 0 50 0 0 80.07014 1.510757
Jun 11th 06:53:09.595 UTC 3 14 0 303 295 781.4611 1327.528 5.0134 194.3675 15.06265 1 0 36 0 0 0 NaN
Jun 11th 06:52:28.619 UTC 2 15 40 459 448 1222.969 1729.953 0 279.9574 127.3179 0 0 50 0 0 80.07014 1.510757
Jun 11th 06:52:09.596 UTC 3 13 0 301 294 778.4611 1323.045 5.0134 194.4967 15.1525 1 0 36 0 0 0 NaN
Jun 11th 06:51:28.611 UTC 2 15 39 456 444 1217.142 1721.005 0 280.4955 127.7642 0 0 50 0 0 80.07014 1.510757
Jun 11th 06:51:08.983 UTC 3 14 0 300 291 775.8061 1314.981 5.0134 194.6324 15.19144 1 0 35 0 0 0 NaN
Jun 11th 06:50:28.612 UTC 2 15 39 451 443 1200.845 1716.614 0 279.7408 128.0042 0 0 50 0 0 80.07014 1.510757
Jun 11th 06:50:08.981 UTC 3 14 0 297 288 768.8173 1298.336 5.0134 193.7954 15.31459 1 0 35 0 0 0 NaN
Jun 11th 06:49:28.621 UTC 2 14 36 447 442 1191.804 1712.513 0 280.7316 128.5116 0 0 50 0 0 80.07014 1.510757
Jun 11th 06:49:08.981 UTC 3 14 0 293 287 760.6698 1294.692 5.0134 194.1779 15.36508 1 0 35 0 0 0 NaN
Jun 11th 06:48:28.619 UTC 2 14 36 444 439 1186.794 1701.485 0 280.2365 129.1783 0 0 50 0 0 80.07014 1.510757
Jun 11th 06:48:08.969 UTC 3 12 0 292 287 759.7698 1294.692 5.0134 194.3737 15.44029 1 0 35 0 0 0 NaN
Jun 11th 06:47:28.607 UTC 2 14 36 443 436 1184.139 1691.062 0 280.7226 128.5049 0 0 50 0 0 80.07014 1.510757
Jun 11th 06:47:08.135 UTC 3 10 0 289 287 752.4873 1294.692 5.0134 194.1906 15.51262 1 0 34 0 0 0 NaN
Jun 11th 06:46:28.607 UTC 2 13 37 441 433 1179.144 1680.717 0 280.8091 128.8425 0 0 50 0 0 80.07014 1.510757
Jun 11th 06:46:08.147 UTC 3 9 1 288 285 750.6873 1279.926 5.0134 194.3473 15.60944 1 0 34 0 0 0 NaN
Jun 11th 06:45:27.395 UTC 2 15 36 439 429 1177.194 1667.314 0 281.3859 128.4483 0 0 49 0 0 80.07014 1.510757
Jun 11th 06:45:08.136 UTC 3 10 1 287 282 748.8873 1268.438 5.0134 193.9001 15.69538 1 0 34 0 0 0 NaN
Jun 11th 06:44:27.405 UTC 2 14 38 434 427 1169.484 1661.755 0 282.8257 128.6859 0 0 49 0 0 80.07014 1.510757
Jun 11th 06:44:08.146 UTC 3 9 0 286 280 745.5673 1255.648 5.0134 194.2898 15.79079 1 0 34 0 0 0 NaN
Jun 11th 06:43:26.387 UTC 2 14 38 431 423 1160.321 1648.263 0 283.7444 129.483 0 0 48 0 0 80.07014 1.510757
Jun 11th 06:43:08.146 UTC 3 8 0 286 280 745.5673 1255.648 5.0134 194.2898 15.8299 1 0 34 0 0 0 NaN
Jun 11th 06:42:26.376 UTC 2 15 39 427 420 1153.861 1633.957 0 284.3365 129.817 0 0 48 0 0 78.09313 1.531238
Jun 11th 06:42:08.136 UTC 3 8 0 285 279 739.3573 1251.608 5.0134 194.343 15.86232 1 0 34 0 0 0 NaN
Jun 11th 06:41:26.396 UTC 2 14 40 425 419 1151.621 1630.772 0 285.1024 130.3711 0 0 48 0 0 78.09313 1.661556
Jun 11th 06:41:08.156 UTC 3 8 0 283 279 736.9173 1251.608 5.0134 193.9762 15.86232 1 0 34 0 0 0 NaN
Jun 11th 06:40:26.375 UTC 2 13 39 423 415 1141.901 1613.588 0 285.662 131.7484 0 0 48 0 0 78.09313 1.661556
Jun 11th 06:40:08.145 UTC 3 8 0 282 279 735.2823 1251.608 5.0134 193.5989 15.86232 1 0 34 0 0 0 NaN
Jun 11th 06:39:25.488 UTC 2 15 39 421 412 1133.393 1604.793 0 285.7584 131.8091 0 0 47 0 0 74.41438 1.617704
Jun 11th 06:39:07.361 UTC 3 7 0 279 278 727.0811 1247.134 5.0134 193.2638 15.93889 1 0 33 0 0 0 NaN
Jun 11th 06:38:24.521 UTC 2 15 40 418 408 1124.495 1588.857 0 286.2806 132.6123 0 0 46 0 0 74.41438 1.617704
Jun 11th 06:38:07.360 UTC 3 6 0 279 278 727.0811 1247.134 5.0134 193.2638 15.98941 1 0 33 0 0 0 NaN
Jun 11th 06:37:24.529 UTC 2 15 39 415 407 1114.315 1584.495 0 287.4744 132.908 0 0 46 0 0 66.94438 1.556846
Jun 11th 06:37:07.369 UTC 3 8 1 279 275 727.0811 1235.72 5.0134 193.2638 16.01187 1 0 33 0 0 0 NaN
Jun 11th 06:36:24.520 UTC 2 14 37 411 406 1107.243 1580.343 0 288.1271 133.4535 0 0 46 0 0 66.94438 1.556846
Jun 11th 06:36:07.369 UTC 3 9 1 278 272 724.066 1222.285 5.0134 193.3023 16.10717 1 0 33 0 0 0 NaN
Jun 11th 06:35:24.521 UTC 2 15 38 409 401 1102.773 1561.854 0 288.4594 134.2934 0 0 46 0 0 66.94438 1.556846
Jun 11th 06:35:06.541 UTC 3 7 1 276 272 719.386 1222.285 5.0134 194.134 16.1682 1 0 32 0 0 0 NaN
Jun 11th 06:34:24.530 UTC 2 15 40 407 398 1101.373 1549.932 0 289.0065 135.0956 0 0 46 0 0 63.269 1.506405
Jun 11th 06:34:05.981 UTC 3 6 0 275 271 717.616 1219.796 5.0134 194.2556 16.26539 1 0 31 0 0 0 NaN
Jun 11th 06:33:24.520 UTC 2 15 39 403 396 1088.878 1541.313 0 289.864 135.2013 0 0 46 0 0 63.269 1.506405
Jun 11th 06:33:05.970 UTC 3 6 0 274 270 714.9609 1216.072 5.0134 194.2571 16.29821 1 0 31 0 0 0 NaN
Jun 11th 06:32:24.516 UTC 2 13 38 402 395 1087.528 1535.955 0 290.1625 135.9783 0 0 46 0 0 61.91901 1.51022
Jun 11th 06:32:05.227 UTC 3 7 1 272 268 710.9409 1212.323 5.0134 194.4898 16.33781 1 0 30 0 0 0 NaN
Jun 11th 06:31:23.620 UTC 2 15 39 398 389 1074.478 1510.365 0 289.0347 136.8211 0 0 45 0 0 61.91901 1.51022
Jun 11th 06:31:05.237 UTC 3 6 0 271 268 708.2859 1212.323 5.0134 194.2418 16.36325 1 0 30 0 0 0 NaN
Jun 11th 06:30:23.610 UTC 2 15 40 397 387 1070.799 1501.456 0 289.2091 137.02 0 0 45 0 0 60.91401 1.603
Jun 11th 06:30:05.237 UTC 3 6 0 268 267 695.3033 1207.124 5.0134 195.2553 16.40701 1 0 30 0 0 0 NaN
Jun 11th 06:29:23.613 UTC 2 14 39 394 386 1065.849 1499.905 0 290.0372 137.5333 0 0 45 0 0 60.014 1.622
Jun 11th 06:29:05.227 UTC 3 6 1 268 264 695.3033 1196.83 5.0134 195.2553 16.54486 1 0 30 0 0 0 NaN
Jun 11th 06:28:22.681 UTC 2 15 38 392 384 1062.249 1496.873 0 290.542 137.8082 0 0 44 0 0 60.014 1.622
Jun 11th 06:28:05.247 UTC 3 6 1 268 263 695.3033 1194.679 5.0134 195.2553 16.57553 1 0 30 0 0 0 NaN
Jun 11th 06:27:21.733 UTC 2 15 40 386 380 1051.719 1480.528 0 291.142 137.0303 0 0 43 0 0 60.014 1.667056
Jun 11th 06:27:05.238 UTC 3 7 0 267 261 692.8508 1183.714 5.0134 195.6948 16.63616 1 0 30 0 0 0 NaN
Jun 11th 06:26:21.733 UTC 2 14 39 384 378 1046.69 1470.562 0 291.7208 137.9449 0 0 43 0 0 60.014 1.667056
Jun 11th 06:26:05.239 UTC 3 8 0 263 259 683.3932 1171.901 5.0134 196.6682 16.67499 1 0 30 0 0 0 NaN
Jun 11th 06:25:21.744 UTC 2 15 39 383 373 1044.85 1449.309 0 292.2169 139.0798 0 0 43 0 0 60.014 1.667056
Jun 11th 06:25:03.401 UTC 3 8 1 262 258 682.5933 1167.73 5.0134 196.6861 16.72479 1 0 28 0 0 0 NaN
Jun 11th 06:24:21.743 UTC 2 15 39 382 371 1041.835 1445.607 0 292.2674 139.5914 0 0 43 0 0 54.81651 1.566186
Jun 11th 06:24:03.391 UTC 3 7 0 262 257 682.5933 1162.212 5.0134 196.6861 16.80669 1 0 28 0 0 0 NaN
Jun 11th 06:23:21.744 UTC 2 15 40 376 368 1018.692 1433.43 0 293.5923 139.1139 0 0 43 0 0 50.23775 1.522356
Jun 11th 06:23:03.392 UTC 3 11 0 261 252 680.7933 1140.937 5.0134 196.8815 16.8652 1 0 28 0 0 0 NaN
Jun 11th 06:22:21.732 UTC 2 14 39 373 368 1013.985 1433.43 0 294.1288 139.1905 0 0 43 0 0 45.14525 1.456298
Jun 11th 06:22:02.533 UTC 3 12 1 260 250 678.4833 1127.439 5.0134 196.9985 16.90502 1 0 27 0 0 0 NaN
Jun 11th 06:21:21.733 UTC 2 15 37 371 364 1007.813 1421.064 0 294.054 140.0744 0 0 43 0 0 45.14525 1.456298
Jun 11th 06:21:02.536 UTC 3 14 0 257 247 671.9208 1118.28 5.0134 196.8687 16.95607 1 0 27 0 0 0 NaN
Jun 11th 06:20:21.742 UTC 2 14 37 367 362 994.4564 1409.816 0 294.8772 141.0842 0 0 43 0 0 45.14525 1.456298
Jun 11th 06:20:02.529 UTC 3 15 0 254 245 662.1107 1107.778 5.0134 195.6204 16.99984 1 0 27 0 0 0 NaN
Jun 11th 06:19:20.641 UTC 2 14 37 365 359 987.0089 1391.754 0 295.4685 141.0511 0 0 42 0 0 45.14525 1.456298
Jun 11th 06:19:01.169 UTC 3 13 0 251 245 653.0657 1107.778 5.0134 196.4681 17.10712 1 0 26 0 0 0 NaN
Jun 11th 06:18:18.651 UTC 2 15 37 364 356 984.5564 1386.185 0 295.3883 141.319 0 0 41 0 0 45.14525 1.456298
Jun 11th 06:18:01.179 UTC 3 12 1 248 243 648.8082 1096.536 5.0134 194.4128 17.2931 1 0 26 0 0 0 NaN
Jun 11th 06:17:18.661 UTC 2 15 40 362 351 977.1389 1362.578 0 296.5587 142.3412 0 0 41 0 0 45.14525 1.504842
Jun 11th 06:17:01.170 UTC 3 12 0 247 242 646.7831 1095.09 5.0134 194.6072 17.33628 1 0 26 0 0 0 NaN
Jun 11th 06:16:18.651 UTC 2 14 39 358 349 967.1163 1355.209 0 280.1549 142.6951 0 0 41 0 0 45.14525 1.556733
Jun 11th 06:16:01.170 UTC 3 14 1 245 239 643.8732 1076.209 5.0134 194.5691 17.39182 1 0 26 0 0 0 NaN
Jun 11th 06:15:18.654 UTC 2 15 40 356 345 962.9313 1342.359 0 257.8066 143.3465 0 0 41 0 0 43.33025 1.547509
Jun 11th 06:15:01.180 UTC 3 15 1 243 235 635.2106 1058.638 5.0134 194.1048 17.2062 1 0 26 0 0 0 NaN
Jun 11th 06:14:18.663 UTC 2 15 36 353 345 960.3013 1342.359 0 247.0586 143.3465 0 0 41 0 0 41.50776 1.537324
Jun 11th 06:14:01.177 UTC 3 15 4 242 232 632.5556 1043.899 5.0134 194.6711 15.57393 1 0 26 0 0 0 NaN
Jun 11th 06:13:18.664 UTC 2 15 35 347 344 943.6494 1340.077 0 242.4782 143.6906 0 0 41 0 0 41.50776 1.537324
Jun 11th 06:13:01.177 UTC 3 14 3 240 231 629.1806 1037.309 5.0134 194.5501 15.58889 1 0 26 0 0 0 NaN
Jun 11th 06:12:17.317 UTC 2 15 35 345 340 938.8551 1319.332 0 241.8957 127.4465 0 0 40 0 0 41.50776 1.537324
Jun 11th 06:12:01.167 UTC 3 15 3 239 229 623.2068 1022.923 5.0134 194.3251 15.46244 1 0 26 0 0 0 NaN
Jun 11th 06:11:17.325 UTC 2 15 34 344 338 937.5151 1313.754 0 242.3155 105.3678 0 0 40 0 0 41.50776 1.537324
Jun 11th 06:11:01.167 UTC 3 14 0 236 229 618.5219 1022.923 5.0134 194.6909 15.51936 1 0 26 0 0 0 NaN
Jun 11th 06:10:17.323 UTC 2 15 35 344 335 937.5151 1304.423 0 242.3155 94.515 0 0 40 0 0 41.50776 1.537324
Jun 11th 06:10:00.239 UTC 3 12 1 234 229 615.2968 1022.923 5.0134 194.3212 15.62195 1 0 25 0 0 0 NaN
Jun 11th 06:09:17.314 UTC 2 13 38 342 331 932.85 1288.119 0 242.7133 89.57309 0 0 40 0 0 41.50776 1.537324
Jun 11th 06:09:00.229 UTC 3 10 1 231 228 606.9843 1021.2 5.0134 193.6861 15.75321 1 0 25 0 0 0 NaN
Jun 11th 06:08:14.875 UTC 2 15 40 336 329 919.3658 1283.409 0 242.5448 89.57309 0 0 38 0 0 41.23775 1.64951
Jun 11th 06:08:00.233 UTC 3 12 0 231 224 606.9843 1004.192 5.0134 193.6861 15.82205 1 0 25 0 0 0 NaN
Jun 11th 06:07:14.868 UTC 2 15 38 333 326 909.937 1269.773 0 243.8441 90.00767 0 0 38 0 0 41.23775 1.64951
Jun 11th 06:07:00.234 UTC 3 13 0 229 222 605.0443 994.899 5.0134 193.4462 15.87175 1 0 25 0 0 0 NaN
Jun 11th 06:06:14.862 UTC 2 15 40 331 322 904.9083 1252.458 0 244.1711 90.56734 0 0 38 0 0 41.23775 1.64951
Jun 11th 06:06:00.232 UTC 3 12 0 228 220 603.6943 984.8726 5.0134 193.6984 15.97213 1 0 25 0 0 0 NaN
Jun 11th 06:05:14.878 UTC 2 15 37 328 322 899.3557 1252.458 0 244.4571 90.56734 0 0 38 0 0 37.18775 1.616859
Jun 11th 06:05:00.229 UTC 3 12 0 225 219 595.155 982.5239 5.0134 193.3142 16.01898 1 0 25 0 0 0 NaN
Jun 11th 06:04:14.871 UTC 2 15 39 326 317 896.3707 1233.627 0 244.7528 90.77964 0 0 38 0 0 37.18775 1.616859
Jun 11th 06:04:00.224 UTC 3 11 0 223 218 593.9551 977.2426 5.0134 193.9954 16.11845 1 0 25 0 0 0 NaN
Jun 11th 06:03:14.875 UTC 2 15 39 324 315 884.2657 1225.934 0 244.6891 91.06711 0 0 38 0 0 35.74775 1.624898
Jun 11th 06:02:59.189 UTC 3 10 1 222 217 592.7551 970.8986 5.0134 193.6969 16.21537 1 0 24 0 0 0 NaN
Jun 11th 06:02:14.876 UTC 2 13 39 319 315 872.0132 1225.934 0 245.9849 91.29702 0 0 38 0 0 35.74775 1.624898
Jun 11th 06:01:59.179 UTC 3 10 0 220 215 589.7701 963.3101 5.0134 193.4543 16.29209 1 0 24 0 0 0 NaN
Jun 11th 06:01:13.833 UTC 2 13 39 317 311 870.1232 1208.695 0 246.2005 92.1513 0 0 37 0 0 35.74775 1.624898
Jun 11th 06:00:59.179 UTC 3 11 0 219 213 588.5701 955.9003 5.0134 193.0276 16.34631 1 0 24 0 0 0 NaN
Jun 11th 06:00:13.837 UTC 2 14 37 316 308 867.8632 1199.913 0 245.2161 92.56932 0 0 37 0 0 33.43775 1.592274
Jun 11th 05:59:56.938 UTC 3 11 0 217 213 582.09 955.9003 5.0134 193.4005 16.34631 1 0 23 0 0 0 NaN
Jun 11th 05:59:13.843 UTC 2 15 38 314 304 864.8406 1184.481 0 245.2549 92.87697 0 0 37 0 0 33.43775 1.592274
Jun 11th 05:58:56.934 UTC 3 8 0 216 212 580.29 952.6294 5.0134 193.6614 16.57305 1 0 23 0 0 0 NaN
Jun 11th 05:58:12.722 UTC 2 14 39 308 302 853.8606 1176.111 0 247.0847 93.38977 0 0 36 0 0 33.43775 1.592274
Jun 11th 05:57:56.926 UTC 3 10 0 213 209 576.265 938.3109 5.0134 192.7397 16.60327 1 0 23 0 0 0 NaN
Jun 11th 05:57:11.773 UTC 2 14 37 307 300 851.4081 1164.875 0 247.1678 93.89007 0 0 35 0 0 33.43775 1.592274
Jun 11th 05:56:56.933 UTC 3 10 1 212 207 574.495 927.0781 5.0134 192.9979 16.66942 1 0 23 0 0 0 NaN
Jun 11th 05:56:11.773 UTC 2 14 36 305 298 848.0681 1157.216 0 247.5791 93.46068 0 0 35 0 0 33.43775 1.592274
Jun 11th 05:55:56.931 UTC 3 9 1 211 206 572.47 918.1207 5.0134 192.8917 16.7878 1 0 23 0 0 0 NaN
Jun 11th 05:55:11.763 UTC 2 14 38 304 293 847.2681 1137.674 0 247.624 94.21302 0 0 35 0 0 33.43775 1.592274
Jun 11th 05:54:55.047 UTC 3 13 1 211 201 572.47 895.8562 5.0134 192.8917 16.82419 1 0 21 0 0 0 NaN
Jun 11th 05:54:09.865 UTC 2 15 40 300 290 840.5931 1129.779 0 247.548 94.18909 0 0 33 0 0 23.71775 1.317653
Jun 11th 05:53:54.197 UTC 3 15 5 209 196 570.07 875.717 5.0134 193.3815 15.94839 1 0 20 0 0 0 NaN
Jun 11th 05:53:09.865 UTC 2 15 38 296 289 833.913 1124.756 0 246.4609 94.47309 0 0 33 0 0 23.71775 1.317653
Jun 11th 05:52:54.196 UTC 3 15 1 204 196 557.5362 875.717 5.0134 194.0054 15.94839 1 0 20 0 0 0 NaN
Jun 11th 05:52:09.856 UTC 2 15 39 292 287 817.6868 1117.611 0 247.5944 94.69247 0 0 33 0 0 23.71775 1.317653
Jun 11th 05:51:54.186 UTC 3 13 0 203 195 549.1662 871.0867 5.0134 194.2939 16.07601 1 0 20 0 0 0 NaN
Jun 11th 05:51:09.869 UTC 2 15 37 290 285 812.6768 1111.388 0 247.2027 95.26791 0 0 33 0 0 23.71775 1.317653
Jun 11th 05:50:54.196 UTC 3 14 0 201 193 541.6062 854.3365 5.0134 194.0523 16.15298 1 0 20 0 0 0 NaN
Jun 11th 05:50:09.864 UTC 2 15 37 289 281 807.6968 1095.95 0 247.6969 93.81055 0 0 33 0 0 23.71775 1.317653
Jun 11th 05:49:54.199 UTC 3 14 0 196 191 533.8012 842.7528 5.0134 192.4019 16.25592 1 0 20 0 0 0 NaN
Jun 11th 05:49:09.863 UTC 2 15 39 286 276 802.6443 1072.204 0 248.1205 94.97102 0 0 33 0 0 23.71775 1.317653
Jun 11th 05:48:54.187 UTC 3 15 0 195 189 531.1462 832.9561 5.0134 192.4342 16.29586 1 0 20 0 0 0 NaN
Jun 11th 05:48:09.852 UTC 2 15 39 284 273 799.2443 1056.935 0 248.2477 95.01025 0 0 33 0 0 23.71775 1.395162
Jun 11th 05:47:53.424 UTC 3 15 1 195 187 531.1462 827.5822 5.0134 192.4342 16.3562 1 0 19 0 0 0 NaN
Jun 11th 05:47:09.865 UTC 2 14 39 282 273 795.7017 1056.935 0 248.4385 95.18504 0 0 33 0 0 23.71775 1.395162
Jun 11th 05:46:52.371 UTC 3 13 0 192 186 523.9062 823.3699 5.0134 193.7628 16.51299 1 0 18 0 0 0 NaN
Jun 11th 05:46:09.865 UTC 2 13 39 279 272 792.0667 1054.369 0 249.027 95.34524 0 0 33 0 0 23.71775 1.395162
Jun 11th 05:45:52.361 UTC 3 9 1 192 186 523.9062 823.3699 5.0134 193.7628 16.74899 1 0 18 0 0 0 NaN
Jun 11th 05:45:08.946 UTC 2 15 40 276 268 784.6817 1034.141 0 249.4287 95.40873 0 0 32 0 0 23.71775 1.482359
Jun 11th 05:44:52.361 UTC 3 11 0 190 183 519.9462 803.7318 5.0134 192.6346 16.82902 1 0 18 0 0 0 NaN
Jun 11th 05:44:08.958 UTC 2 15 40 272 266 774.7397 1029.909 0 247.2243 95.56926 0 0 32 0 0 22.44725 1.496483
Jun 11th 05:43:51.525 UTC 3 10 0 186 182 506.0872 799.7429 5.0134 191.4561 16.93808 1 0 17 0 0 0 NaN
Jun 11th 05:43:08.957 UTC 2 15 38 272 263 774.7397 1021.555 0 247.2243 96.42233 0 0 32 0 0 22.44725 1.496483
Jun 11th 05:42:51.524 UTC 3 10 0 186 182 506.0872 799.7429 5.0134 191.4561 16.93808 1 0 17 0 0 0 NaN
Jun 11th 05:42:08.948 UTC 2 15 35 267 261 760.4022 1013.076 0 246.8527 96.99521 0 0 32 0 0 22.44725 1.496483
Jun 11th 05:41:51.534 UTC 3 10 0 185 181 504.2722 791.2194 5.0134 191.516 16.98307 1 0 17 0 0 0 NaN
Jun 11th 05:41:08.959 UTC 2 14 36 265 258 754.3947 999.1087 0 247.2888 95.28017 0 0 32 0 0 22.44725 1.496483
Jun 11th 05:40:50.850 UTC 3 12 0 184 178 501.9622 781.7386 5.0134 191.6691 17.06522 1 0 16 0 0 0 NaN
Jun 11th 05:40:08.051 UTC 2 14 36 263 255 747.2634 991.3862 0 247.8582 96.17716 0 0 31 0 0 22.44725 1.496483
Jun 11th 05:39:50.859 UTC 3 11 0 183 177 499.7021 780.009 5.0134 191.2506 17.17597 1 0 16 0 0 0 NaN
Jun 11th 05:39:08.049 UTC 2 15 35 259 252 736.9034 974.1222 0 249.4838 96.78256 0 0 31 0 0 22.44725 1.496483
Jun 11th 05:38:50.217 UTC 3 10 1 179 176 480.0347 774.7628 5.0134 192.0791 17.34328 1 0 15 0 0 0 NaN
Jun 11th 05:38:07.212 UTC 2 14 38 257 249 730.6183 965.7646 0 249.0033 95.82763 0 0 30 0 0 22.44725 1.496483
Jun 11th 05:37:50.237 UTC 3 6 0 178 176 477.3797 774.7628 5.0134 192.1611 17.59508 1 0 15 0 0 0 NaN
Jun 11th 05:37:07.211 UTC 2 15 39 255 244 726.7183 951.3311 0 250.0273 96.41415 0 0 30 0 0 21.02975 1.502125
Jun 11th 05:36:50.228 UTC 3 7 0 178 174 477.3797 767.0434 5.0134 192.1611 17.66026 1 0 15 0 0 0 NaN
Jun 11th 05:36:07.212 UTC 2 15 40 252 243 716.2558 948.842 0 250.8335 96.67213 0 0 30 0 0 19.34225 1.758386
Jun 11th 05:35:50.228 UTC 3 7 0 177 173 476.5797 762.5248 5.0134 191.3242 17.70402 1 0 15 0 0 0 NaN
Jun 11th 05:35:07.223 UTC 2 15 40 247 240 707.2608 933.6842 0 237.2809 96.8074 0 0 30 0 0 17.13425 1.713425
Jun 11th 05:34:50.218 UTC 3 7 0 175 172 472.1247 759.924 5.0134 191.6307 17.77614 1 0 15 0 0 0 NaN
Jun 11th 05:34:07.211 UTC 2 15 39 244 237 701.9183 922.7834 0 233.0027 97.81091 0 0 30 0 0 13.4555 1.495056
Jun 11th 05:33:49.491 UTC 3 7 1 175 171 472.1247 755.884 5.0134 191.6307 17.87099 1 0 14 0 0 0 NaN
Jun 11th 05:33:07.213 UTC 2 15 38 242 235 698.1233 914.2535 0 233.4396 98.24271 0 0 30 0 0 8.933001 1.116625
Jun 11th 05:32:49.481 UTC 3 8 0 172 169 461.8572 752.2717 5.0134 192.2136 17.93211 1 0 14 0 0 0 NaN
Jun 11th 05:32:06.223 UTC 2 15 38 241 232 695.916 902.1879 0 232.3891 91.13812 0 0 29 0 0 8.933001 1.116625
Jun 11th 05:31:48.739 UTC 3 7 1 171 168 458.1785 748.5955 5.0134 193.0121 18.10614 1 0 13 0 0 0 NaN
Jun 11th 05:31:06.212 UTC 2 14 39 237 230 685.421 895.3237 0 232.8306 82.03082 0 0 29 0 0 8.933001 1.116625
Jun 11th 05:30:48.729 UTC 3 8 0 169 165 448.526 737.7585 5.0134 193.7511 18.23074 1 0 13 0 0 0 NaN
Jun 11th 05:30:06.201 UTC 2 15 40 236 227 681.4385 886.0056 0 232.904 79.98265 0 0 29 0 0 5.945 0.8492857
Jun 11th 05:29:48.106 UTC 3 8 0 169 162 448.526 726.7459 5.0134 193.7511 18.52238 1 0 12 0 0 0 NaN
Jun 11th 05:29:06.223 UTC 2 15 38 231 225 660.0185 881.1264 0 234.8726 80.5713 0 0 29 0 0 5.945 0.8492857
Jun 11th 05:28:48.105 UTC 3 10 1 166 159 443.101 714.91 5.0134 195.2662 18.57481 1 0 12 0 0 0 NaN
Jun 11th 05:28:06.206 UTC 2 14 38 229 222 656.5635 870.0915 0 234.3554 80.17239 0 0 29 0 0 5.945 0.8492857
Jun 11th 05:27:48.095 UTC 3 10 0 164 158 436.721 706.8556 5.0134 195.7001 18.67521 1 0 12 0 0 0 NaN
Jun 11th 05:27:05.243 UTC 2 15 37 225 218 644.3822 848.0665 0 235.1677 81.01324 0 0 28 0 0 5.945 0.8492857
Jun 11th 05:26:48.095 UTC 3 8 0 162 158 430.0273 706.8556 5.0134 196.269 18.83816 1 0 12 0 0 0 NaN
Jun 11th 05:26:05.242 UTC 2 15 36 224 215 643.5822 834.6478 0 235.6564 81.83707 0 0 28 0 0 5.945 0.8492857
Jun 11th 05:25:48.105 UTC 3 11 0 159 155 421.5435 692.17 5.0134 196.403 18.83816 1 0 12 0 0 0 NaN
Jun 11th 05:25:04.284 UTC 2 12 39 223 213 642.3822 829.6856 0 235.8961 81.33878 0 0 27 0 0 5.945 0.8492857
Jun 11th 05:24:48.105 UTC 3 9 0 159 154 421.5435 687.6642 5.0134 196.403 19.11235 1 0 12 0 0 0 NaN
Jun 11th 05:24:02.449 UTC 2 15 40 219 209 629.8121 818.0891 0 236.7293 81.68475 0 0 25 0 0 5.045 0.8408334
Jun 11th 05:23:48.094 UTC 3 11 0 159 151 421.5435 673.4956 5.0134 196.403 19.19068 1 0 12 0 0 0 NaN
Jun 11th 05:23:02.449 UTC 2 14 40 213 208 611.0333 812.1567 0 234.4337 82.11574 0 0 25 0 0 4.718 1.1795
Jun 11th 05:22:48.095 UTC 3 13 0 157 147 416.6498 657.1986 5.0134 194.6882 19.40592 1 0 12 0 0 0 NaN
Jun 11th 05:22:02.460 UTC 2 15 40 210 205 602.1044 798.8402 0 233.8527 82.75456 0 0 25 0 0 3.42 1.71
Jun 11th 05:21:48.106 UTC 3 15 0 153 144 406.1736 638.1923 5.0134 196.1953 19.47502 1 0 12 0 0 0 NaN
Jun 11th 05:21:02.449 UTC 2 15 39 209 202 599.0894 785.7822 0 234.0178 82.93739 0 0 25 0 0 3.42 1.71
Jun 11th 05:20:48.095 UTC 3 12 0 151 144 399.176 638.1923 5.0134 195.9357 19.76981 1 0 12 0 0 0 NaN
Jun 11th 05:20:02.447 UTC 2 15 37 208 200 595.4106 781.838 0 234.6422 83.55672 0 0 25 0 0 3.42 1.71
Jun 11th 05:19:48.095 UTC 3 13 0 150 143 394.091 634.7523 5.0134 195.7841 19.76981 1 0 12 0 0 0 NaN
Jun 11th 05:19:01.305 UTC 2 15 36 204 197 579.9779 767.1525 0 225.9849 80.42041 0 0 24 0 0 3.42 1.71
Jun 11th 05:18:47.187 UTC 3 14 1 148 140 382.256 625.6703 5.0134 195.3932 19.93427 1 0 11 0 0 0 NaN
Jun 11th 05:18:01.305 UTC 2 15 38 202 193 572.2716 752.652 0 226.2276 80.76765 0 0 24 0 0 3.42 1.71
Jun 11th 05:17:47.189 UTC 3 14 1 145 138 373.6123 612.4559 5.0134 194.9608 18.66494 1 0 11 0 0 0 NaN
Jun 11th 05:17:00.331 UTC 2 15 37 199 191 561.0416 741.9394 0 226.0811 81.26176 0 0 23 0 0 3.42 1.71
Jun 11th 05:16:46.056 UTC 3 15 2 142 134 364.0798 590.0319 5.0134 194.7076 18.35564 1 0 10 0 0 0 NaN
Jun 11th 05:16:00.330 UTC 2 15 36 198 189 558.3865 736.7698 0 226.2519 81.5647 0 0 23 0 0 3.42 1.71
Jun 11th 05:15:46.057 UTC 3 15 3 141 132 357.8698 575.2698 5.0134 193.7106 17.8611 1 0 10 0 0 0 NaN
Jun 11th 05:14:59.406 UTC 2 15 35 194 187 544.5085 729.3855 0 224.6839 72.4727 0 0 22 0 0 3.42 1.71
Jun 11th 05:14:46.063 UTC 3 15 2 139 130 347.0473 570.381 5.0134 193.6536 17.76513 1 0 10 0 0 0 NaN
Jun 11th 05:13:58.345 UTC 2 15 39 191 183 536.3535 712.4725 0 224.8525 72.3082 0 0 21 0 0 3.42 1.71
Jun 11th 05:13:46.054 UTC 3 15 0 138 129 343.0648 568.5237 5.0134 193.662 17.8779 1 0 10 0 0 0 NaN
Jun 11th 05:12:58.347 UTC 2 15 37 189 181 530.571 700.0623 0 224.2746 72.95061 0 0 21 0 0 3.42 1.71
Jun 11th 05:12:46.072 UTC 3 15 1 134 126 332.591 560.4757 5.0134 195.1903 17.67612 1 0 10 0 0 0 NaN
Jun 11th 05:11:58.355 UTC 2 14 35 187 181 527.901 700.0623 0 225.1954 73.3152 0 0 21 0 0 3.42 1.71
Jun 11th 05:11:46.065 UTC 3 15 0 129 125 320.311 556.4549 5.0134 194.6066 17.78432 1 0 10 0 0 0 NaN
Jun 11th 05:10:58.355 UTC 2 15 38 185 175 523.791 677.1339 0 225.4861 71.5271 0 0 21 0 0 3.42 1.71
Jun 11th 05:10:46.073 UTC 3 11 1 128 124 317.611 552.7851 5.0134 195.6003 18.27354 1 0 10 0 0 0 NaN
Jun 11th 05:09:58.344 UTC 2 14 38 182 174 514.4497 670.6559 0 225.2603 71.8586 0 0 21 0 0 3.42 1.71
Jun 11th 05:09:46.062 UTC 3 9 1 126 122 307.9172 549.9034 5.0134 194.3388 18.61819 1 0 10 0 0 0 NaN
Jun 11th 05:08:57.479 UTC 2 15 39 181 171 512.4397 660.8145 0 225.1661 72.21317 0 0 20 0 0 3.015 3.015
Jun 11th 05:08:46.064 UTC 3 10 0 124 121 302.5397 545.0211 5.0134 195.7754 18.61819 1 0 10 0 0 0 NaN
Jun 11th 05:07:57.477 UTC 2 15 37 175 169 500.1422 653.0856 0 226.4062 72.69521 0 0 20 0 0 3.015 3.015
Jun 11th 05:07:46.051 UTC 3 9 0 122 120 300.3897 540.027 5.0134 197.0706 18.78445 1 0 10 0 0 0 NaN
Jun 11th 05:06:56.599 UTC 2 15 38 174 167 498.6707 647.3383 0 225.3816 72.08361 0 0 19 0 0 3.015 3.015
Jun 11th 05:06:46.059 UTC 3 4 1 122 120 300.3897 540.027 5.0134 197.0706 19.39131 1 0 10 0 0 0 NaN
Jun 11th 05:05:56.611 UTC 2 15 38 171 165 480.2995 640.8508 0 225.8515 72.45297 0 0 19 0 0 0 NaN
Jun 11th 05:05:46.052 UTC 3 6 0 122 117 300.3897 530.6642 5.0134 197.0706 19.47368 1 0 10 0 0 0 NaN
Jun 11th 05:04:56.612 UTC 2 14 38 167 161 471.8545 627.4289 0 226.8617 73.91549 0 0 19 0 0 0 NaN
Jun 11th 05:04:46.074 UTC 3 8 0 119 115 295.1847 527.7794 5.0134 198.0751 19.47368 1 0 10 0 0 0 NaN
Jun 11th 05:03:56.620 UTC 2 14 36 165 158 465.937 610.1426 0 227.9007 75.07273 0 0 19 0 0 0 NaN
Jun 11th 05:03:46.054 UTC 3 9 1 116 112 289.3347 512.1908 5.0134 201.5514 19.69999 1 0 10 0 0 0 NaN
Jun 11th 05:02:56.611 UTC 2 15 37 163 155 451.987 592.7893 0 228.2881 74.64005 0 0 19 0 0 0 NaN
Jun 11th 05:02:45.147 UTC 3 7 0 115 111 287.5347 504.3598 5.0134 202.6565 20.08233 1 0 9 0 0 0 NaN
Jun 11th 05:01:56.610 UTC 2 15 38 162 151 446.0132 574.2011 0 228.2075 74.67691 0 0 19 0 0 0 NaN
Jun 11th 05:01:45.135 UTC 3 8 1 114 108 285.2247 494.5758 5.0134 202.4581 20.4041 1 0 9 0 0 0 NaN
Jun 11th 05:00:56.599 UTC 2 15 36 160 149 442.8232 571.2813 0 228.3064 75.33857 0 0 19 0 0 0 NaN
Jun 11th 05:00:45.135 UTC 3 9 0 113 106 282.5247 490.2742 5.0134 203.7448 20.552 1 0 9 0 0 0 NaN
Jun 11th 04:59:56.608 UTC 2 14 35 156 147 430.7907 563.9991 0 226.0473 75.26076 0 0 19 0 0 0 NaN
Jun 11th 04:59:45.126 UTC 3 10 0 112 104 279.8247 482.5134 5.0134 205.1353 20.71977 1 0 9 0 0 0 NaN
Jun 11th 04:58:56.609 UTC 2 15 31 152 145 418.0827 555.8842 0 215.9283 75.58836 0 0 19 0 0 0 NaN
Jun 11th 04:58:45.146 UTC 3 9 0 107 104 272.6197 482.5134 5.0134 205.7545 20.85545 1 0 9 0 0 0 NaN
Jun 11th 04:57:56.599 UTC 2 15 29 149 144 397.4998 554.5822 0 211.5351 75.81932 0 0 19 0 0 0 NaN
Jun 11th 04:57:45.136 UTC 3 13 0 106 98 270.5947 457.562 5.0134 206.5268 21.19637 1 0 9 0 0 0 NaN
Jun 11th 04:56:56.612 UTC 2 15 25 146 142 388.4648 546.3554 0 213.4639 76.65313 0 0 19 0 0 0 NaN
Jun 11th 04:56:44.318 UTC 3 13 1 104 97 267.6697 454.9867 5.0134 206.675 21.30225 1 0 8 0 0 0 NaN
Jun 11th 04:55:56.605 UTC 2 15 27 144 139 384.4698 541.4666 0 213.2999 72.29202 0 0 19 0 0 0 NaN
Jun 11th 04:55:43.472 UTC 3 12 0 102 96 265.6697 446.3356 5.0134 207.5878 21.66545 1 0 7 0 0 0 NaN
Jun 11th 04:54:55.640 UTC 2 12 31 142 137 381.5598 534.6472 0 214.5886 63.28661 0 0 18 0 0 0 NaN
Jun 11th 04:54:43.462 UTC 3 10 0 99 95 260.7297 437.6048 5.0134 209.1801 22.12046 1 0 7 0 0 0 NaN
Jun 11th 04:53:54.722 UTC 2 11 32 140 133 377.4498 515.81 0 215.7789 62.3779 0 0 17 0 0 0 NaN
Jun 11th 04:53:43.462 UTC 3 10 0 97 94 249.3447 433.619 5.0134 208.3551 22.27861 1 0 7 0 0 0 NaN
Jun 11th 04:52:53.772 UTC 2 15 34 138 125 368.1685 483.5893 0 215.7623 62.52153 0 0 16 0 0 0 NaN
Jun 11th 04:52:43.461 UTC 3 9 0 97 93 249.3447 430.4056 5.0134 208.3551 22.63497 1 0 7 0 0 0 NaN
Jun 11th 04:51:53.782 UTC 2 15 31 135 124 353.7673 479.9546 0 217.7565 62.3394 0 0 16 0 0 0 NaN
Jun 11th 04:51:43.463 UTC 3 9 0 97 91 249.3447 422.5682 5.0134 208.3551 22.95549 1 0 7 0 0 0 NaN
Jun 11th 04:50:53.783 UTC 2 15 29 134 123 350.0886 475.6912 0 218.2904 62.45152 0 0 16 0 0 0 NaN
Jun 11th 04:50:43.462 UTC 3 8 0 96 91 238.1397 422.5682 5.0134 208.8741 23.09078 1 0 7 0 0 0 NaN
Jun 11th 04:49:52.804 UTC 2 15 27 128 121 335.1298 471.4757 0 217.1636 62.98241 0 0 15 0 0 0 NaN
Jun 11th 04:49:43.472 UTC 3 7 0 93 91 231.6447 422.5682 5.0134 208.4301 23.2693 1 0 7 0 0 0 NaN
Jun 11th 04:48:52.813 UTC 2 14 25 124 121 328.8948 471.4757 0 217.7507 63.39066 0 0 15 0 0 0 NaN
Jun 11th 04:48:43.472 UTC 3 9 0 91 87 222.7797 408.2464 5.0134 206.2571 23.69946 1 0 7 0 0 0 NaN
Jun 11th 04:47:52.803 UTC 2 13 24 121 118 318.3386 457.1061 0 219.9708 65.1473 0 0 15 0 0 0 NaN
Jun 11th 04:47:43.473 UTC 3 11 0 90 84 221.9797 393.1523 0 207.9285 24.10562 0 0 7 0 0 0 NaN
Jun 11th 04:46:51.762 UTC 2 14 25 121 114 318.3386 439.5932 0 219.9708 66.48976 0 0 14 0 0 0 NaN
Jun 11th 04:46:43.465 UTC 3 13 0 89 81 219.5272 376.4181 0 208.9271 24.32576 0 0 7 0 0 0 NaN
Jun 11th 04:45:51.763 UTC 2 12 26 120 110 314.356 424.244 0 220.5283 66.80758 0 0 14 0 0 0 NaN
Jun 11th 04:45:43.465 UTC 3 13 0 87 80 216.8272 367.3043 0 210.5077 24.58287 0 0 7 0 0 0 NaN
Jun 11th 04:44:48.927 UTC 2 15 28 117 105 305.1873 406.4821 0 222.8087 67.06506 0 0 11 0 0 0 NaN
Jun 11th 04:44:43.475 UTC 3 15 0 85 76 209.6535 338.6609 0 210.022 24.96313 0 0 7 0 0 0 NaN
Jun 11th 04:43:48.918 UTC 2 15 24 114 103 299.8448 396.5833 0 222.5453 67.145 0 0 11 0 0 0 NaN
Jun 11th 04:43:43.477 UTC 3 15 1 84 75 208.4535 332.5371 0 209.4977 24.59273 0 0 7 0 0 0 NaN
Jun 11th 04:42:48.917 UTC 2 15 22 111 102 289.0448 391.8094 0 221.0015 67.62614 0 0 11 0 0 0 NaN
Jun 11th 04:42:43.463 UTC 3 15 2 82 72 206.4435 316.9166 0 207.8257 23.95984 0 0 7 0 0 0 NaN
Jun 11th 04:41:47.906 UTC 2 15 22 106 99 276.1423 382.1753 0 204.8873 68.32226 0 0 10 0 0 0 NaN
Jun 11th 04:41:43.462 UTC 3 15 2 81 70 203.7435 310.3046 0 207.3156 22.42295 0 0 7 0 0 0 NaN
Jun 11th 04:40:47.896 UTC 2 15 17 104 99 271.9573 382.1753 0 202.5262 68.32226 0 0 10 0 0 0 NaN
Jun 11th 04:40:43.473 UTC 3 15 2 81 70 203.7435 310.3046 0 207.3156 22.42295 0 0 7 0 0 0 NaN
Jun 11th 04:39:47.896 UTC 2 15 19 102 95 265.5373 371.3542 0 198.5174 69.6121 0 0 10 0 0 0 NaN
Jun 11th 04:39:43.462 UTC 3 14 0 74 70 181.1759 310.3046 0 205.2701 22.60291 0 0 7 0 0 0 NaN
Jun 11th 04:38:47.896 UTC 2 14 17 100 94 261.6372 368.6896 0 198.4895 56.93152 0 0 10 0 0 0 NaN
Jun 11th 04:38:43.461 UTC 3 12 0 73 70 176.0909 310.3046 0 203.4597 23.08653 0 0 7 0 0 0 NaN
Jun 11th 04:37:46.977 UTC 2 15 19 96 89 250.091 348.7163 0 200.2376 52.81869 0 0 9 0 0 0 NaN
Jun 11th 04:37:43.471 UTC 3 11 0 70 69 167.616 307.6624 0 200.7672 23.50628 0 0 7 0 0 0 NaN
Jun 11th 04:36:46.970 UTC 2 14 19 94 86 247.521 338.058 0 202.2101 46.98715 0 0 9 0 0 0 NaN
Jun 11th 04:36:43.465 UTC 3 11 0 70 67 167.616 296.9944 0 200.7672 24.00154 0 0 7 0 0 0 NaN
Jun 11th 04:35:46.049 UTC 2 14 21 92 81 235.371 322.6385 0 202.2518 46.71042 0 0 8 0 0 0 NaN
Jun 11th 04:35:43.463 UTC 3 10 1 69 66 165.606 288.7773 0 202.1535 24.48406 0 0 7 0 0 0 NaN
Jun 11th 04:34:44.042 UTC 2 15 22 89 78 227.1235 310.7356 0 203.0735 46.59999 0 0 6 0 0 0 NaN
Jun 11th 04:34:43.454 UTC 3 8 0 68 66 163.126 288.7773 0 203.7422 24.99647 0 0 7 0 0 0 NaN
Jun 11th 04:33:44.060 UTC 2 15 22 84 76 217.1797 299.254 0 195.6014 46.71519 0 0 6 0 0 0 NaN
Jun 11th 04:33:43.463 UTC 3 8 0 68 63 163.126 275.2183 0 203.7422 25.96199 0 0 7 0 0 0 NaN
Jun 11th 04:32:44.049 UTC 2 15 19 82 75 212.2972 297.1606 0 196.2526 45.96902 0 0 6 0 0 0 NaN
Jun 11th 04:32:43.462 UTC 3 9 0 67 60 162.326 258.449 0 205.4563 26.62311 0 0 7 0 0 0 NaN
Jun 11th 04:31:44.059 UTC 2 15 19 80 71 204.7597 279.7945 0 195.9426 46.31156 0 0 6 0 0 0 NaN
Jun 11th 04:31:43.470 UTC 3 11 0 66 57 161.236 237.8216 0 206.9228 26.96828 0 0 7 0 0 0 NaN
Jun 11th 04:30:44.048 UTC 2 14 17 76 70 192.3422 274.6632 0 198.2434 40.65569 0 0 6 0 0 0 NaN
Jun 11th 04:30:43.471 UTC 3 10 0 64 56 157.211 235.8303 0 205.7746 27.64468 0 0 7 0 0 0 NaN
Jun 11th 04:29:43.462 UTC 3 10 0 61 56 147.2435 235.8303 0 207.2462 27.64468 0 0 7 0 0 0 NaN
Jun 11th 04:29:42.201 UTC 2 13 18 75 67 191.1422 260.7148 0 196.5968 39.0086 0 0 4 0 0 0 NaN
Jun 11th 04:28:43.472 UTC 3 11 0 60 55 145.6085 230.3161 0 207.6449 27.64468 0 0 7 0 0 0 NaN
Jun 11th 04:28:42.222 UTC 2 14 16 74 63 189.7922 247.4046 0 196.0852 39.6379 0 0 4 0 0 0 NaN
Jun 11th 04:27:43.473 UTC 3 11 0 59 52 143.219 224.6103 0 203.6641 28.62871 0 0 7 0 0 0 NaN
Jun 11th 04:27:42.212 UTC 2 15 14 69 61 175.3562 239.9789 0 190.6562 39.29275 0 0 4 0 0 0 NaN
Jun 11th 04:26:43.464 UTC 3 13 0 57 50 138.739 216.4889 0 202.1833 28.62871 0 0 7 0 0 0 NaN
Jun 11th 04:26:42.212 UTC 2 15 10 67 60 173.2162 236.6122 0 192.3689 39.3117 0 0 4 0 0 0 NaN
Jun 11th 04:25:43.464 UTC 3 11 0 54 50 134.439 216.4889 0 198.5225 29.35471 0 0 7 0 0 0 NaN
Jun 11th 04:25:42.212 UTC 2 15 9 62 57 161.4137 227.6483 0 189.4684 39.55302 0 0 4 0 0 0 NaN
Jun 11th 04:24:42.678 UTC 3 13 0 51 45 128.4887 194.5053 0 189.9047 30.76816 0 0 6 0 0 0 NaN
Jun 11th 04:24:42.213 UTC 2 15 10 61 55 159.6237 218.1994 0 186.113 37.33029 0 0 4 0 0 0 NaN
Jun 11th 04:23:42.677 UTC 3 14 0 50 43 126.0362 183.0492 0 192.6763 31.16408 0 0 6 0 0 0 NaN
Jun 11th 04:23:42.212 UTC 2 15 9 58 51 149.5062 199.4516 0 189.6277 36.84331 0 0 4 0 0 0 NaN
Jun 11th 04:22:42.688 UTC 3 15 0 47 40 120.6737 171.1335 0 191.3952 32.23618 0 0 6 0 0 0 NaN
Jun 11th 04:22:42.201 UTC 2 15 9 57 48 147.7062 194.6074 0 190.4137 37.71577 0 0 4 0 0 0 NaN
Jun 11th 04:21:42.678 UTC 3 13 3 46 39 116.6912 168.3413 0 192.854 29.66914 0 0 6 0 0 0 NaN
Jun 11th 04:21:41.062 UTC 2 14 9 54 44 140.9125 177.1296 0 192.9625 33.22129 0 0 3 0 0 0 NaN
Jun 11th 04:20:41.708 UTC 3 15 3 44 35 107.3627 155.1747 0 188.576 29.14125 0 0 5 0 0 0 NaN
Jun 11th 04:20:41.048 UTC 2 15 9 50 41 126.2537 163.1653 0 189.4529 32.69843 0 0 3 0 0 0 NaN
Jun 11th 04:19:41.719 UTC 3 13 3 40 34 100.9627 146.2108 0 192.063 18.04034 0 0 5 0 0 0 NaN
Jun 11th 04:19:41.051 UTC 2 15 9 48 39 123.6287 156.649 0 182.6911 32.21109 0 0 3 0 0 0 NaN
Jun 11th 04:18:41.708 UTC 3 15 5 39 29 98.26275 119.3384 0 193.7258 14.65504 0 0 5 0 0 0 NaN
Jun 11th 04:18:41.062 UTC 2 15 5 44 38 110.5738 151.1954 0 184 32.42563 0 0 3 0 0 0 NaN
Jun 11th 04:17:41.708 UTC 3 15 4 35 28 79.92899 115.0432 0 189.5537 14.21953 0 0 5 0 0 0 NaN
Jun 11th 04:17:41.060 UTC 2 14 5 42 36 105.3088 140.703 0 182.8614 28.73983 0 0 3 0 0 0 NaN
Jun 11th 04:16:41.698 UTC 3 14 3 35 26 79.92899 105.3294 0 189.5537 14.45891 0 0 5 0 0 0 NaN
Jun 11th 04:16:41.050 UTC 2 14 6 39 33 96.44376 126.8089 0 174.3762 23.83835 0 0 3 0 0 0 NaN
Jun 11th 04:15:41.709 UTC 3 14 4 34 23 78.839 90.67897 0 189.868 7.789845 0 0 5 0 0 0 NaN
Jun 11th 04:15:41.062 UTC 2 15 7 39 28 96.44376 101.2672 0 174.3762 23.02301 0 0 3 0 0 0 NaN
Jun 11th 04:14:41.709 UTC 3 15 4 31 21 70.369 81.54598 0 193.3338 6.273632 0 0 5 0 0 0 NaN
Jun 11th 04:14:41.062 UTC 2 15 4 37 26 86.79126 91.8023 0 174.7247 22.78803 0 0 3 0 0 0 NaN
Jun 11th 04:13:41.699 UTC 3 15 1 29 21 64.684 81.54598 0 190.8143 6.273632 0 0 5 0 0 0 NaN
Jun 11th 04:13:41.051 UTC 2 15 5 31 23 72.68125 81.04501 0 166.9353 16.2292 0 0 3 0 0 0 NaN
Jun 11th 04:12:41.720 UTC 3 14 1 25 18 56.03875 64.41607 0 177.0416 5.603033 0 0 5 0 0 0 NaN
Jun 11th 04:12:41.056 UTC 2 15 4 30 22 70.91125 78.27192 0 164.1356 14.29297 0 0 3 0 0 0 NaN
Jun 11th 04:11:41.710 UTC 3 15 0 23 16 52.37875 56.13511 0 169.822 5.674757 0 0 5 0 0 0 NaN
Jun 11th 04:11:41.062 UTC 2 15 2 28 21 60.98125 72.97466 0 165.963 14.41619 0 0 3 0 0 0 NaN
Jun 11th 04:10:41.060 UTC 2 15 2 26 17 55.88126 55.46816 0 166.2459 12.85984 0 0 3 0 0 0 NaN
Jun 11th 04:10:40.975 UTC 3 15 1 21 14 44.52625 45.35232 0 172.3294 5.522277 0 0 4 0 0 0 NaN
Jun 11th 04:09:41.058 UTC 2 15 4 23 13 50.61625 39.2062 0 152.8592 6.288364 0 0 3 0 0 0 NaN
Jun 11th 04:09:40.985 UTC 3 14 0 20 13 42.21625 41.63147 0 160.8488 5.551529 0 0 4 0 0 0 NaN
Jun 11th 04:08:41.059 UTC 2 15 1 21 12 43.5525 37.47021 0 147.7858 5.229679 0 0 3 0 0 0 NaN
Jun 11th 04:08:40.984 UTC 3 13 0 18 12 33.24625 39.19663 0 159.6889 5.262021 0 0 4 0 0 0 NaN
Jun 11th 04:07:41.058 UTC 2 14 0 16 10 33.0725 25.71095 0 155.7505 5.108896 0 0 3 0 0 0 NaN
Jun 11th 04:07:40.973 UTC 3 14 1 16 9 31.29625 26.06197 0 157.1591 5.182163 0 0 4 0 0 0 NaN
Jun 11th 04:06:41.047 UTC 2 13 1 15 9 32.1725 21.76353 0 150.8407 5.132814 0 0 3 0 0 0 NaN
Jun 11th 04:06:40.309 UTC 3 15 0 14 6 27.89125 14.35693 0 161.5129 4.754769 0 0 3 0 0 0 NaN
Jun 11th 04:05:41.056 UTC 2 11 0 13 8 23.9375 21.01999 0 152.5536 5.281464 0 0 3 0 0 0 NaN
Jun 11th 04:05:40.309 UTC 3 13 1 11 5 22.2625 12.49649 0 134.1241 4.717556 0 0 3 0 0 0 NaN
Jun 11th 04:04:41.059 UTC 2 11 0 11 6 21.7875 14.65369 0 136.5363 5.274255 0 0 3 0 0 0 NaN
Jun 11th 04:04:39.464 UTC 3 15 1 8 1 17.2525 1.879586 0 140.4759 4.621341 0 0 2 0 0 0 NaN
Jun 11th 04:03:41.048 UTC 2 10 0 8 5 15.33 11.06686 0 128.6768 5.128172 0 0 3 0 0 0 NaN
Jun 11th 04:03:39.465 UTC 3 12 0 7 1 15.6175 1.879586 0 149.8405 4.585483 0 0 2 0 0 0 NaN
Jun 11th 04:02:41.049 UTC 2 10 0 7 3 13.02 5.316441 0 113.8782 5.0136 0 0 3 0 0 0 NaN
Jun 11th 04:02:39.466 UTC 3 9 1 4 0 10.19 0 0 162.4702 5.122516 0 0 2 0 0 0 NaN
Jun 11th 04:01:40.046 UTC 2 10 0 6 1 10.365 1.375392 0 101.1017 5.584795 0 0 2 0 0 0 NaN
Jun 11th 04:01:38.666 UTC 3 7 1 0 0 0 0 0 NaN 4.664359 0 0 1 0 0 0 NaN
Jun 11th 04:00:40.036 UTC 2 7 0 3 1 5.475 1.375392 0 104.8017 5.107114 0 0 2 0 0 0 NaN
Jun 11th 04:00:38.657 UTC 3 5 1 0 0 0 0 0 NaN 4.992727 0 0 1 0 0 0 NaN
Jun 11th 03:59:40.037 UTC 2 5 0 1 0 2.025 0 0 58.78062 5.861978 0 0 2 0 0 0 NaN
Jun 11th 03:59:38.666 UTC 3 3 0 0 0 0 0 0 NaN 4.428033 0 0 1 0 0 0 NaN
Jun 11th 03:58:39.005 UTC 2 3 0 0 0 0 0 0 NaN 3.529852 0 0 1 0 0 0 NaN
Jun 11th 03:58:38.667 UTC 3 1 0 0 0 0 0 0 NaN 11.56544 0 0 1 0 0 0 NaN
Jun 11th 03:57:38.075 UTC 2 0 0 0 0 0 0 0 NaN NaN 0 0 0 0 0 0 NaN
Jun 11th 03:57:38.051 UTC 3 0 0 0 0 0 0 0 NaN NaN 0 0 0 0 0 0 NaN