dt1 dt2 dt3 dt4 controller drones queue deliveries fullTrips revenue costs penalties avgDelTime avgWaitTime fDel fRet fLaunch collisions unknown potentialLost avgPotentialLost
Jun 11th 23:09:32.370 UTC 3 11 0 635 630 1642.383 2883.801 5.008 189.7578 9.423298 1 0 91 0 0 0 NaN
Jun 11th 23:09:14.991 UTC 2 15 39 836 827 2730.838 3721.662 0 370.7965 193.8925 0 0 60 0 0 285.3696 0.4853224
Jun 11th 23:08:32.369 UTC 3 11 0 633 628 1637.906 2872.84 5.008 189.9058 9.427431 1 0 91 0 0 0 NaN
Jun 11th 23:08:15.008 UTC 2 15 39 833 824 2720.991 3706.667 0 371.3234 193.8056 0 0 60 0 0 285.3696 0.4853224
Jun 11th 23:07:32.379 UTC 3 13 0 631 623 1635.356 2846.838 5.008 189.9222 9.457217 1 0 91 0 0 0 NaN
Jun 11th 23:07:15.001 UTC 2 14 38 831 823 2715.681 3704.717 0 371.6287 194.1317 0 0 60 0 0 285.3696 0.4853224
Jun 11th 23:06:32.379 UTC 3 11 0 630 623 1634.156 2846.838 5.008 189.9021 9.475707 1 0 91 0 0 0 NaN
Jun 11th 23:06:14.994 UTC 2 15 40 829 820 2712.111 3688.679 0 371.2713 194.4808 0 0 60 0 0 281.7343 0.4815972
Jun 11th 23:05:32.369 UTC 3 9 1 629 623 1630.173 2846.838 5.008 190.0386 9.49269 1 0 91 0 0 0 NaN
Jun 11th 23:05:15.007 UTC 2 15 39 827 819 2701.97 3683.713 0 371.7699 194.4851 0 0 60 0 0 279.5073 0.4794293
Jun 11th 23:04:31.617 UTC 3 10 0 625 621 1621.998 2836.161 5.008 190.0684 9.507156 1 0 90 0 0 0 NaN
Jun 11th 23:04:15.005 UTC 2 14 39 823 818 2682.512 3681.764 0 372.2354 194.6681 0 0 60 0 0 279.5073 0.4794293
Jun 11th 23:03:31.620 UTC 3 9 1 625 620 1621.998 2828.477 5.008 190.0684 9.525164 1 0 90 0 0 0 NaN
Jun 11th 23:03:15.002 UTC 2 15 40 822 814 2679.812 3665.131 0 372.3672 195.2622 0 0 60 0 0 275.7884 0.4754973
Jun 11th 23:02:31.615 UTC 3 11 0 623 616 1618.338 2804.55 5.008 190.0016 9.552889 1 0 90 0 0 0 NaN
Jun 11th 23:02:15.005 UTC 2 14 40 819 813 2667.9 3659.355 0 372.543 195.0986 0 0 60 0 0 275.2411 0.4753733
Jun 11th 23:01:30.164 UTC 3 12 1 622 614 1615.027 2789.903 5.008 189.7033 9.5612 1 0 89 0 0 0 NaN
Jun 11th 23:01:15.003 UTC 2 15 39 816 810 2653.53 3648.531 0 373.1141 195.3235 0 0 60 0 0 275.2411 0.4753733
Jun 11th 23:00:28.862 UTC 3 11 0 622 614 1615.027 2789.903 5.008 189.7033 9.565463 1 0 88 0 0 0 NaN
Jun 11th 23:00:15.003 UTC 2 15 39 814 807 2642.887 3632.598 0 373.674 195.897 0 0 60 0 0 275.1026 0.475956
Jun 11th 22:59:28.878 UTC 3 11 0 619 613 1607.347 2785.438 5.008 189.4712 9.578199 1 0 88 0 0 0 NaN
Jun 11th 22:59:15.004 UTC 2 14 39 813 805 2634.517 3622.657 0 373.9189 196.5699 0 0 60 0 0 274.3481 0.4754732
Jun 11th 22:58:28.870 UTC 3 12 0 617 611 1603.492 2780.785 5.008 189.2481 9.592588 1 0 88 0 0 0 NaN
Jun 11th 22:58:14.996 UTC 2 15 40 811 799 2633.302 3587.986 0 368.3346 197.0411 0 0 60 0 0 273.3132 0.4745021
Jun 11th 22:57:27.603 UTC 3 15 0 615 608 1599.95 2767.029 5.008 189.2457 9.592588 1 0 87 0 0 0 NaN
Jun 11th 22:57:15.010 UTC 2 15 38 809 799 2630.412 3587.986 0 366.7608 197.0411 0 0 60 0 0 271.7293 0.4733961
Jun 11th 22:56:27.590 UTC 3 15 3 613 605 1595.071 2756.268 5.008 189.0812 9.436002 1 0 87 0 0 0 NaN
Jun 11th 22:56:15.000 UTC 2 15 34 807 798 2626.362 3582.759 0 366.3732 197.2566 0 0 60 0 0 271.7293 0.4733961
Jun 11th 22:55:26.683 UTC 3 15 0 611 604 1590.151 2755.301 5.008 189.2968 9.395737 1 0 86 0 0 0 NaN
Jun 11th 22:55:14.999 UTC 2 15 33 803 798 2617.685 3582.759 0 366.7071 197.2566 0 0 60 0 0 271.7293 0.4733961
Jun 11th 22:54:26.683 UTC 3 14 0 606 602 1574.954 2748.794 5.008 189.4729 9.41373 1 0 86 0 0 0 NaN
Jun 11th 22:54:14.069 UTC 2 14 36 802 795 2612.6 3569.027 0 366.9178 190.1176 0 0 59 0 0 271.7293 0.4733961
Jun 11th 22:53:25.846 UTC 3 10 1 606 601 1574.954 2746.452 5.008 189.4729 9.454091 1 0 85 0 0 0 NaN
Jun 11th 22:53:14.060 UTC 2 15 39 800 791 2605.317 3548.202 0 367.1284 189.8679 0 0 59 0 0 271.7293 0.4733961
Jun 11th 22:52:25.864 UTC 3 8 0 604 600 1565.016 2742.016 5.008 189.5909 9.468566 1 0 85 0 0 0 NaN
Jun 11th 22:52:14.058 UTC 2 13 39 798 791 2600.817 3548.202 0 367.3576 190.001 0 0 59 0 0 271.7293 0.4733961
Jun 11th 22:51:25.866 UTC 3 10 0 602 597 1560.269 2728.279 5.008 189.6809 9.479925 1 0 85 0 0 0 NaN
Jun 11th 22:51:14.060 UTC 2 15 40 797 786 2599.047 3517.5 0 367.4016 190.6158 0 0 59 0 0 268.5917 0.4703883
Jun 11th 22:50:24.214 UTC 3 12 0 601 594 1556.59 2710.376 5.008 189.6533 9.481514 1 0 83 0 0 0 NaN
Jun 11th 22:50:14.069 UTC 2 15 40 794 786 2589.803 3517.5 0 367.8134 190.6158 0 0 59 0 0 265.808 0.4679719
Jun 11th 22:49:24.223 UTC 3 11 1 600 593 1555.99 2709.036 5.008 189.8706 9.496758 1 0 83 0 0 0 NaN
Jun 11th 22:49:14.067 UTC 2 15 39 792 784 2585.138 3506.513 0 367.9844 190.9581 0 0 59 0 0 265.808 0.4679719
Jun 11th 22:48:24.223 UTC 3 9 1 598 592 1553.155 2703.547 5.008 189.94 9.5115 1 0 83 0 0 0 NaN
Jun 11th 22:48:14.058 UTC 2 15 41 791 783 2583.598 3501.344 0 366.657 191.1662 0 0 59 0 0 263.3171 0.466048
Jun 11th 22:47:24.213 UTC 3 9 1 596 590 1550.585 2695.551 5.008 190.2062 9.515617 1 0 83 0 0 0 NaN
Jun 11th 22:47:13.152 UTC 2 15 40 786 781 2570.108 3490.816 0 362.3329 191.4697 0 0 58 0 0 263.3171 0.466048
Jun 11th 22:46:24.214 UTC 3 9 1 594 588 1546.735 2690.512 5.008 190.4052 9.536416 1 0 83 0 0 0 NaN
Jun 11th 22:46:13.150 UTC 2 15 38 786 780 2570.108 3489.246 0 362.3329 191.6202 0 0 58 0 0 263.3171 0.466048
Jun 11th 22:45:23.466 UTC 3 10 0 593 586 1545.385 2682.492 5.008 190.1595 9.543953 1 0 82 0 0 0 NaN
Jun 11th 22:45:13.151 UTC 2 15 40 784 777 2566.683 3477.931 0 360.7299 192.1685 0 0 58 0 0 261.0259 0.464459
Jun 11th 22:44:22.865 UTC 3 11 1 589 584 1536.147 2675.309 5.008 190.1625 9.558213 1 0 81 0 0 0 NaN
Jun 11th 22:44:13.160 UTC 2 14 39 781 776 2556.821 3472.777 0 361.4465 187.2173 0 0 58 0 0 261.0259 0.464459
Jun 11th 22:43:22.866 UTC 3 10 0 589 584 1536.147 2675.309 5.008 190.1625 9.566815 1 0 81 0 0 0 NaN
Jun 11th 22:43:13.151 UTC 2 15 36 779 773 2552.501 3458.516 0 360.7819 187.6384 0 0 58 0 0 261.0259 0.464459
Jun 11th 22:42:22.875 UTC 3 9 0 586 584 1529.075 2675.309 5.008 190.097 9.578821 1 0 81 0 0 0 NaN
Jun 11th 22:42:11.385 UTC 2 13 38 778 771 2544.131 3449.112 0 361.0713 186.3298 0 0 56 0 0 261.0259 0.464459
Jun 11th 22:41:22.873 UTC 3 8 0 584 583 1525.272 2672.609 5.008 190.247 9.596979 1 0 81 0 0 0 NaN
Jun 11th 22:41:11.394 UTC 2 15 40 776 765 2530.53 3420.976 0 361.4544 185.2181 0 0 56 0 0 257.3682 0.4604083
Jun 11th 22:40:22.036 UTC 3 7 1 584 582 1525.272 2665.19 5.008 190.247 9.611294 1 0 80 0 0 0 NaN
Jun 11th 22:40:11.385 UTC 2 15 39 773 764 2514.51 3418.464 0 362.1806 185.447 0 0 56 0 0 257.419 0.4613243
Jun 11th 22:39:21.304 UTC 3 6 0 584 580 1525.272 2656.893 5.008 190.247 9.617503 1 0 79 0 0 0 NaN
Jun 11th 22:39:11.384 UTC 2 14 39 773 763 2514.51 3417.568 0 362.1806 185.8591 0 0 56 0 0 257.419 0.4613243
Jun 11th 22:38:21.304 UTC 3 5 0 582 579 1517.203 2649.445 5.008 190.621 9.637899 1 0 79 0 0 0 NaN
Jun 11th 22:38:11.396 UTC 2 15 40 767 759 2497.875 3398.836 0 362.3692 186.4417 0 0 56 0 0 256.6572 0.460785
Jun 11th 22:37:21.303 UTC 3 5 0 582 577 1517.203 2644.055 5.008 190.621 9.656755 1 0 79 0 0 0 NaN
Jun 11th 22:37:11.386 UTC 2 14 40 763 758 2488.415 3397.278 0 359.7073 186.7995 0 0 56 0 0 256.8682 0.4653409
Jun 11th 22:36:20.305 UTC 3 7 0 582 575 1517.203 2639.029 5.008 190.621 9.656755 1 0 78 0 0 0 NaN
Jun 11th 22:36:11.386 UTC 2 15 39 762 756 2485.963 3388.506 0 360.0339 187.003 0 0 56 0 0 254.0857 0.4628155
Jun 11th 22:35:20.316 UTC 3 9 0 580 573 1513.542 2634.21 5.008 190.5821 9.656755 1 0 78 0 0 0 NaN
Jun 11th 22:35:11.376 UTC 2 15 40 759 752 2475.849 3374.043 0 360.8752 186.5931 0 0 56 0 0 252.4207 0.4614639
Jun 11th 22:34:20.315 UTC 3 10 1 577 571 1505.907 2620.712 5.008 190.7529 9.660226 1 0 78 0 0 0 NaN
Jun 11th 22:34:11.395 UTC 2 14 38 756 750 2468.927 3362.457 0 361.5896 184.3408 0 0 56 0 0 252.4207 0.4614639
Jun 11th 22:33:20.304 UTC 3 11 0 574 569 1495.749 2608.417 5.008 190.8572 9.675714 1 0 78 0 0 0 NaN
Jun 11th 22:33:10.334 UTC 2 14 40 756 745 2468.927 3338.064 0 361.5896 185.0674 0 0 55 0 0 252.4207 0.4614639
Jun 11th 22:32:19.438 UTC 3 12 1 573 566 1493.949 2585.444 5.008 190.9961 9.685789 1 0 77 0 0 0 NaN
Jun 11th 22:32:10.348 UTC 2 15 39 753 743 2461.502 3332.052 0 361.8965 185.2972 0 0 55 0 0 251.0197 0.459743
Jun 11th 22:31:18.795 UTC 3 12 1 573 564 1493.949 2575.8 5.008 190.9961 9.713591 1 0 76 0 0 0 NaN
Jun 11th 22:31:10.338 UTC 2 15 39 751 742 2456.537 3329.294 0 362.4319 185.5183 0 0 55 0 0 249.9622 0.4586462
Jun 11th 22:30:18.795 UTC 3 12 0 572 563 1492.314 2570.682 5.008 190.9952 9.719726 1 0 76 0 0 0 NaN
Jun 11th 22:30:09.202 UTC 2 15 39 747 740 2438.436 3318.607 0 363.3426 185.9479 0 0 54 0 0 249.2559 0.4590348
Jun 11th 22:29:17.906 UTC 3 12 0 569 562 1487.161 2568.524 5.008 190.9906 9.734385 1 0 75 0 0 0 NaN
Jun 11th 22:29:09.212 UTC 2 15 40 742 738 2424.694 3307.882 0 363.708 186.1009 0 0 54 0 0 247.8067 0.458053
Jun 11th 22:28:16.907 UTC 3 10 1 567 562 1482.206 2568.524 5.008 190.584 9.742514 1 0 74 0 0 0 NaN
Jun 11th 22:28:09.213 UTC 2 15 38 742 737 2424.694 3301.391 0 363.708 186.3446 0 0 54 0 0 247.8067 0.458053
Jun 11th 22:27:16.896 UTC 3 11 0 565 560 1477.046 2557.777 5.008 190.5419 9.758822 1 0 74 0 0 0 NaN
Jun 11th 22:27:09.201 UTC 2 15 39 742 733 2424.694 3292.204 0 363.708 187.2082 0 0 54 0 0 246.7722 0.4569857
Jun 11th 22:26:16.907 UTC 3 10 0 562 560 1468.729 2557.777 5.008 189.3266 9.761205 1 0 74 0 0 0 NaN
Jun 11th 22:26:09.212 UTC 2 15 39 740 730 2418.674 3281.623 0 364.0774 187.9048 0 0 54 0 0 246.2072 0.4567851
Jun 11th 22:25:15.815 UTC 3 9 0 561 559 1466.959 2549.138 5.008 189.5309 9.785588 1 0 73 0 0 0 NaN
Jun 11th 22:25:09.202 UTC 2 15 40 734 727 2398.282 3267.237 0 365.3916 187.9454 0 0 54 0 0 245.1559 0.4556801
Jun 11th 22:24:15.805 UTC 3 13 0 561 554 1466.959 2527.719 5.008 189.5309 9.789922 1 0 73 0 0 0 NaN
Jun 11th 22:24:09.211 UTC 2 15 39 731 725 2385.268 3257.437 0 365.8805 188.4092 0 0 54 0 0 244.5999 0.4554933
Jun 11th 22:23:15.817 UTC 3 13 0 561 552 1466.959 2517.106 5.008 189.5309 9.816292 1 0 73 0 0 0 NaN
Jun 11th 22:23:09.212 UTC 2 14 39 729 722 2376.392 3243.932 0 366.2805 188.9231 0 0 54 0 0 244.5999 0.4554933
Jun 11th 22:22:14.816 UTC 3 13 0 560 550 1461.874 2505.133 5.008 189.6721 9.823345 1 0 72 0 0 0 NaN
Jun 11th 22:22:09.213 UTC 2 14 43 729 719 2376.392 3229.055 0 366.2805 189.3067 0 0 54 0 0 244.6878 0.4582169
Jun 11th 22:21:14.814 UTC 3 14 0 557 548 1456.995 2492.486 5.008 188.9214 9.832994 1 0 72 0 0 0 NaN
Jun 11th 22:21:09.202 UTC 2 15 43 724 717 2352.111 3219.278 0 366.8609 189.5505 0 0 54 0 0 236.2734 0.4623745
Jun 11th 22:20:14.806 UTC 3 15 0 554 546 1447.751 2479.304 5.008 188.5555 9.837494 1 0 72 0 0 0 NaN
Jun 11th 22:20:09.202 UTC 2 15 43 723 714 2350.311 3204.053 0 365.991 190.1199 0 0 54 0 0 235.8312 0.480308
Jun 11th 22:19:14.816 UTC 3 15 1 551 545 1436.813 2472.558 5.008 188.0832 9.695799 1 0 72 0 0 0 NaN
Jun 11th 22:19:09.212 UTC 2 15 40 720 713 2341.964 3201.602 0 366.5466 190.3648 0 0 54 0 0 234.0263 0.4895947
Jun 11th 22:18:13.984 UTC 3 14 1 550 545 1434.36 2472.558 5.008 188.0192 9.422889 1 0 71 0 0 0 NaN
Jun 11th 22:18:09.212 UTC 2 15 40 718 710 2333.335 3184.967 0 366.9663 190.3572 0 0 54 0 0 234.0601 0.490692
Jun 11th 22:17:13.023 UTC 3 14 5 549 542 1432.335 2462.758 5.008 187.7706 8.867513 1 0 70 0 0 0 NaN
Jun 11th 22:17:09.211 UTC 2 14 38 715 709 2317.844 3182.58 0 367.3725 189.7776 0 0 54 0 0 232.9384 0.4903967
Jun 11th 22:16:12.003 UTC 3 15 5 547 539 1428.112 2444.195 5.008 187.4164 8.812837 1 0 69 0 0 0 NaN
Jun 11th 22:16:09.202 UTC 2 15 41 714 703 2315.636 3155.73 0 367.2688 190.6629 0 0 54 0 0 232.9798 0.4915185
Jun 11th 22:15:12.013 UTC 3 15 5 543 536 1418.794 2429.803 5.008 187.259 8.524491 1 0 69 0 0 0 NaN
Jun 11th 22:15:09.221 UTC 2 15 39 711 703 2296.188 3155.73 0 367.5292 190.6629 0 0 54 0 0 233.0136 0.4926291
Jun 11th 22:14:12.003 UTC 3 15 1 542 536 1417.894 2429.803 5.008 187.3763 8.524491 1 0 69 0 0 0 NaN
Jun 11th 22:14:09.211 UTC 2 15 39 709 701 2292.393 3142.688 0 367.8143 191.0729 0 0 54 0 0 233.0136 0.4926291
Jun 11th 22:13:12.002 UTC 3 12 1 541 536 1414.574 2429.803 5.008 187.5106 8.546329 1 0 69 0 0 0 NaN
Jun 11th 22:13:09.202 UTC 2 15 38 705 700 2277.662 3138.093 0 368.6942 191.2718 0 0 54 0 0 233.0136 0.4926291
Jun 11th 22:12:11.992 UTC 3 11 0 539 535 1411.349 2425.508 5.008 187.4021 8.56107 1 0 69 0 0 0 NaN
Jun 11th 22:12:09.212 UTC 2 14 39 704 697 2272.577 3124.798 0 368.922 191.2881 0 0 54 0 0 233.0136 0.4926291
Jun 11th 22:11:12.002 UTC 3 8 0 537 535 1408.094 2425.508 5.008 187.1128 8.579471 1 0 69 0 0 0 NaN
Jun 11th 22:11:09.204 UTC 2 14 40 704 694 2272.577 3114.488 0 368.922 192.0725 0 0 54 0 0 233.0136 0.4926291
Jun 11th 22:10:12.011 UTC 3 6 0 536 535 1406.744 2425.508 5.008 187.0224 8.577616 1 0 69 0 0 0 NaN
Jun 11th 22:10:09.203 UTC 2 15 45 701 691 2262.163 3095.226 0 369.5796 192.5504 0 0 54 0 0 227.2154 0.4993746
Jun 11th 22:09:12.001 UTC 3 9 0 535 531 1404.089 2406.942 5.008 187.0542 8.58511 1 0 69 0 0 0 NaN
Jun 11th 22:09:09.215 UTC 2 15 44 697 688 2248.162 3079.201 0 369.9853 193.084 0 0 54 0 0 217.1756 0.5004046
Jun 11th 22:08:12.000 UTC 3 9 0 535 530 1404.089 2405.279 5.008 187.0542 8.598184 1 0 69 0 0 0 NaN
Jun 11th 22:08:09.215 UTC 2 15 41 694 688 2237.497 3079.201 0 370.5643 193.084 0 0 54 0 0 215.3828 0.5079784
Jun 11th 22:07:11.998 UTC 3 8 0 532 529 1396.066 2401.756 5.008 187.7146 8.604067 1 0 69 0 0 0 NaN
Jun 11th 22:07:09.203 UTC 2 14 41 694 687 2237.497 3074.618 0 370.5643 193.4655 0 0 54 0 0 213.4905 0.5071034
Jun 11th 22:06:12.008 UTC 3 3 1 532 529 1396.066 2401.756 5.008 187.7146 8.66116 1 0 69 0 0 0 NaN
Jun 11th 22:06:09.205 UTC 2 15 44 692 683 2230.815 3063.762 0 370.9034 193.9337 0 0 54 0 0 211.5521 0.5159808
Jun 11th 22:05:12.008 UTC 3 5 0 531 527 1392.388 2391.197 5.008 187.6218 8.66116 1 0 69 0 0 0 NaN
Jun 11th 22:05:09.214 UTC 2 15 42 688 680 2217.214 3051.546 0 371.0563 194.5226 0 0 54 0 0 212.2413 0.5428166
Jun 11th 22:04:11.998 UTC 3 8 0 530 524 1389.733 2381.933 5.008 187.7051 8.66116 1 0 69 0 0 0 NaN
Jun 11th 22:04:09.214 UTC 2 15 41 684 678 2205.95 3041.134 0 372.1903 194.9935 0 0 54 0 0 210.2942 0.5505084
Jun 11th 22:03:12.000 UTC 3 8 0 529 524 1387.943 2381.933 5.008 187.3784 8.66116 1 0 69 0 0 0 NaN
Jun 11th 22:03:09.205 UTC 2 14 40 683 677 2199.976 3037.764 0 372.579 195.4903 0 0 54 0 0 207.4867 0.5474582
Jun 11th 22:02:12.010 UTC 3 10 0 526 521 1378.807 2368.597 5.008 187.6918 8.667068 1 0 69 0 0 0 NaN
Jun 11th 22:02:09.203 UTC 2 14 39 681 675 2196.331 3026.423 0 372.7354 195.7983 0 0 54 0 0 206.7279 0.5468991
Jun 11th 22:01:12.001 UTC 3 13 0 525 517 1374.825 2354.872 5.008 187.7621 8.682452 1 0 69 0 0 0 NaN
Jun 11th 22:01:09.203 UTC 2 15 39 679 669 2189.214 2989.352 0 373.1729 196.4996 0 0 54 0 0 206.7279 0.5468991
Jun 11th 22:00:12.002 UTC 3 15 1 522 513 1368.11 2330.54 5.008 187.9599 8.674662 1 0 69 0 0 0 NaN
Jun 11th 22:00:07.745 UTC 2 15 38 678 668 2186.559 2984.957 0 373.228 196.7172 0 0 53 0 0 205.1037 0.5454885
Jun 11th 21:59:12.010 UTC 3 13 0 520 512 1364.705 2326.519 5.008 188.3678 8.712868 1 0 69 0 0 0 NaN
Jun 11th 21:59:07.754 UTC 2 15 38 675 666 2172.035 2971.322 0 374.0784 196.8739 0 0 53 0 0 205.1037 0.5454885
Jun 11th 21:58:11.042 UTC 3 12 1 517 510 1360.08 2318.209 5.008 188.4449 8.720751 1 0 68 0 0 0 NaN
Jun 11th 21:58:07.755 UTC 2 15 39 675 663 2172.035 2957.476 0 374.0784 197.3593 0 0 53 0 0 205.1037 0.5454885
Jun 11th 21:57:11.041 UTC 3 14 0 516 507 1356.615 2302.86 5.008 188.7175 8.735456 1 0 68 0 0 0 NaN
Jun 11th 21:57:07.744 UTC 2 15 39 670 662 2154.602 2951.846 0 375.3549 197.5845 0 0 53 0 0 201.9793 0.5414996
Jun 11th 21:56:11.050 UTC 3 11 0 514 507 1349.576 2302.86 5.008 188.6444 8.745374 1 0 68 0 0 0 NaN
Jun 11th 21:56:07.764 UTC 2 15 40 669 660 2152.967 2943.115 0 375.3636 198.1452 0 0 53 0 0 201.1259 0.540661
Jun 11th 21:55:11.044 UTC 3 15 0 511 501 1340.28 2277.5 5.008 188.2984 8.765556 1 0 68 0 0 0 NaN
Jun 11th 21:55:07.754 UTC 2 15 40 667 659 2147.184 2940.607 0 375.4414 198.4364 0 0 53 0 0 199.004 0.5393062
Jun 11th 21:54:11.048 UTC 3 14 0 509 501 1337.745 2277.5 5.008 188.116 8.782479 1 0 68 0 0 0 NaN
Jun 11th 21:54:07.755 UTC 2 15 38 663 657 2140.479 2929.936 0 366.6045 198.9634 0 0 53 0 0 199.004 0.5393062
Jun 11th 21:53:11.038 UTC 3 14 1 505 499 1331.086 2268.776 5.008 187.9517 8.802954 1 0 68 0 0 0 NaN
Jun 11th 21:53:07.755 UTC 2 15 36 659 655 2128.577 2919.967 0 367.0095 199.4518 0 0 53 0 0 199.004 0.5393062
Jun 11th 21:52:11.047 UTC 3 13 1 503 499 1325.606 2268.776 5.008 187.7431 8.811364 1 0 68 0 0 0 NaN
Jun 11th 21:52:04.272 UTC 2 14 37 658 653 2125.922 2913.31 0 367.0261 199.9867 0 0 51 0 0 199.004 0.5393062
Jun 11th 21:51:11.045 UTC 3 12 0 502 497 1321.927 2261.908 5.008 187.9081 8.819109 1 0 68 0 0 0 NaN
Jun 11th 21:51:04.283 UTC 2 15 37 657 650 2121.94 2898.692 0 367.3419 200.4247 0 0 51 0 0 199.004 0.5393062
Jun 11th 21:50:11.036 UTC 3 14 2 499 493 1308.967 2245.656 5.008 187.7817 8.725912 1 0 68 0 0 0 NaN
Jun 11th 21:50:04.275 UTC 2 15 33 656 649 2119.93 2892.858 0 367.797 192.3232 0 0 51 0 0 199.004 0.5393062
Jun 11th 21:49:11.043 UTC 3 13 2 499 491 1308.967 2235.757 0 187.7817 8.549579 0 0 68 0 0 0 NaN
Jun 11th 21:49:04.277 UTC 2 11 37 654 647 2113.247 2881.801 0 368.298 192.2467 0 0 51 0 0 199.004 0.5393062
Jun 11th 21:48:09.438 UTC 3 15 1 496 488 1300.98 2222.201 0 187.3243 8.473195 0 0 67 0 0 0 NaN
Jun 11th 21:48:03.235 UTC 2 15 39 653 641 2113.247 2848.106 0 361.8247 192.5818 0 0 50 0 0 196.6205 0.5357506
Jun 11th 21:47:09.430 UTC 3 15 1 493 486 1297.055 2219.173 0 187.7958 8.425508 0 0 67 0 0 0 NaN
Jun 11th 21:47:03.249 UTC 2 15 41 650 640 2102.796 2843.894 0 362.1293 192.8501 0 0 50 0 0 192.3735 0.5299544
Jun 11th 21:46:09.439 UTC 3 12 1 490 486 1287.516 2219.173 0 187.7121 8.442476 0 0 67 0 0 0 NaN
Jun 11th 21:46:03.250 UTC 2 15 40 649 640 2102.796 2843.894 0 355.9191 192.8501 0 0 50 0 0 191.8103 0.5298628
Jun 11th 21:45:09.450 UTC 3 10 1 488 485 1283.225 2215.373 0 188.2229 8.469913 0 0 67 0 0 0 NaN
Jun 11th 21:45:03.245 UTC 2 15 40 646 638 2097.834 2838.737 0 351.7217 186.657 0 0 50 0 0 191.8103 0.5298628
Jun 11th 21:44:09.440 UTC 3 10 0 487 483 1279.547 2206.967 0 188.1203 8.490396 0 0 67 0 0 0 NaN
Jun 11th 21:44:03.244 UTC 2 15 39 641 638 2090.5 2838.737 0 338.8057 186.657 0 0 50 0 0 189.7034 0.5284217
Jun 11th 21:43:09.439 UTC 3 8 0 486 483 1274.349 2206.967 0 187.9721 8.519176 0 0 67 0 0 0 NaN
Jun 11th 21:43:03.243 UTC 2 13 39 639 637 2086.022 2833.832 0 339.3286 180.99 0 0 50 0 0 189.7034 0.5284217
Jun 11th 21:42:09.430 UTC 3 8 0 485 481 1271.694 2199.123 0 188.0324 8.533861 0 0 67 0 0 0 NaN
Jun 11th 21:42:03.243 UTC 2 13 39 638 634 2084.682 2819.041 0 338.3408 176.907 0 0 50 0 0 189.7034 0.5284217
Jun 11th 21:41:09.450 UTC 3 11 0 483 478 1264.957 2186.234 0 188.0945 8.533861 0 0 67 0 0 0 NaN
Jun 11th 21:41:03.245 UTC 2 15 36 638 629 2084.682 2795.746 0 338.3408 177.6558 0 0 50 0 0 189.7034 0.5284217
Jun 11th 21:40:09.440 UTC 3 12 0 482 474 1263.867 2167.978 0 188.3073 8.541817 0 0 67 0 0 0 NaN
Jun 11th 21:40:02.172 UTC 2 14 41 635 625 2077.895 2779.532 0 338.444 163.773 0 0 49 0 0 188.2202 0.5257547
Jun 11th 21:39:09.438 UTC 3 12 0 482 472 1263.867 2154.112 0 188.3073 8.562737 0 0 67 0 0 0 NaN
Jun 11th 21:39:02.172 UTC 2 15 40 633 622 2071.212 2762.944 0 339.1188 164.2798 0 0 49 0 0 187.0693 0.5240037
Jun 11th 21:38:09.438 UTC 3 11 0 480 471 1259.967 2150.621 0 188.4371 8.563105 0 0 67 0 0 0 NaN
Jun 11th 21:38:02.183 UTC 2 15 40 630 621 2062.854 2759.134 0 339.5947 163.6641 0 0 49 0 0 185.4608 0.5224248
Jun 11th 21:37:09.448 UTC 3 14 0 476 468 1247.764 2137.324 0 188.4241 8.563105 0 0 67 0 0 0 NaN
Jun 11th 21:37:02.173 UTC 2 15 39 627 619 2053.861 2750.192 0 340.0151 164.0926 0 0 49 0 0 182.7223 0.5190974
Jun 11th 21:36:09.437 UTC 3 12 1 473 468 1243.444 2137.324 0 188.5895 8.588362 0 0 67 0 0 0 NaN
Jun 11th 21:36:01.151 UTC 2 15 41 625 616 2048.447 2732.801 0 340.2666 164.5976 0 0 48 0 0 182.1346 0.5189019
Jun 11th 21:35:08.568 UTC 3 10 0 470 468 1229.626 2137.324 0 188.8226 8.596501 0 0 66 0 0 0 NaN
Jun 11th 21:35:01.152 UTC 2 15 38 621 616 2034.273 2732.801 0 340.9314 164.5976 0 0 48 0 0 182.1346 0.5189019
Jun 11th 21:34:08.588 UTC 3 8 0 470 467 1229.626 2135.348 0 188.8226 8.62467 0 0 66 0 0 0 NaN
Jun 11th 21:34:01.162 UTC 2 15 39 621 613 2034.273 2721.229 0 340.9314 165.2174 0 0 48 0 0 182.1346 0.5189019
Jun 11th 21:33:08.580 UTC 3 7 0 468 465 1223.843 2128.573 0 188.6698 8.638282 0 0 66 0 0 0 NaN
Jun 11th 21:33:01.152 UTC 2 13 39 618 612 2023.561 2716.188 0 341.307 165.7055 0 0 48 0 0 182.1346 0.5189019
Jun 11th 21:32:08.578 UTC 3 4 1 467 465 1222.003 2128.573 0 188.9366 8.674181 0 0 66 0 0 0 NaN
Jun 11th 21:31:59.937 UTC 2 14 41 616 608 2013.638 2698.123 0 341.8304 166.2819 0 0 47 0 0 182.3127 0.5269153
Jun 11th 21:31:08.587 UTC 3 4 0 466 464 1218.683 2123.847 0 188.6117 8.672715 0 0 66 0 0 0 NaN
Jun 11th 21:30:59.945 UTC 2 15 41 614 605 2009.573 2682.406 0 341.919 166.7511 0 0 47 0 0 181.0289 0.5277811
Jun 11th 21:30:08.578 UTC 3 8 0 466 460 1218.683 2099.608 0 188.6117 8.672715 0 0 66 0 0 0 NaN
Jun 11th 21:29:59.946 UTC 2 15 39 613 604 2005.59 2678.405 0 342.2679 167.0029 0 0 47 0 0 178.1092 0.5238507
Jun 11th 21:29:06.069 UTC 3 11 1 464 457 1213.165 2080.116 0 188.8313 8.672715 0 0 63 0 0 0 NaN
Jun 11th 21:28:59.935 UTC 2 15 40 609 602 1996.412 2671.314 0 343.0277 167.4086 0 0 47 0 0 176.0903 0.5209772
Jun 11th 21:28:06.078 UTC 3 12 0 463 455 1211.53 2070.444 0 188.9787 8.68302 0 0 63 0 0 0 NaN
Jun 11th 21:27:59.947 UTC 2 15 40 607 600 1991.717 2660.752 0 343.3204 167.8299 0 0 47 0 0 174.7652 0.5201344
Jun 11th 21:27:06.080 UTC 3 14 0 462 452 1209.895 2057.97 0 188.9794 8.680472 0 0 63 0 0 0 NaN
Jun 11th 21:26:59.941 UTC 2 14 40 603 599 1977.092 2655.091 0 344.1937 168.1577 0 0 47 0 0 173.0668 0.518164
Jun 11th 21:26:06.073 UTC 3 13 1 462 450 1209.895 2051.46 0 188.9794 8.704971 0 0 63 0 0 0 NaN
Jun 11th 21:25:59.939 UTC 2 15 40 602 595 1971.118 2639.808 0 344.4441 168.7214 0 0 47 0 0 173.0668 0.518164
Jun 11th 21:25:06.075 UTC 3 14 0 457 449 1191.625 2049.261 0 189.1905 8.704971 0 0 63 0 0 0 NaN
Jun 11th 21:24:59.942 UTC 2 15 40 601 591 1969.578 2616.749 0 344.4791 169.6561 0 0 47 0 0 172.5264 0.5180972
Jun 11th 21:24:06.081 UTC 3 13 0 454 448 1184.5 2047.353 0 188.8649 8.725989 0 0 63 0 0 0 NaN
Jun 11th 21:23:59.941 UTC 2 15 37 599 590 1961.133 2610.708 0 344.9868 169.9169 0 0 47 0 0 172.5264 0.5180972
Jun 11th 21:23:04.786 UTC 3 12 0 450 448 1178.8 2047.353 0 188.1405 8.7437 0 0 62 0 0 0 NaN
Jun 11th 21:22:59.932 UTC 2 14 37 595 588 1952.425 2604.052 0 345.6733 170.6264 0 0 47 0 0 172.5264 0.5180972
Jun 11th 21:22:04.776 UTC 3 13 1 448 445 1174.689 2033.874 0 188.379 8.756019 0 0 62 0 0 0 NaN
Jun 11th 21:21:58.586 UTC 2 14 36 593 586 1948.135 2596.702 0 346.1021 170.8906 0 0 46 0 0 172.5264 0.5180972
Jun 11th 21:21:04.785 UTC 3 10 1 448 444 1174.689 2029.949 0 188.379 8.778621 0 0 62 0 0 0 NaN
Jun 11th 21:20:57.317 UTC 2 15 39 592 582 1947.46 2582.722 0 340.6179 171.2928 0 0 45 0 0 172.5264 0.5180972
Jun 11th 21:20:04.797 UTC 3 9 0 447 442 1171.299 2018.767 0 188.5936 8.786946 0 0 62 0 0 0 NaN
Jun 11th 21:19:57.329 UTC 2 15 40 589 580 1942.103 2573.461 0 338.3379 171.6555 0 0 45 0 0 171.501 0.5165693
Jun 11th 21:19:04.790 UTC 3 8 1 446 441 1169.274 2013.049 0 188.6305 8.809704 0 0 62 0 0 0 NaN
Jun 11th 21:18:57.326 UTC 2 15 39 584 578 1930.931 2568.4 0 338.4209 171.9584 0 0 45 0 0 170.6084 0.5154333
Jun 11th 21:18:04.785 UTC 3 9 0 445 440 1168.374 2008.731 0 188.6975 8.809704 0 0 62 0 0 0 NaN
Jun 11th 21:17:57.326 UTC 2 15 34 581 578 1923.753 2568.4 0 338.9962 171.9584 0 0 45 0 0 170.6084 0.5154333
Jun 11th 21:17:04.022 UTC 3 11 1 442 436 1157.632 1994.76 0 188.4571 8.829245 0 0 61 0 0 0 NaN
Jun 11th 21:16:57.321 UTC 2 13 36 579 575 1915.796 2549.03 0 339.7869 164.9813 0 0 45 0 0 170.6084 0.5154333
Jun 11th 21:16:04.013 UTC 3 12 0 442 434 1157.632 1986.923 0 188.4571 8.827942 0 0 61 0 0 0 NaN
Jun 11th 21:15:55.400 UTC 2 13 38 579 571 1915.796 2533.643 0 339.7869 165.1329 0 0 43 0 0 170.6084 0.5154333
Jun 11th 21:15:03.114 UTC 3 15 1 437 429 1146.179 1966.985 0 188.8213 8.7917 0 0 60 0 0 0 NaN
Jun 11th 21:14:55.399 UTC 2 15 40 578 565 1912.076 2507.479 0 339.8085 165.3744 0 0 43 0 0 168.2139 0.5112886
Jun 11th 21:14:03.114 UTC 3 14 1 436 428 1143.479 1958.318 0 188.8559 8.777548 0 0 60 0 0 0 NaN
Jun 11th 21:13:55.389 UTC 2 15 38 575 565 1898.958 2507.479 0 340.8444 165.3744 0 0 43 0 0 168.2139 0.5112886
Jun 11th 21:13:03.104 UTC 3 11 1 435 427 1141.454 1952.255 0 189.1404 8.805781 0 0 60 0 0 0 NaN
Jun 11th 21:12:55.408 UTC 2 15 40 573 562 1891.751 2489.749 0 341.0939 165.819 0 0 43 0 0 167.1678 0.509658
Jun 11th 21:12:03.102 UTC 3 13 1 432 424 1137.854 1938.038 0 189.1889 8.81577 0 0 60 0 0 0 NaN
Jun 11th 21:11:54.386 UTC 2 15 40 568 561 1879.963 2486.829 0 341.519 166.095 0 0 42 0 0 164.9853 0.50609
Jun 11th 21:11:03.113 UTC 3 15 0 429 421 1132.39 1927.645 0 189.2276 8.82121 0 0 60 0 0 0 NaN
Jun 11th 21:10:54.377 UTC 2 15 38 565 560 1861.491 2485.023 0 342.0289 166.2798 0 0 42 0 0 163.5049 0.5046448
Jun 11th 21:10:03.104 UTC 3 12 1 427 421 1126.327 1927.645 0 189.4024 8.858257 0 0 60 0 0 0 NaN
Jun 11th 21:09:54.398 UTC 2 14 38 564 559 1859.871 2480.542 0 341.9037 166.1294 0 0 42 0 0 163.5049 0.5046448
Jun 11th 21:09:03.101 UTC 3 11 0 425 420 1121.832 1922.472 0 189.4088 8.862539 0 0 60 0 0 0 NaN
Jun 11th 21:08:54.399 UTC 2 15 41 562 554 1856.041 2460.036 0 340.6422 167.0521 0 0 42 0 0 161.8022 0.5024915
Jun 11th 21:08:03.113 UTC 3 10 0 423 419 1118.03 1916.409 0 188.9723 8.883025 0 0 60 0 0 0 NaN
Jun 11th 21:07:54.390 UTC 2 15 39 560 552 1845.646 2447.964 0 340.8942 165.215 0 0 42 0 0 161.8022 0.5024915
Jun 11th 21:07:03.103 UTC 3 11 0 422 417 1116.94 1904.113 0 188.8225 8.902774 0 0 60 0 0 0 NaN
Jun 11th 21:06:54.378 UTC 2 15 40 558 548 1837.902 2433.707 0 341.6902 166.2958 0 0 42 0 0 161.2623 0.5023746
Jun 11th 21:06:03.103 UTC 3 12 0 421 414 1115.305 1885.133 0 188.7028 8.923726 0 0 60 0 0 0 NaN
Jun 11th 21:05:54.398 UTC 2 15 39 555 547 1831.015 2428.279 0 341.3338 166.4709 0 0 42 0 0 159.914 0.5012979
Jun 11th 21:05:03.103 UTC 3 13 0 420 412 1114.505 1872.087 0 188.6499 8.943577 0 0 60 0 0 0 NaN
Jun 11th 21:04:54.386 UTC 2 14 39 553 544 1824.495 2417.547 0 341.7563 167.4216 0 0 42 0 0 159.914 0.5012979
Jun 11th 21:04:03.103 UTC 3 13 0 418 411 1106.521 1868.175 0 188.6966 8.956542 0 0 60 0 0 0 NaN
Jun 11th 21:03:54.387 UTC 2 15 39 549 542 1812.624 2407.562 0 340.7012 167.6452 0 0 42 0 0 156.0534 0.4954076
Jun 11th 21:03:03.113 UTC 3 13 1 417 409 1102.538 1862.919 0 188.7331 8.989766 0 0 60 0 0 0 NaN
Jun 11th 21:02:54.379 UTC 2 15 39 547 540 1806.504 2402.066 0 341.1295 168.2228 0 0 42 0 0 155.3002 0.4945866
Jun 11th 21:02:02.396 UTC 3 11 0 415 408 1097.813 1858.439 0 188.7544 9.007147 0 0 59 0 0 0 NaN
Jun 11th 21:01:54.397 UTC 2 15 39 543 538 1795.72 2395.777 0 338.2372 167.5515 0 0 42 0 0 155.3002 0.4945866
Jun 11th 21:01:02.407 UTC 3 10 1 413 407 1095.123 1851.064 0 188.8199 9.032432 0 0 59 0 0 0 NaN
Jun 11th 21:00:53.389 UTC 2 14 42 542 535 1791.636 2378.309 0 338.763 168.5712 0 0 41 0 0 153.0405 0.4920917
Jun 11th 21:00:02.396 UTC 3 11 0 410 405 1087.951 1845.374 0 188.1535 9.033115 0 0 59 0 0 0 NaN
Jun 11th 20:59:53.388 UTC 2 14 39 538 533 1782.481 2367.647 0 337.1236 166.9431 0 0 41 0 0 148.5212 0.4869548
Jun 11th 20:59:02.398 UTC 3 13 0 409 403 1086.151 1830.552 0 188.0815 9.033115 0 0 59 0 0 0 NaN
Jun 11th 20:58:53.398 UTC 2 13 38 538 530 1782.481 2357.005 0 337.1236 165.8552 0 0 41 0 0 148.5212 0.4869548
Jun 11th 20:58:01.388 UTC 3 12 0 406 402 1072.988 1826.307 0 188.0495 9.041859 0 0 58 0 0 0 NaN
Jun 11th 20:57:53.387 UTC 2 14 39 535 526 1777.036 2347.907 0 336.3542 164.9182 0 0 41 0 0 148.5212 0.4869548
Jun 11th 20:57:00.337 UTC 3 13 1 406 399 1072.988 1811.756 0 188.0495 9.072601 0 0 57 0 0 0 NaN
Jun 11th 20:56:53.388 UTC 2 15 38 531 523 1762.446 2336.371 0 337.7335 164.0207 0 0 41 0 0 148.5212 0.4869548
Jun 11th 20:56:00.329 UTC 3 15 1 405 394 1071.353 1797.16 0 187.7855 8.994951 0 0 57 0 0 0 NaN
Jun 11th 20:55:53.398 UTC 2 13 39 527 521 1743.141 2324.474 0 338.7148 162.0706 0 0 41 0 0 148.5212 0.4869548
Jun 11th 20:54:59.624 UTC 3 12 3 402 394 1061.633 1797.16 0 188.1211 8.755615 0 0 56 0 0 0 NaN
Jun 11th 20:54:52.222 UTC 2 14 40 526 517 1741.116 2301.317 0 338.8571 162.488 0 0 40 0 0 148.5212 0.4869548
Jun 11th 20:53:59.624 UTC 3 15 2 398 391 1053.728 1784.561 0 188.5295 8.755615 0 0 56 0 0 0 NaN
Jun 11th 20:53:52.213 UTC 2 15 38 523 514 1730.454 2285.323 0 338.3996 162.7626 0 0 40 0 0 148.578 0.4887433
Jun 11th 20:52:59.613 UTC 3 13 0 396 390 1045.984 1776.989 0 188.3877 8.782603 0 0 56 0 0 0 NaN
Jun 11th 20:52:52.212 UTC 2 15 40 523 512 1730.454 2276.241 0 338.3996 163.1057 0 0 40 0 0 148.6423 0.4905685
Jun 11th 20:51:58.703 UTC 3 11 0 393 389 1034.179 1768.274 0 188.0682 8.804601 0 0 55 0 0 0 NaN
Jun 11th 20:51:52.212 UTC 2 15 40 521 512 1724.975 2276.241 0 338.3064 163.1057 0 0 40 0 0 148.6494 0.4922166
Jun 11th 20:50:58.703 UTC 3 10 0 392 388 1032.829 1766.735 0 188.1199 8.827628 0 0 55 0 0 0 NaN
Jun 11th 20:50:52.223 UTC 2 15 39 516 511 1707.144 2271.068 0 339.292 162.4864 0 0 40 0 0 146.4586 0.4881953
Jun 11th 20:49:58.703 UTC 3 13 0 390 384 1024.864 1750.955 0 188.3277 8.826663 0 0 55 0 0 0 NaN
Jun 11th 20:49:52.224 UTC 2 15 40 514 508 1697.859 2253.156 0 339.6225 163.3521 0 0 40 0 0 144.8602 0.4861082
Jun 11th 20:48:58.714 UTC 3 12 0 390 382 1024.864 1742.84 0 188.3277 8.851655 0 0 55 0 0 0 NaN
Jun 11th 20:48:52.214 UTC 2 15 39 513 506 1694.18 2243.64 0 339.761 163.9029 0 0 40 0 0 144.8602 0.4861082
Jun 11th 20:47:57.632 UTC 3 11 1 388 382 1018.859 1742.84 0 188.3356 8.870986 0 0 54 0 0 0 NaN
Jun 11th 20:47:52.224 UTC 2 15 39 512 503 1691.75 2226.124 0 339.6878 164.1483 0 0 40 0 0 144.8602 0.4861082
Jun 11th 20:46:57.630 UTC 3 9 1 386 380 1014.149 1735.182 0 188.4681 8.904411 0 0 54 0 0 0 NaN
Jun 11th 20:46:52.213 UTC 2 14 40 511 501 1689.95 2214.467 0 339.9084 164.8645 0 0 40 0 0 144.8602 0.4861082
Jun 11th 20:45:57.621 UTC 3 10 0 382 379 1005.484 1730.421 0 188.053 8.904411 0 0 54 0 0 0 NaN
Jun 11th 20:45:52.224 UTC 2 15 40 508 499 1683.203 2204.518 0 339.5022 164.989 0 0 40 0 0 141.8577 0.4825091
Jun 11th 20:44:56.630 UTC 3 10 0 382 378 1005.484 1721.954 0 188.053 8.911562 0 0 53 0 0 0 NaN
Jun 11th 20:44:52.225 UTC 2 15 41 506 498 1675.755 2203.063 0 339.8754 165.2368 0 0 40 0 0 138.9537 0.4775041
Jun 11th 20:43:56.619 UTC 3 9 0 380 378 1001.374 1721.954 0 188.2318 8.929111 0 0 53 0 0 0 NaN
Jun 11th 20:43:52.214 UTC 2 15 37 502 498 1664.772 2203.063 0 340.1556 165.2368 0 0 40 0 0 138.1782 0.4764766
Jun 11th 20:42:56.621 UTC 3 8 0 379 376 1000.174 1706.586 0 188.2218 8.950947 0 0 53 0 0 0 NaN
Jun 11th 20:42:51.307 UTC 2 15 39 499 495 1644.938 2191.89 0 340.6007 165.1841 0 0 39 0 0 138.1782 0.4764766
Jun 11th 20:41:56.620 UTC 3 6 0 379 376 1000.174 1706.586 0 188.2218 8.981853 0 0 53 0 0 0 NaN
Jun 11th 20:41:51.316 UTC 2 15 38 497 492 1638.503 2181.197 0 341.1823 165.5056 0 0 39 0 0 138.1782 0.4764766
Jun 11th 20:40:56.632 UTC 3 7 0 379 374 1000.174 1693.672 0 188.2218 8.986991 0 0 53 0 0 0 NaN
Jun 11th 20:40:51.316 UTC 2 15 40 496 488 1631.033 2160.468 0 341.7247 166.6161 0 0 39 0 0 137.204 0.4764029
Jun 11th 20:39:56.620 UTC 3 8 0 379 371 1000.174 1678.53 0 188.2218 9.01833 0 0 53 0 0 0 NaN
Jun 11th 20:39:51.316 UTC 2 14 39 494 486 1623.293 2150.747 0 342.5353 166.9106 0 0 39 0 0 137.204 0.4764029
Jun 11th 20:38:56.621 UTC 3 11 0 377 368 995.0819 1663.688 0 188.1399 9.01833 0 0 53 0 0 0 NaN
Jun 11th 20:38:51.304 UTC 2 15 40 492 480 1616.149 2127.937 0 343.1135 168.1394 0 0 39 0 0 135.0743 0.4722878
Jun 11th 20:37:56.621 UTC 3 11 0 374 367 991.1619 1655.592 0 187.4443 9.028864 0 0 53 0 0 0 NaN
Jun 11th 20:37:51.304 UTC 2 15 39 488 480 1599.187 2127.937 0 343.2852 168.1394 0 0 39 0 0 135.1297 0.4808886
Jun 11th 20:36:56.631 UTC 3 15 0 372 363 989.4619 1645.521 0 187.5771 9.028864 0 0 53 0 0 0 NaN
Jun 11th 20:36:51.314 UTC 2 13 40 487 479 1596.487 2125.524 0 343.6192 169.0599 0 0 39 0 0 133.012 0.4784605
Jun 11th 20:35:56.623 UTC 3 14 0 370 363 978.5082 1645.521 0 188.2403 9.031808 0 0 53 0 0 0 NaN
Jun 11th 20:35:50.409 UTC 2 15 39 481 476 1581.76 2109.716 0 344.8009 169.3536 0 0 38 0 0 130.9038 0.4760137
Jun 11th 20:34:55.642 UTC 3 13 1 367 362 974.2332 1637.482 0 187.6245 9.069551 0 0 52 0 0 0 NaN
Jun 11th 20:34:50.398 UTC 2 15 39 479 473 1563.69 2100.283 0 344.8811 168.9284 0 0 38 0 0 130.9038 0.4760137
Jun 11th 20:33:55.653 UTC 3 12 1 364 359 960.9456 1623.32 0 186.9375 9.097342 0 0 52 0 0 0 NaN
Jun 11th 20:33:50.410 UTC 2 15 39 479 471 1563.69 2088.188 0 344.8811 169.4884 0 0 38 0 0 130.9038 0.4760137
Jun 11th 20:32:55.642 UTC 3 14 0 363 356 959.7456 1602.804 0 187.2648 9.119332 0 0 52 0 0 0 NaN
Jun 11th 20:32:50.408 UTC 2 14 39 476 468 1549.74 2075.309 0 346.3525 170.087 0 0 38 0 0 130.9038 0.4760137
Jun 11th 20:31:55.642 UTC 3 15 1 362 353 957.9556 1591.75 0 186.8943 9.068518 0 0 52 0 0 0 NaN
Jun 11th 20:31:50.418 UTC 2 15 40 474 464 1546.62 2059.13 0 344.7838 171.0424 0 0 38 0 0 129.0009 0.4725306
Jun 11th 20:30:55.652 UTC 3 14 2 360 351 954.0331 1582.774 0 187.214 8.910578 0 0 52 0 0 0 NaN
Jun 11th 20:30:50.409 UTC 2 14 39 472 463 1540.575 2055.796 0 345.3718 171.5631 0 0 38 0 0 128.2419 0.4714776
Jun 11th 20:29:55.653 UTC 3 13 2 358 350 950.6331 1580.53 0 186.8409 8.568681 0 0 52 0 0 0 NaN
Jun 11th 20:29:50.407 UTC 2 15 37 469 461 1532.345 2046.43 0 339.1122 171.8441 0 0 38 0 0 128.2419 0.4714776
Jun 11th 20:28:55.642 UTC 3 15 2 355 347 944.3906 1569.106 0 186.8299 8.376987 0 0 52 0 0 0 NaN
Jun 11th 20:28:50.407 UTC 2 15 34 466 459 1514.322 2036.608 0 338.4727 172.5086 0 0 38 0 0 128.2419 0.4714776
Jun 11th 20:27:55.653 UTC 3 14 0 353 347 937.5806 1569.106 0 186.8309 8.372504 0 0 52 0 0 0 NaN
Jun 11th 20:27:50.417 UTC 2 15 34 462 457 1504.625 2023.518 0 336.812 171.1999 0 0 38 0 0 128.2419 0.4714776
Jun 11th 20:26:55.653 UTC 3 11 1 348 346 924.9543 1566.493 0 186.1675 8.421745 0 0 52 0 0 0 NaN
Jun 11th 20:26:50.406 UTC 2 15 34 462 455 1504.625 2015.75 0 336.812 171.8162 0 0 38 0 0 128.2419 0.4714776
Jun 11th 20:25:54.977 UTC 3 11 0 348 344 924.9543 1561.039 0 186.1675 8.464804 0 0 51 0 0 0 NaN
Jun 11th 20:25:50.417 UTC 2 14 36 461 452 1498.584 2004.75 0 337.0009 165.9318 0 0 38 0 0 128.2419 0.4714776
Jun 11th 20:24:54.254 UTC 3 14 1 345 339 915.4018 1534.658 0 186.5744 8.474326 0 0 50 0 0 0 NaN
Jun 11th 20:24:49.406 UTC 2 14 37 458 449 1491.654 1991.354 0 337.7938 162.5609 0 0 37 0 0 128.2419 0.4714776
Jun 11th 20:23:54.253 UTC 3 13 0 345 337 915.4018 1519.771 0 186.5744 8.51071 0 0 50 0 0 0 NaN
Jun 11th 20:23:47.416 UTC 2 15 40 457 447 1487.975 1974.808 0 338.3841 162.7745 0 0 35 0 0 126.5455 0.4686872
Jun 11th 20:22:54.273 UTC 3 15 0 343 333 904.4668 1500.673 0 186.8949 8.429661 0 0 50 0 0 0 NaN
Jun 11th 20:22:47.428 UTC 2 15 41 452 444 1472.35 1962.031 0 338.8839 163.6563 0 0 35 0 0 125.3745 0.466076
Jun 11th 20:21:54.263 UTC 3 13 1 342 333 903.6668 1500.673 0 186.9738 8.452003 0 0 50 0 0 0 NaN
Jun 11th 20:21:47.420 UTC 2 15 40 451 441 1469.87 1948.657 0 338.9501 164.4598 0 0 35 0 0 125.3745 0.466076
Jun 11th 20:20:54.253 UTC 3 12 0 339 333 897.1968 1500.673 0 186.8617 8.457239 0 0 50 0 0 0 NaN
Jun 11th 20:20:47.417 UTC 2 15 37 447 441 1456.591 1948.657 0 340.5571 164.4598 0 0 35 0 0 124.6034 0.464938
Jun 11th 20:19:54.273 UTC 3 10 0 337 333 893.3943 1500.673 0 186.8153 8.485641 0 0 50 0 0 0 NaN
Jun 11th 20:19:46.460 UTC 2 13 38 447 439 1456.591 1937.45 0 340.5571 165.1226 0 0 34 0 0 124.6034 0.464938
Jun 11th 20:18:54.264 UTC 3 8 0 334 333 890.2543 1500.673 0 186.0255 8.506016 0 0 50 0 0 0 NaN
Jun 11th 20:18:46.449 UTC 2 14 41 446 435 1453.868 1916.114 0 340.8596 165.6655 0 0 34 0 0 123.6151 0.466472
Jun 11th 20:17:54.264 UTC 3 10 0 334 330 890.2543 1488.017 0 186.0255 8.508914 0 0 50 0 0 0 NaN
Jun 11th 20:17:46.460 UTC 2 15 42 443 433 1440.623 1908.047 0 340.9214 165.9083 0 0 34 0 0 115.9871 0.4530746
Jun 11th 20:16:54.253 UTC 3 11 0 333 327 886.5755 1475.852 0 185.4842 8.547255 0 0 50 0 0 0 NaN
Jun 11th 20:16:46.460 UTC 2 15 40 438 432 1420.658 1903.484 0 342.4227 166.2306 0 0 34 0 0 113.4252 0.448321
Jun 11th 20:15:54.273 UTC 3 14 0 331 323 883.1205 1455.905 0 186.1786 8.553248 0 0 50 0 0 0 NaN
Jun 11th 20:15:46.459 UTC 2 14 38 438 432 1420.658 1903.484 0 342.4227 166.5902 0 0 34 0 0 112.1828 0.4469435
Jun 11th 20:14:54.263 UTC 3 11 0 330 322 879.6555 1452.682 0 186.3204 8.631512 0 0 50 0 0 0 NaN
Jun 11th 20:14:46.449 UTC 2 15 39 434 429 1413.323 1888.214 0 334.4587 166.9606 0 0 34 0 0 112.1828 0.4469435
Jun 11th 20:13:53.632 UTC 3 13 1 328 319 876.0854 1444.299 0 186.5361 8.627514 0 0 49 0 0 0 NaN
Jun 11th 20:13:46.467 UTC 2 14 38 433 427 1409.645 1881.615 0 334.586 168.0134 0 0 34 0 0 112.1828 0.4469435
Jun 11th 20:12:53.623 UTC 3 13 0 324 318 868.7704 1441.714 0 186.4213 8.641818 0 0 49 0 0 0 NaN
Jun 11th 20:12:46.457 UTC 2 15 37 431 423 1407.62 1864.443 0 325.5797 168.9138 0 0 34 0 0 112.1828 0.4469435
Jun 11th 20:11:53.623 UTC 3 14 0 321 316 860.7129 1430.146 0 186.692 8.637934 0 0 49 0 0 0 NaN
Jun 11th 20:11:46.456 UTC 2 15 33 429 423 1401.286 1864.443 0 326.7084 168.9138 0 0 34 0 0 112.1828 0.4469435
Jun 11th 20:10:53.616 UTC 3 15 0 318 312 851.7253 1416.775 0 186.666 8.632506 0 0 49 0 0 0 NaN
Jun 11th 20:10:46.459 UTC 2 14 35 426 419 1393.296 1852.837 0 326.4369 159.2793 0 0 34 0 0 112.1828 0.4469435
Jun 11th 20:09:53.614 UTC 3 12 0 317 312 850.8253 1416.775 0 186.8296 8.630216 0 0 49 0 0 0 NaN
Jun 11th 20:09:46.457 UTC 2 15 37 423 414 1385.983 1827.12 0 323.3023 153.5071 0 0 34 0 0 112.1828 0.4469435
Jun 11th 20:08:52.723 UTC 3 11 0 315 310 849.3253 1407.084 0 187.2478 8.677325 0 0 48 0 0 0 NaN
Jun 11th 20:08:46.449 UTC 2 15 37 420 412 1375.824 1816.184 0 323.6487 149.8053 0 0 34 0 0 112.1828 0.4469435
Jun 11th 20:07:52.713 UTC 3 11 0 312 307 844.2253 1393.225 0 187.8093 8.705949 0 0 48 0 0 0 NaN
Jun 11th 20:07:45.459 UTC 2 15 38 419 410 1370.245 1805.318 0 324.1779 149.4121 0 0 33 0 0 112.1828 0.4469435
Jun 11th 20:06:52.713 UTC 3 12 1 312 304 844.2253 1383.374 0 187.8093 8.726345 0 0 48 0 0 0 NaN
Jun 11th 20:06:45.460 UTC 2 15 38 417 407 1365.249 1793.588 0 324.5812 149.8427 0 0 33 0 0 111.3922 0.4455687
Jun 11th 20:05:52.704 UTC 3 14 0 310 299 841.2253 1360.761 0 187.7663 8.74652 0 0 48 0 0 0 NaN
Jun 11th 20:05:45.471 UTC 2 15 40 416 405 1361.267 1783.204 0 324.7628 150.183 0 0 33 0 0 109.8429 0.4429151
Jun 11th 20:04:52.715 UTC 3 14 0 307 297 830.324 1353.201 0 188.3774 8.767558 0 0 48 0 0 0 NaN
Jun 11th 20:04:45.467 UTC 2 15 40 412 404 1354.017 1777.977 0 321.2528 150.4488 0 0 33 0 0 107.6768 0.4394972
Jun 11th 20:03:52.715 UTC 3 14 0 305 297 825.369 1353.201 0 188.886 8.767558 0 0 48 0 0 0 NaN
Jun 11th 20:03:45.459 UTC 2 15 39 409 402 1348.234 1767.284 0 321.7348 150.8904 0 0 33 0 0 105.7512 0.43519
Jun 11th 20:02:52.704 UTC 3 10 0 300 297 807.299 1353.201 0 188.185 8.797449 0 0 48 0 0 0 NaN
Jun 11th 20:02:45.457 UTC 2 15 40 406 401 1340.449 1764.97 0 322.4408 151.215 0 0 33 0 0 104.6859 0.4325865
Jun 11th 20:01:52.726 UTC 3 13 0 299 293 805.4839 1333.388 0 188.1994 8.813152 0 0 48 0 0 0 NaN
Jun 11th 20:01:45.457 UTC 2 15 39 405 398 1338.909 1751.759 0 322.2558 150.8568 0 0 33 0 0 104.1156 0.432015
Jun 11th 20:00:52.714 UTC 3 13 0 296 291 798.3065 1324.737 0 188.168 8.808296 0 0 48 0 0 0 NaN
Jun 11th 20:00:45.456 UTC 2 15 39 402 395 1331.2 1737.172 0 320.4778 148.437 0 0 33 0 0 104.1156 0.432015
Jun 11th 19:59:51.755 UTC 3 12 0 296 290 798.3065 1320.741 0 188.168 8.846824 0 0 47 0 0 0 NaN
Jun 11th 19:59:45.455 UTC 2 15 38 400 393 1328.148 1728.821 0 318.1807 149.131 0 0 33 0 0 104.1156 0.432015
Jun 11th 19:58:51.764 UTC 3 11 0 296 289 798.3065 1317.64 0 188.168 8.852736 0 0 47 0 0 0 NaN
Jun 11th 19:58:44.554 UTC 2 15 40 399 390 1325.448 1714.416 0 318.3611 146.9893 0 0 32 0 0 103.5712 0.4315466
Jun 11th 19:57:51.755 UTC 3 13 1 292 285 790.1214 1299.75 0 188.2006 8.87527 0 0 47 0 0 0 NaN
Jun 11th 19:57:44.551 UTC 2 15 39 397 388 1321.36 1709.815 0 316.8166 147.2802 0 0 32 0 0 103.0392 0.4311262
Jun 11th 19:56:51.764 UTC 3 13 1 290 283 783.1539 1284.181 0 188.7543 8.89511 0 0 47 0 0 0 NaN
Jun 11th 19:56:44.542 UTC 2 14 40 393 385 1312.198 1700.698 0 315.978 145.8383 0 0 32 0 0 103.0392 0.4311262
Jun 11th 19:55:50.906 UTC 3 12 0 288 282 776.1788 1275.804 0 188.4491 8.921698 0 0 46 0 0 0 NaN
Jun 11th 19:55:44.554 UTC 2 14 39 390 383 1306.797 1688.303 0 316.0281 142.0623 0 0 32 0 0 103.0392 0.4311262
Jun 11th 19:54:50.897 UTC 3 9 0 286 282 770.2038 1275.804 0 188.5248 8.978659 0 0 46 0 0 0 NaN
Jun 11th 19:54:44.554 UTC 2 15 38 386 381 1289.585 1678.631 0 316.5521 142.2674 0 0 32 0 0 103.0392 0.4311262
Jun 11th 19:53:50.895 UTC 3 8 0 286 281 770.2038 1272.003 0 188.5248 9.009095 0 0 46 0 0 0 NaN
Jun 11th 19:53:44.543 UTC 2 15 39 386 377 1289.585 1658.243 0 316.5521 142.5342 0 0 32 0 0 102.0197 0.4286541
Jun 11th 19:52:50.907 UTC 3 7 1 284 281 766.5513 1272.003 0 187.84 9.029678 0 0 46 0 0 0 NaN
Jun 11th 19:52:44.544 UTC 2 15 40 384 373 1284.095 1640.804 0 317.1846 142.6957 0 0 32 0 0 101.8019 0.4295439
Jun 11th 19:51:49.865 UTC 3 7 1 283 280 760.51 1268.25 0 187.9764 9.033089 0 0 45 0 0 0 NaN
Jun 11th 19:51:44.545 UTC 2 15 40 383 373 1280.63 1640.804 0 317.4302 142.6957 0 0 32 0 0 99.90791 0.4287893
Jun 11th 19:50:49.866 UTC 3 9 0 281 278 754.7275 1264.475 0 186.8441 9.033089 0 0 45 0 0 0 NaN
Jun 11th 19:50:44.553 UTC 2 15 37 378 371 1264.765 1632.481 0 317.4216 143.3762 0 0 32 0 0 99.90791 0.4287893
Jun 11th 19:49:48.109 UTC 3 11 0 280 275 748.7538 1245.223 0 187.2184 9.049492 0 0 43 0 0 0 NaN
Jun 11th 19:49:43.326 UTC 2 15 40 374 369 1252.278 1626.469 0 318.3523 143.9284 0 0 31 0 0 98.94755 0.4283444
Jun 11th 19:48:48.099 UTC 3 11 1 278 273 743.9913 1239.406 0 187.7371 9.099047 0 0 43 0 0 0 NaN
Jun 11th 19:48:43.325 UTC 2 15 40 372 365 1244.435 1602.845 0 318.8121 144.7976 0 0 31 0 0 98.94755 0.4283444
Jun 11th 19:47:48.099 UTC 3 8 0 278 273 743.9913 1239.406 0 187.7371 9.126698 0 0 43 0 0 0 NaN
Jun 11th 19:47:43.336 UTC 2 15 40 371 364 1240.757 1597.988 0 319.3625 144.2302 0 0 31 0 0 98.07653 0.4264197
Jun 11th 19:46:47.499 UTC 3 10 1 276 270 736.9513 1227.213 0 188.0515 9.150476 0 0 42 0 0 0 NaN
Jun 11th 19:46:43.324 UTC 2 14 39 370 362 1236.774 1588.323 0 319.625 145.079 0 0 31 0 0 98.07653 0.4264197
Jun 11th 19:45:47.497 UTC 3 11 0 274 268 731.4763 1220.773 0 188.0384 9.151446 0 0 42 0 0 0 NaN
Jun 11th 19:45:43.324 UTC 2 14 39 369 360 1232.882 1581.797 0 319.7208 145.4333 0 0 31 0 0 96.31413 0.4224304
Jun 11th 19:44:47.498 UTC 3 9 1 272 268 726.2112 1220.773 0 188.6545 9.192786 0 0 42 0 0 0 NaN
Jun 11th 19:44:43.323 UTC 2 15 39 365 356 1217.03 1563.974 0 320.3075 146.4537 0 0 31 0 0 96.39301 0.4246388
Jun 11th 19:43:47.497 UTC 3 8 0 270 266 720.1813 1214.652 0 188.1318 9.196216 0 0 42 0 0 0 NaN
Jun 11th 19:43:43.334 UTC 2 15 40 362 355 1210.466 1560.41 0 320.1707 146.6554 0 0 31 0 0 94.54674 0.4220836
Jun 11th 19:42:47.488 UTC 3 11 1 268 262 716.8063 1201.939 0 188.58 9.208421 0 0 42 0 0 0 NaN
Jun 11th 19:42:43.334 UTC 2 15 40 359 353 1200.269 1549.18 0 320.3687 147.3364 0 0 31 0 0 92.77158 0.4197809
Jun 11th 19:41:47.507 UTC 3 11 0 267 260 715.4563 1184.933 0 188.9349 9.218122 0 0 42 0 0 0 NaN
Jun 11th 19:41:43.325 UTC 2 15 38 356 352 1187.523 1543.181 0 321.1454 147.7083 0 0 31 0 0 92.77158 0.4197809
Jun 11th 19:40:47.498 UTC 3 11 0 265 259 712.8263 1182.349 0 189.4834 9.245267 0 0 42 0 0 0 NaN
Jun 11th 19:40:43.325 UTC 2 14 39 355 348 1183.541 1522.959 0 321.124 147.8636 0 0 31 0 0 92.77158 0.4197809
Jun 11th 19:39:47.497 UTC 3 9 1 263 258 707.1563 1175.395 0 189.4426 9.279219 0 0 42 0 0 0 NaN
Jun 11th 19:39:43.335 UTC 2 14 40 355 345 1183.541 1511.548 0 321.124 147.8525 0 0 31 0 0 91.85394 0.4175179
Jun 11th 19:38:47.489 UTC 3 9 0 261 257 697.8937 1172.74 0 189.7501 9.295666 0 0 42 0 0 0 NaN
Jun 11th 19:38:43.325 UTC 2 15 40 353 343 1168.308 1500.583 0 322.0111 148.1932 0 0 31 0 0 91.40426 0.4212178
Jun 11th 19:37:47.498 UTC 3 9 1 261 255 697.8937 1166.46 0 189.7501 9.351712 0 0 42 0 0 0 NaN
Jun 11th 19:37:43.326 UTC 2 15 40 351 340 1161.671 1481.593 0 322.4732 148.9596 0 0 31 0 0 90.97302 0.4211714
Jun 11th 19:36:47.496 UTC 3 9 1 260 253 697.0938 1161.683 0 190.0614 9.370551 0 0 42 0 0 0 NaN
Jun 11th 19:36:43.325 UTC 2 15 39 345 339 1141.425 1475.983 0 321.2613 149.1407 0 0 31 0 0 91.04645 0.4254507
Jun 11th 19:35:47.496 UTC 3 10 1 256 250 683.9537 1150.035 0 188.8772 9.420457 0 0 42 0 0 0 NaN
Jun 11th 19:35:43.327 UTC 2 15 40 344 337 1139.61 1466.585 0 321.361 149.6167 0 0 31 0 0 90.00528 0.4265653
Jun 11th 19:34:47.485 UTC 3 13 0 252 247 674.4812 1136.068 0 190.2498 9.420457 0 0 42 0 0 0 NaN
Jun 11th 19:34:43.326 UTC 2 15 38 344 337 1139.61 1466.585 0 321.361 149.6167 0 0 31 0 0 87.21571 0.4193063
Jun 11th 19:33:47.496 UTC 3 12 1 251 245 672.4562 1125.505 0 190.4251 9.493037 0 0 42 0 0 0 NaN
Jun 11th 19:33:43.324 UTC 2 14 40 341 333 1127.273 1449.94 0 321.9847 148.4691 0 0 31 0 0 87.21571 0.4193063
Jun 11th 19:32:47.496 UTC 3 12 0 250 243 670.6662 1109.728 0 190.8251 9.501683 0 0 42 0 0 0 NaN
Jun 11th 19:32:43.336 UTC 2 14 40 337 331 1117.858 1444.263 0 321.8019 149.2814 0 0 31 0 0 85.33271 0.4142365
Jun 11th 19:31:47.495 UTC 3 12 0 250 242 670.6662 1104.759 0 190.8251 9.523828 0 0 42 0 0 0 NaN
Jun 11th 19:31:43.326 UTC 2 15 40 335 328 1113.636 1432.335 0 322.0737 150.0302 0 0 31 0 0 83.67182 0.4121765
Jun 11th 19:30:47.496 UTC 3 12 0 247 239 663.7137 1086.066 0 190.5726 9.531116 0 0 42 0 0 0 NaN
Jun 11th 19:30:43.325 UTC 2 15 39 332 327 1106.741 1426.9 0 321.413 150.4663 0 0 31 0 0 83.67182 0.4121765
Jun 11th 19:29:46.894 UTC 3 11 0 245 239 658.6736 1086.066 0 189.9682 9.553416 0 0 41 0 0 0 NaN
Jun 11th 19:29:43.325 UTC 2 14 40 331 324 1104.431 1412.01 0 321.8257 150.4379 0 0 31 0 0 83.67182 0.4121765
Jun 11th 19:28:46.895 UTC 3 11 0 245 238 658.6736 1083.168 0 189.9682 9.586528 0 0 41 0 0 0 NaN
Jun 11th 19:28:43.334 UTC 2 14 46 330 319 1096.803 1389.328 0 322.3271 149.6058 0 0 31 0 0 78.41306 0.404191
Jun 11th 19:27:46.885 UTC 3 11 1 242 237 646.4786 1080.784 0 189.7607 9.595792 0 0 41 0 0 0 NaN
Jun 11th 19:27:43.326 UTC 2 15 43 328 316 1086.633 1378.603 0 321.6582 150.124 0 0 31 0 0 65.63595 0.3977936
Jun 11th 19:26:46.898 UTC 3 12 0 239 235 641.8687 1070.685 0 189.259 9.633411 0 0 41 0 0 0 NaN
Jun 11th 19:26:43.325 UTC 2 15 40 323 316 1070.269 1378.603 0 321.7752 150.124 0 0 31 0 0 63.29311 0.4005893
Jun 11th 19:25:46.049 UTC 3 12 0 238 233 639.1086 1061.421 0 189.6464 9.667493 0 0 40 0 0 0 NaN
Jun 11th 19:25:43.316 UTC 2 15 40 320 314 1057.931 1369.154 0 322.9342 150.9706 0 0 31 0 0 61.58472 0.3973208
Jun 11th 19:24:46.057 UTC 3 9 0 238 233 639.1086 1061.421 0 189.6464 9.744018 0 0 40 0 0 0 NaN
Jun 11th 19:24:43.336 UTC 2 14 39 317 313 1048.069 1366.164 0 321.9605 150.1364 0 0 31 0 0 61.58472 0.3973208
Jun 11th 19:23:46.070 UTC 3 8 0 235 231 633.2894 1047.792 0 189.3241 9.793682 0 0 40 0 0 0 NaN
Jun 11th 19:23:42.336 UTC 2 15 40 316 310 1036.864 1351.392 0 321.8759 150.0765 0 0 30 0 0 59.86578 0.3938538
Jun 11th 19:22:46.059 UTC 3 7 1 234 231 631.5194 1047.792 0 189.0668 9.812348 0 0 40 0 0 0 NaN
Jun 11th 19:22:41.387 UTC 2 15 41 314 306 1028.359 1325.713 0 322.8466 150.9578 0 0 29 0 0 59.91114 0.3967625
Jun 11th 19:21:46.052 UTC 3 11 0 234 226 631.5194 1027.515 0 189.0668 9.852072 0 0 40 0 0 0 NaN
Jun 11th 19:21:41.409 UTC 2 15 40 312 303 1017.188 1306.266 0 323.7404 150.704 0 0 29 0 0 59.08774 0.396562
Jun 11th 19:20:46.063 UTC 3 12 0 232 224 628.2944 1016.972 0 189.3069 9.875106 0 0 40 0 0 0 NaN
Jun 11th 19:20:41.397 UTC 2 15 43 312 298 1017.188 1282.997 0 323.7404 152.0338 0 0 29 0 0 56.93177 0.4155603
Jun 11th 19:19:46.052 UTC 3 12 0 229 223 623.2094 1014.795 0 189.7229 9.881526 0 0 40 0 0 0 NaN
Jun 11th 19:19:41.397 UTC 2 15 40 311 298 1014.488 1282.997 0 324.0735 152.0338 0 0 29 0 0 55.87473 0.4365214
Jun 11th 19:18:46.061 UTC 3 11 0 228 222 622.0093 1007.36 0 189.2957 9.92431 0 0 40 0 0 0 NaN
Jun 11th 19:18:41.389 UTC 2 15 39 307 298 1006.714 1282.997 0 290.4847 152.0338 0 0 29 0 0 54.53547 0.4328212
Jun 11th 19:17:46.062 UTC 3 12 0 225 220 610.4443 995.1127 0 189.9265 9.961089 0 0 40 0 0 0 NaN
Jun 11th 19:17:41.398 UTC 2 14 36 304 297 1000.401 1281.162 0 289.6705 152.8963 0 0 29 0 0 54.53547 0.4328212
Jun 11th 19:16:46.053 UTC 3 11 0 225 218 610.4443 989.608 0 189.9265 10.02554 0 0 40 0 0 0 NaN
Jun 11th 19:16:41.389 UTC 2 15 35 298 295 982.3222 1275.916 0 282.419 153.3674 0 0 29 0 0 54.53547 0.4328212
Jun 11th 19:15:46.071 UTC 3 11 0 224 216 607.7892 982.3099 0 189.23 10.06205 0 0 40 0 0 0 NaN
Jun 11th 19:15:41.397 UTC 2 14 32 296 295 978.5122 1275.916 0 283.8578 153.8545 0 0 29 0 0 54.53547 0.4328212
Jun 11th 19:14:46.059 UTC 3 11 0 222 215 600.9942 978.739 0 189.1178 10.06369 0 0 40 0 0 0 NaN
Jun 11th 19:14:39.091 UTC 2 14 33 296 292 978.5122 1262.111 0 283.8578 120.2139 0 0 27 0 0 54.53547 0.4328212
Jun 11th 19:13:45.059 UTC 3 11 0 218 214 586.7367 973.9874 0 189.5309 10.09016 0 0 39 0 0 0 NaN
Jun 11th 19:13:37.693 UTC 2 12 35 295 289 972.5385 1246.736 0 284.0696 113.9209 0 0 26 0 0 54.53547 0.4328212
Jun 11th 19:12:43.919 UTC 3 9 1 217 213 575.5317 967.6371 0 189.7273 10.17047 0 0 38 0 0 0 NaN
Jun 11th 19:12:35.430 UTC 2 13 40 295 284 972.5385 1227.101 0 284.0696 114.0966 0 0 24 0 0 54.53547 0.4328212
Jun 11th 19:11:43.920 UTC 3 10 0 215 211 569.8392 955.8204 0 189.0579 10.17939 0 0 38 0 0 0 NaN
Jun 11th 19:11:35.428 UTC 2 15 40 293 281 963.2538 1211.417 0 284.1327 114.4049 0 0 24 0 0 52.34305 0.4290414
Jun 11th 19:10:42.804 UTC 3 10 0 214 210 563.8654 949.2499 0 189.0275 10.21609 0 0 37 0 0 0 NaN
Jun 11th 19:10:35.418 UTC 2 15 40 287 280 934.5325 1205.086 0 286.1407 114.5797 0 0 24 0 0 51.82431 0.4318693
Jun 11th 19:09:42.805 UTC 3 10 0 214 208 563.8654 943.9973 0 189.0275 10.26729 0 0 37 0 0 0 NaN
Jun 11th 19:09:35.430 UTC 2 14 39 286 279 928.5588 1198.716 0 286.3735 115.3251 0 0 24 0 0 50.95376 0.4281828
Jun 11th 19:08:42.815 UTC 3 8 0 211 208 549.1166 943.9973 0 189.5928 10.33804 0 0 37 0 0 0 NaN
Jun 11th 19:08:35.431 UTC 2 13 40 285 277 927.4143 1188.265 0 282.881 115.5024 0 0 24 0 0 50.37986 0.426948
Jun 11th 19:07:42.815 UTC 3 7 0 211 207 549.1166 939.3669 0 189.5928 10.35415 0 0 37 0 0 0 NaN
Jun 11th 19:07:35.422 UTC 2 15 39 281 273 917.0268 1172.699 0 281.7462 115.8158 0 0 24 0 0 50.37986 0.426948
Jun 11th 19:06:42.805 UTC 3 6 0 210 206 545.4379 931.2488 0 189.879 10.43156 0 0 37 0 0 0 NaN
Jun 11th 19:06:35.432 UTC 2 15 40 280 271 915.2568 1162.829 0 281.7314 116.2594 0 0 24 0 0 48.45414 0.4213404
Jun 11th 19:05:41.642 UTC 3 7 0 208 205 542.4678 922.1063 0 188.6773 10.43156 0 0 36 0 0 0 NaN
Jun 11th 19:05:35.430 UTC 2 15 39 278 271 907.6068 1162.829 0 282.1309 116.2594 0 0 24 0 0 46.00273 0.4107387
Jun 11th 19:04:40.356 UTC 3 7 1 207 203 539.8128 909.1344 0 188.6735 10.50772 0 0 35 0 0 0 NaN
Jun 11th 19:04:35.426 UTC 2 14 39 273 269 892.6293 1155.425 0 282.769 112.147 0 0 24 0 0 46.00273 0.4107387
Jun 11th 19:03:39.379 UTC 3 10 0 207 200 539.8128 895.77 0 188.6735 10.50772 0 0 34 0 0 0 NaN
Jun 11th 19:03:35.427 UTC 2 15 42 271 265 888.1293 1137.97 0 283.8352 113.1358 0 0 24 0 0 43.81144 0.4212638
Jun 11th 19:02:38.265 UTC 3 10 0 207 200 539.8128 895.77 0 188.6735 10.50772 0 0 33 0 0 0 NaN
Jun 11th 19:02:35.428 UTC 2 13 42 270 264 879.7593 1131.572 0 284.0424 113.6549 0 0 24 0 0 39.32733 0.427471
Jun 11th 19:01:38.255 UTC 3 9 1 204 199 533.2153 891.596 0 188.576 10.54081 0 0 33 0 0 0 NaN
Jun 11th 19:01:35.430 UTC 2 15 41 270 259 879.7593 1111.685 0 284.0424 114.2694 0 0 24 0 0 34.79781 0.4296026
Jun 11th 19:00:38.268 UTC 3 11 1 203 196 531.4453 871.1218 0 188.5539 10.56853 0 0 33 0 0 0 NaN
Jun 11th 19:00:34.194 UTC 2 15 42 266 256 870.8643 1098.681 0 285.2238 115.0336 0 0 23 0 0 27.45375 0.4289648
Jun 11th 18:59:38.268 UTC 3 10 0 202 195 529.4353 864.8672 0 187.7111 10.58563 0 0 33 0 0 0 NaN
Jun 11th 18:59:34.193 UTC 2 15 40 263 255 863.5992 1096.447 0 286.304 114.9306 0 0 23 0 0 26.7177 0.4379951
Jun 11th 18:58:37.183 UTC 3 12 0 199 193 521.1234 853.7207 0 186.6328 10.58563 0 0 32 0 0 0 NaN
Jun 11th 18:58:33.023 UTC 2 15 39 261 253 860.1742 1082.878 0 280.2039 115.2856 0 0 22 0 0 23.98104 0.4524725
Jun 11th 18:57:37.193 UTC 3 15 0 198 190 519.3083 844.7408 0 186.6779 10.58563 0 0 32 0 0 0 NaN
Jun 11th 18:57:33.036 UTC 2 15 38 255 250 847.3619 1072.482 0 279.5815 116.5017 0 0 22 0 0 23.20896 0.4463262
Jun 11th 18:56:37.182 UTC 3 13 1 197 190 517.5084 844.7408 0 187.372 10.64648 0 0 32 0 0 0 NaN
Jun 11th 18:56:33.025 UTC 2 14 36 254 249 844.9094 1069.865 0 280.2892 117.2974 0 0 22 0 0 23.20896 0.4463262
Jun 11th 18:55:37.193 UTC 3 12 1 195 188 511.8083 838.0203 0 187.8459 10.74298 0 0 32 0 0 0 NaN
Jun 11th 18:55:33.021 UTC 2 14 37 252 246 838.5794 1061.032 0 280.9761 111.5872 0 0 22 0 0 23.20896 0.4463262
Jun 11th 18:54:37.193 UTC 3 11 0 191 188 491.6821 838.0203 0 186.6194 10.76233 0 0 32 0 0 0 NaN
Jun 11th 18:54:33.036 UTC 2 13 38 251 242 836.2694 1039.964 0 281.7615 112.3741 0 0 22 0 0 23.20896 0.4463262
Jun 11th 18:53:36.478 UTC 3 12 0 189 185 486.4996 831.1243 0 186.0313 10.81019 0 0 31 0 0 0 NaN
Jun 11th 18:53:32.011 UTC 2 14 38 247 239 818.5911 1023.951 0 283.1708 111.726 0 0 21 0 0 23.20896 0.4463262
Jun 11th 18:52:36.481 UTC 3 12 0 186 182 479.3671 821.0052 0 187.4157 10.88147 0 0 31 0 0 0 NaN
Jun 11th 18:52:32.003 UTC 2 15 40 245 234 813.3193 1002.197 0 281.8434 112.977 0 0 21 0 0 23.20896 0.4463262
Jun 11th 18:51:35.471 UTC 3 11 0 186 181 479.3671 815.4367 0 187.4157 10.96815 0 0 30 0 0 0 NaN
Jun 11th 18:51:31.131 UTC 2 15 40 245 233 813.3193 994.6472 0 281.8434 113.0783 0 0 20 0 0 22.8546 0.4481293
Jun 11th 18:50:35.469 UTC 3 11 0 184 179 475.5121 804.7082 0 187.9343 11.01464 0 0 30 0 0 0 NaN
Jun 11th 18:50:31.120 UTC 2 15 38 239 233 793.8556 994.6472 0 284.6066 113.0783 0 0 20 0 0 22.10921 0.4421843
Jun 11th 18:49:35.469 UTC 3 7 1 182 179 471.4721 804.7082 0 188.4099 11.18481 0 0 30 0 0 0 NaN
Jun 11th 18:49:31.120 UTC 2 15 39 237 230 784.9381 979.802 0 284.6933 112.579 0 0 20 0 0 22.10921 0.4421843
Jun 11th 18:48:34.807 UTC 3 10 0 182 175 471.4721 789.5919 0 188.4099 11.20533 0 0 29 0 0 0 NaN
Jun 11th 18:48:31.130 UTC 2 15 40 236 227 781.9501 966.6483 0 284.2646 113.5591 0 0 20 0 0 21.4366 0.4374816
Jun 11th 18:47:34.122 UTC 3 12 0 179 171 456.3283 772.2992 0 187.369 11.31249 0 0 28 0 0 0 NaN
Jun 11th 18:47:31.131 UTC 2 14 39 234 226 775.1676 962.5796 0 285.1241 114.0941 0 0 20 0 0 21.4366 0.4374816
Jun 11th 18:46:34.111 UTC 3 12 0 177 169 448.7196 764.031 0 187.893 11.35227 0 0 28 0 0 0 NaN
Jun 11th 18:46:31.120 UTC 2 15 40 232 223 771.2736 952.5499 0 282.1552 114.7054 0 0 20 0 0 20.30285 0.4319755
Jun 11th 18:45:34.123 UTC 3 14 1 174 166 441.9695 756.2382 0 188.1824 11.3835 0 0 28 0 0 0 NaN
Jun 11th 18:45:31.121 UTC 2 15 38 229 221 764.5911 942.1819 0 261.3691 115.4032 0 0 20 0 0 19.65004 0.4271747
Jun 11th 18:44:33.450 UTC 3 13 5 172 162 436.9295 740.1837 0 188.75 8.958106 0 0 27 0 0 0 NaN
Jun 11th 18:44:31.130 UTC 2 15 36 227 219 756.6035 935.2827 0 261.5868 94.47617 0 0 20 0 0 19.65004 0.4271747
Jun 11th 18:43:33.448 UTC 3 14 3 170 159 431.012 724.6845 0 189.1331 8.504505 0 0 27 0 0 0 NaN
Jun 11th 18:43:31.120 UTC 2 15 36 223 218 737.8685 928.7441 0 261.6963 94.68027 0 0 20 0 0 19.65004 0.4271747
Jun 11th 18:42:32.614 UTC 3 14 2 167 158 424.7033 721.8986 0 188.6402 8.488838 0 0 26 0 0 0 NaN
Jun 11th 18:42:31.120 UTC 2 15 35 222 216 735.2134 918.791 0 262.4385 95.35406 0 0 20 0 0 19.65004 0.4271747
Jun 11th 18:41:32.603 UTC 3 15 2 163 156 418.9383 708.33 0 187.5826 8.384884 0 0 26 0 0 0 NaN
Jun 11th 18:41:31.120 UTC 2 13 36 220 213 731.8634 906.1573 0 262.7382 93.57302 0 0 20 0 0 19.65004 0.4271747
Jun 11th 18:40:32.614 UTC 3 13 2 160 155 413.0733 704.2198 0 187.3245 8.323981 0 0 26 0 0 0 NaN
Jun 11th 18:40:30.202 UTC 2 15 37 218 209 723.3034 887.2308 0 257.2455 93.89174 0 0 19 0 0 19.65004 0.4271747
Jun 11th 18:39:32.602 UTC 3 15 1 159 151 410.0583 682.0065 0 186.9576 8.156695 0 0 26 0 0 0 NaN
Jun 11th 18:39:30.203 UTC 2 14 35 216 209 718.2934 887.2308 0 254.7488 94.2685 0 0 19 0 0 19.65004 0.4271747
Jun 11th 18:38:31.704 UTC 3 15 3 157 149 398.9095 675.4487 0 186.4096 7.514997 0 0 25 0 0 0 NaN
Jun 11th 18:38:29.141 UTC 2 15 34 213 205 709.0219 868.8148 0 250.724 88.78345 0 0 18 0 0 19.65004 0.4271747
Jun 11th 18:37:31.715 UTC 3 14 2 156 148 398.0096 668.1602 0 186.5691 7.300858 0 0 25 0 0 0 NaN
Jun 11th 18:37:29.152 UTC 2 15 34 211 203 699.6581 859.7617 0 251.1571 89.3792 0 0 18 0 0 19.65004 0.4271747
Jun 11th 18:36:30.807 UTC 3 15 1 153 145 387.0295 654.7544 0 187.4929 7.193864 0 0 24 0 0 0 NaN
Jun 11th 18:36:29.151 UTC 2 15 35 209 201 689.488 856.9055 0 251.7284 85.43973 0 0 18 0 0 19.65004 0.4271747
Jun 11th 18:35:30.808 UTC 3 14 0 151 144 384.1696 651.8281 0 186.222 7.222901 0 0 24 0 0 0 NaN
Jun 11th 18:35:28.063 UTC 2 14 36 204 199 675.658 846.9301 0 252.5938 86.55202 0 0 17 0 0 19.65004 0.4271747
Jun 11th 18:34:29.869 UTC 3 11 0 148 144 376.3846 651.8281 0 185.7722 7.33448 0 0 23 0 0 0 NaN
Jun 11th 18:34:28.074 UTC 2 13 39 202 196 666.7929 830.866 0 252.5829 84.69439 0 0 17 0 0 19.65004 0.4271747
Jun 11th 18:33:29.021 UTC 3 10 0 146 143 373.332 645.2896 0 186.0177 7.337125 0 0 22 0 0 0 NaN
Jun 11th 18:33:26.950 UTC 2 15 40 201 192 665.1579 816.9336 0 251.8611 84.88139 0 0 16 0 0 19.77906 0.4599781
Jun 11th 18:32:28.223 UTC 3 10 0 145 142 370.8795 640.3943 0 185.892 7.367089 0 0 21 0 0 0 NaN
Jun 11th 18:32:26.941 UTC 2 15 39 198 191 657.4866 814.8561 0 252.5142 85.0078 0 0 16 0 0 19.21243 0.4574387
Jun 11th 18:31:28.213 UTC 3 10 0 144 139 369.3395 623.7686 0 185.1953 7.354867 0 0 21 0 0 0 NaN
Jun 11th 18:31:26.961 UTC 2 14 39 196 189 651.2441 806.623 0 253.0826 84.78863 0 0 16 0 0 19.21243 0.4574387
Jun 11th 18:30:27.316 UTC 3 10 0 144 138 369.3395 618.7043 0 185.1953 7.369933 0 0 20 0 0 0 NaN
Jun 11th 18:30:25.876 UTC 2 15 40 193 185 640.9354 784.7128 0 254.1067 85.71243 0 0 15 0 0 19.21243 0.4574387
Jun 11th 18:29:27.304 UTC 3 9 0 142 136 365.0045 607.4077 0 184.5984 7.456355 0 0 20 0 0 0 NaN
Jun 11th 18:29:25.889 UTC 2 15 39 190 183 621.9866 775.7138 0 253.3142 85.29683 0 0 15 0 0 19.21243 0.4574387
Jun 11th 18:28:26.355 UTC 3 10 0 140 135 361.1045 605.525 0 185.2755 7.456355 0 0 19 0 0 0 NaN
Jun 11th 18:28:25.878 UTC 2 15 40 190 180 621.9866 761.6537 0 253.3142 85.27293 0 0 15 0 0 18.60488 0.465122
Jun 11th 18:27:26.355 UTC 3 10 0 138 134 355.352 602.9146 0 185.0279 7.506755 0 0 19 0 0 0 NaN
Jun 11th 18:27:25.878 UTC 2 15 40 189 178 619.5566 758.8583 0 252.6399 86.02313 0 0 15 0 0 17.45461 0.4717461
Jun 11th 18:26:26.345 UTC 3 12 0 136 130 351.917 587.7983 0 185.2151 7.553334 0 0 19 0 0 0 NaN
Jun 11th 18:26:25.880 UTC 2 15 40 181 176 592.1315 747.7755 0 250.7834 86.71599 0 0 15 0 0 16.86545 0.4684846
Jun 11th 18:25:25.880 UTC 2 15 39 179 174 585.839 737.4969 0 251.5299 84.79393 0 0 15 0 0 16.86545 0.4684846
Jun 11th 18:25:25.459 UTC 3 13 0 134 127 349.367 575.7039 0 186.5898 7.650137 0 0 18 0 0 0 NaN
Jun 11th 18:24:25.888 UTC 2 15 38 178 173 583.3865 736.2556 0 250.954 83.73499 0 0 15 0 0 16.86545 0.4684846
Jun 11th 18:24:25.466 UTC 3 13 0 133 124 348.767 554.0681 0 187.1686 7.730516 0 0 18 0 0 0 NaN
Jun 11th 18:23:25.876 UTC 2 13 41 176 169 576.9477 719.381 0 251.7737 83.45094 0 0 15 0 0 15.01054 0.4548649
Jun 11th 18:23:25.477 UTC 3 11 0 130 124 338.2917 554.0681 0 186.6016 7.714468 0 0 18 0 0 0 NaN
Jun 11th 18:22:25.881 UTC 2 15 42 175 163 573.2689 688.4431 0 251.9155 84.06561 0 0 15 0 0 11.3418 0.436223
Jun 11th 18:22:24.375 UTC 3 12 1 129 120 332.318 542.0439 0 186.9777 7.74885 0 0 17 0 0 0 NaN
Jun 11th 18:21:25.888 UTC 2 15 39 173 163 566.9351 688.4431 0 252.8985 84.06561 0 0 15 0 0 9.897654 0.4498934
Jun 11th 18:21:24.364 UTC 3 12 1 125 119 319.0842 540.4292 0 188.5489 7.791054 0 0 17 0 0 0 NaN
Jun 11th 18:20:25.888 UTC 2 15 39 170 162 555.8538 683.4299 0 253.9608 84.48505 0 0 15 0 0 8.60756 0.430378
Jun 11th 18:20:24.376 UTC 3 11 0 124 118 317.9942 537.5955 0 188.0307 7.846862 0 0 17 0 0 0 NaN
Jun 11th 18:19:25.878 UTC 2 15 40 168 159 551.5751 669.6155 0 241.4426 84.65678 0 0 15 0 0 8.302317 0.436964
Jun 11th 18:19:24.376 UTC 3 9 0 122 118 311.9867 537.5955 0 189.4254 7.959347 0 0 17 0 0 0 NaN
Jun 11th 18:18:25.887 UTC 2 15 39 163 158 539.05 667.7295 0 235.7416 84.8349 0 0 15 0 0 6.890593 0.4306621
Jun 11th 18:18:24.367 UTC 3 12 0 119 114 305.5667 519.3135 0 188.3867 7.981229 0 0 17 0 0 0 NaN
Jun 11th 18:17:25.876 UTC 2 15 37 161 156 528.2275 654.6555 0 236.6981 85.6998 0 0 15 0 0 6.890593 0.4306621
Jun 11th 18:17:24.368 UTC 3 15 1 117 109 297.568 499.0499 0 187.6439 8.049971 0 0 17 0 0 0 NaN
Jun 11th 18:16:25.876 UTC 2 14 37 158 155 520.9787 650.8006 0 237.3587 73.59731 0 0 15 0 0 6.890593 0.4306621
Jun 11th 18:16:24.378 UTC 3 12 0 117 109 297.568 499.0499 0 187.6439 8.079064 0 0 17 0 0 0 NaN
Jun 11th 18:15:25.886 UTC 2 14 38 158 151 520.9787 634.1047 0 237.3587 74.51255 0 0 15 0 0 6.890593 0.4306621
Jun 11th 18:15:24.366 UTC 3 11 0 114 108 286.498 497.6234 0 188.4635 8.177532 0 0 17 0 0 0 NaN
Jun 11th 18:14:25.876 UTC 2 15 36 156 147 514.8474 618.0629 0 239.2459 70.40627 0 0 15 0 0 6.890593 0.4306621
Jun 11th 18:14:24.367 UTC 3 12 0 110 106 276.3242 485.3185 0 189.9509 8.185622 0 0 17 0 0 0 NaN
Jun 11th 18:13:25.874 UTC 2 15 36 153 144 506.2449 611.9583 0 238.9527 71.28422 0 0 15 0 0 6.890593 0.4306621
Jun 11th 18:13:23.533 UTC 3 14 2 110 101 276.3242 461.2415 0 189.9509 7.60707 0 0 16 0 0 0 NaN
Jun 11th 18:12:24.917 UTC 2 15 36 152 141 504.6249 601.6477 0 238.0031 72.59998 0 0 14 0 0 6.890593 0.4306621
Jun 11th 18:12:23.542 UTC 3 14 3 109 98 275.5243 450.0821 0 189.019 6.855319 0 0 16 0 0 0 NaN
Jun 11th 18:11:24.928 UTC 2 15 39 146 138 481.2737 584.0455 0 240.5068 70.64072 0 0 14 0 0 6.890593 0.4306621
Jun 11th 18:11:23.540 UTC 3 14 0 106 96 263.5542 439.9407 0 189.0822 6.601033 0 0 16 0 0 0 NaN
Jun 11th 18:10:24.930 UTC 2 15 40 143 136 469.6087 573.4669 0 238.5827 70.20744 0 0 14 0 0 4.77872 0.3982266
Jun 11th 18:10:23.529 UTC 3 13 0 103 96 257.8542 439.9407 0 190.3522 6.658401 0 0 16 0 0 0 NaN
Jun 11th 18:09:24.921 UTC 2 15 40 142 133 467.9737 557.4283 0 238.1368 71.18748 0 0 14 0 0 4.488121 0.408011
Jun 11th 18:09:23.531 UTC 3 11 0 102 95 256.5142 431.0598 0 189.7152 6.696028 0 0 16 0 0 0 NaN
Jun 11th 18:08:24.929 UTC 2 15 40 140 132 463.1587 550.4143 0 238.988 71.41434 0 0 14 0 0 3.387863 0.3764293
Jun 11th 18:08:21.142 UTC 3 12 0 98 94 244.1917 424.0298 0 188.11 6.696028 0 0 14 0 0 0 NaN
Jun 11th 18:07:23.899 UTC 2 15 39 140 129 463.1587 539.4623 0 238.988 70.04396 0 0 13 0 0 3.097264 0.387158
Jun 11th 18:07:21.142 UTC 3 14 0 96 91 236.193 408.7252 0 186.6348 6.712622 0 0 14 0 0 0 NaN
Jun 11th 18:06:23.902 UTC 2 15 40 135 126 446.5549 523.2579 0 236.1463 70.93399 0 0 13 0 0 2.841109 0.4058727
Jun 11th 18:06:21.152 UTC 3 14 1 96 88 236.193 394.5726 0 186.6348 6.558382 0 0 14 0 0 0 NaN
Jun 11th 18:05:23.891 UTC 2 15 40 133 126 441.3749 523.2579 0 235.1653 70.93399 0 0 13 0 0 1.681121 0.3362243
Jun 11th 18:05:20.213 UTC 3 13 0 95 87 233.433 390.1433 0 187.7564 6.568944 0 0 13 0 0 0 NaN
Jun 11th 18:04:23.909 UTC 2 15 38 129 125 423.0486 518.2095 0 238.4095 71.37747 0 0 13 0 0 1.681121 0.3362243
Jun 11th 18:04:20.213 UTC 3 12 1 93 85 228.648 385.714 0 188.3907 6.719509 0 0 13 0 0 0 NaN
Jun 11th 18:03:23.899 UTC 2 15 38 128 122 420.3261 504.242 0 237.9016 72.39603 0 0 13 0 0 1.121691 0.2804227
Jun 11th 18:03:20.223 UTC 3 12 1 91 83 220.9705 374.6217 0 185.5421 6.712743 0 0 13 0 0 0 NaN
Jun 11th 18:02:23.888 UTC 2 14 38 127 120 414.1161 497.2279 0 237.4669 71.59473 0 0 13 0 0 1.121691 0.2804227
Jun 11th 18:02:20.213 UTC 3 11 0 87 83 210.158 374.6217 0 187.3844 6.762302 0 0 13 0 0 0 NaN
Jun 11th 18:01:23.898 UTC 2 15 41 125 114 407.4036 466.6155 0 238.8495 72.8485 0 0 13 0 0 0.3669274 0.1834637
Jun 11th 18:01:20.214 UTC 3 13 0 84 79 197.5692 354.4251 0 185.8262 6.756607 0 0 13 0 0 0 NaN
Jun 11th 18:00:23.898 UTC 2 15 39 121 113 398.7564 461.6788 0 232.1686 72.98923 0 0 13 0 0 0 NaN
Jun 11th 18:00:20.213 UTC 3 14 0 84 77 197.5692 347.778 0 185.8262 6.786799 0 0 13 0 0 0 NaN
Jun 11th 17:59:23.908 UTC 2 15 38 119 112 392.8389 459.5376 0 232.2497 73.32862 0 0 13 0 0 0 NaN
Jun 11th 17:59:20.223 UTC 3 12 0 84 76 197.5692 342.736 0 185.8262 6.755925 0 0 13 0 0 0 NaN
Jun 11th 17:58:23.897 UTC 2 15 37 118 109 381.6339 449.1536 0 232.2188 73.96079 0 0 13 0 0 0 NaN
Jun 11th 17:58:20.223 UTC 3 10 0 82 76 189.2855 342.736 0 187.3244 6.81852 0 0 13 0 0 0 NaN
Jun 11th 17:57:23.898 UTC 2 14 35 115 108 375.7839 445.5668 0 233.1386 70.9871 0 0 13 0 0 0 NaN
Jun 11th 17:57:20.223 UTC 3 13 0 78 71 181.4817 312.2226 0 185.0186 6.86062 0 0 13 0 0 0 NaN
Jun 11th 17:56:22.960 UTC 2 15 34 110 106 359.2839 435.5818 0 230.3005 71.21955 0 0 12 0 0 0 NaN
Jun 11th 17:56:19.583 UTC 3 13 0 77 70 175.508 305.0362 0 184.303 6.86663 0 0 12 0 0 0 NaN
Jun 11th 17:55:21.989 UTC 2 15 35 110 102 359.2839 416.2723 0 230.3005 69.4713 0 0 11 0 0 0 NaN
Jun 11th 17:55:19.573 UTC 3 13 1 76 68 174.298 297.2339 0 184.0636 6.978677 0 0 12 0 0 0 NaN
Jun 11th 17:54:21.981 UTC 2 15 33 108 100 353.5014 412.3281 0 230.8416 70.56021 0 0 11 0 0 0 NaN
Jun 11th 17:54:19.585 UTC 3 15 0 74 65 170.0755 288.3083 0 185.7827 6.849507 0 0 12 0 0 0 NaN
Jun 11th 17:53:21.991 UTC 2 15 33 107 97 351.7014 398.1595 0 230.2286 67.90898 0 0 11 0 0 0 NaN
Jun 11th 17:53:19.582 UTC 3 12 1 71 65 162.9655 288.3083 0 187.3355 6.98685 0 0 12 0 0 0 NaN
Jun 11th 17:52:21.979 UTC 2 13 33 102 97 329.5164 398.1595 0 233.8821 68.34623 0 0 11 0 0 0 NaN
Jun 11th 17:52:19.572 UTC 3 9 0 69 65 157.9605 288.3083 0 186.7575 7.012565 0 0 12 0 0 0 NaN
Jun 11th 17:51:21.978 UTC 2 15 33 99 91 320.0664 370.0043 0 232.6601 69.86429 0 0 11 0 0 0 NaN
Jun 11th 17:51:19.582 UTC 3 9 0 66 64 153.1255 282.5419 0 184.1302 7.076856 0 0 12 0 0 0 NaN
Jun 11th 17:50:21.988 UTC 2 13 33 98 90 318.2964 368.2619 0 234.685 68.311 0 0 11 0 0 0 NaN
Jun 11th 17:50:19.582 UTC 3 6 0 65 64 148.603 282.5419 0 181.4545 7.137802 0 0 12 0 0 0 NaN
Jun 11th 17:49:19.814 UTC 2 15 33 96 85 314.7314 346.4953 0 229.8147 70.0565 0 0 9 0 0 0 NaN
Jun 11th 17:49:19.571 UTC 3 7 0 65 63 148.603 274.3631 0 181.4545 7.137802 0 0 12 0 0 0 NaN
Jun 11th 17:48:18.754 UTC 2 15 31 94 84 307.7564 340.697 0 231.9923 70.38191 0 0 8 0 0 0 NaN
Jun 11th 17:48:18.623 UTC 3 10 0 65 60 148.603 267.5372 0 181.4545 7.137802 0 0 11 0 0 0 NaN
Jun 11th 17:47:18.775 UTC 2 15 30 88 82 287.5701 338.3515 0 230.4841 71.36188 0 0 8 0 0 0 NaN
Jun 11th 17:47:18.613 UTC 3 8 1 64 58 147.513 255.4397 0 180.61 7.111223 0 0 11 0 0 0 NaN
Jun 11th 17:46:18.766 UTC 2 15 27 85 82 282.5376 338.3515 0 217.6469 71.36188 0 0 8 0 0 0 NaN
Jun 11th 17:46:18.623 UTC 3 8 0 62 57 142.5305 253.7037 0 183.6846 7.16583 0 0 11 0 0 0 NaN
Jun 11th 17:45:18.612 UTC 3 7 0 60 57 140.2405 253.7037 0 186.5949 7.267069 0 0 11 0 0 0 NaN
Jun 11th 17:45:17.662 UTC 2 15 28 84 77 280.0851 314.4277 0 217.6199 55.45443 0 0 7 0 0 0 NaN
Jun 11th 17:44:18.612 UTC 3 7 1 59 54 138.9005 237.5247 0 187.0361 7.345818 0 0 11 0 0 0 NaN
Jun 11th 17:44:17.672 UTC 2 15 30 82 72 271.3438 297.0457 0 216.6559 52.55721 0 0 7 0 0 0 NaN
Jun 11th 17:43:18.621 UTC 3 6 0 58 54 138.1005 237.5247 0 184.6651 7.306997 0 0 11 0 0 0 NaN
Jun 11th 17:43:17.672 UTC 2 14 27 80 72 263.8963 297.0457 0 218.8543 52.85604 0 0 7 0 0 0 NaN
Jun 11th 17:42:18.613 UTC 3 6 0 57 54 134.118 237.5247 0 182.0811 7.306997 0 0 11 0 0 0 NaN
Jun 11th 17:42:17.683 UTC 2 15 25 78 68 255.2337 283.4865 0 220.7967 53.97646 0 0 7 0 0 0 NaN
Jun 11th 17:41:18.611 UTC 3 6 0 55 53 128.233 236.0472 0 182.2931 7.28399 0 0 11 0 0 0 NaN
Jun 11th 17:41:17.671 UTC 2 15 22 74 66 246.4398 272.8282 0 215.1018 53.62125 0 0 7 0 0 0 NaN
Jun 11th 17:40:17.774 UTC 3 7 0 54 52 127.143 230.5074 0 184.5298 7.28399 0 0 10 0 0 0 NaN
Jun 11th 17:40:17.671 UTC 2 15 19 70 65 235.6765 267.0874 0 194.8831 54.0308 0 0 7 0 0 0 NaN
Jun 11th 17:39:17.764 UTC 3 7 1 53 51 123.823 227.9035 0 182.2873 7.361306 0 0 10 0 0 0 NaN
Jun 11th 17:39:17.661 UTC 2 14 17 68 63 230.2278 258.6437 0 191.1112 52.82961 0 0 7 0 0 0 NaN
Jun 11th 17:38:16.869 UTC 3 7 1 53 48 123.823 210.3619 0 182.2873 7.422055 0 0 9 0 0 0 NaN
Jun 11th 17:38:16.671 UTC 2 14 21 67 58 227.2128 237.1228 0 191.208 35.494 0 0 6 0 0 0 NaN
Jun 11th 17:37:16.859 UTC 3 7 0 51 48 120.5705 210.3619 0 186.2529 7.422055 0 0 9 0 0 0 NaN
Jun 11th 17:37:15.652 UTC 2 15 19 66 56 222.0153 233.5231 0 190.3149 35.74239 0 0 5 0 0 0 NaN
Jun 11th 17:36:16.204 UTC 3 6 0 50 47 117.8705 205.0391 0 185.4875 7.394527 0 0 8 0 0 0 NaN
Jun 11th 17:36:15.641 UTC 2 14 18 61 55 202.7065 227.0356 0 188.7514 27.14476 0 0 5 0 0 0 NaN
Jun 11th 17:35:16.213 UTC 3 10 0 50 42 117.8705 181.6642 0 185.4875 7.531633 0 0 8 0 0 0 NaN
Jun 11th 17:35:15.650 UTC 2 15 18 58 50 195.7525 204.6403 0 187.7869 26.93221 0 0 5 0 0 0 NaN
Jun 11th 17:34:15.650 UTC 2 15 15 56 49 189.7225 200.4568 0 186.0121 26.49571 0 0 5 0 0 0 NaN
Jun 11th 17:34:15.296 UTC 3 12 0 50 39 117.8705 166.3755 0 185.4875 7.516894 0 0 7 0 0 0 NaN
Jun 11th 17:33:15.640 UTC 2 15 13 54 46 181.9375 188.005 0 188.8337 27.06821 0 0 5 0 0 0 NaN
Jun 11th 17:33:15.295 UTC 3 13 0 47 38 111.803 162.5302 0 186.6408 7.516894 0 0 7 0 0 0 NaN
Jun 11th 17:32:15.661 UTC 2 15 11 54 43 181.9375 173.7056 0 188.8337 25.13068 0 0 5 0 0 0 NaN
Jun 11th 17:32:15.295 UTC 3 13 0 43 37 104.7927 159.7731 0 182.8643 7.499026 0 0 7 0 0 0 NaN
Jun 11th 17:31:15.651 UTC 2 15 12 48 40 154.3037 165.5108 0 183.6731 22.0917 0 0 5 0 0 0 NaN
Jun 11th 17:31:14.673 UTC 3 13 0 42 35 103.5927 147.9021 0 181.6666 7.733829 0 0 6 0 0 0 NaN
Jun 11th 17:30:15.646 UTC 2 15 10 47 38 148.33 157.2202 0 185.9773 22.34677 0 0 5 0 0 0 NaN
Jun 11th 17:30:13.153 UTC 3 15 2 38 31 93.66274 124.6517 0 179.4854 7.019853 0 0 4 0 0 0 NaN
Jun 11th 17:29:15.640 UTC 2 14 9 41 38 122.7138 157.2202 0 182.9078 22.76027 0 0 5 0 0 0 NaN
Jun 11th 17:29:13.173 UTC 3 14 0 36 31 89.49125 124.6517 0 175.957 7.104062 0 0 4 0 0 0 NaN
Jun 11th 17:28:15.652 UTC 2 14 9 40 35 116.74 144.4398 0 179.7615 20.93823 0 0 5 0 0 0 NaN
Jun 11th 17:28:13.162 UTC 3 15 0 36 28 89.49125 108.7375 0 175.957 6.84232 0 0 4 0 0 0 NaN
Jun 11th 17:27:14.713 UTC 2 15 10 38 32 108.8425 132.5209 0 181.0884 17.3252 0 0 4 0 0 0 NaN
Jun 11th 17:27:13.162 UTC 3 15 0 34 24 82.82125 96.02409 0 175.7667 7.143095 0 0 4 0 0 0 NaN
Jun 11th 17:26:14.723 UTC 2 15 10 36 27 94.98251 104.6688 0 180.3552 18.28722 0 0 4 0 0 0 NaN
Jun 11th 17:26:13.153 UTC 3 15 1 32 23 70.7725 91.97137 0 176.0736 5.90503 0 0 4 0 0 0 NaN
Jun 11th 17:25:14.724 UTC 2 15 9 35 24 92.29751 91.26932 0 179.7397 15.52635 0 0 4 0 0 0 NaN
Jun 11th 17:25:13.163 UTC 3 15 1 29 21 65.6525 81.51727 0 181.2547 4.69699 0 0 4 0 0 0 NaN
Jun 11th 17:24:14.714 UTC 2 15 12 33 20 84.06251 74.64357 0 184.6047 12.48699 0 0 4 0 0 0 NaN
Jun 11th 17:24:13.163 UTC 3 14 0 27 19 59.07875 70.15051 0 183.353 4.806712 0 0 4 0 0 0 NaN
Jun 11th 17:23:14.714 UTC 2 15 7 28 20 69.23501 74.64357 0 178.1718 12.48699 0 0 4 0 0 0 NaN
Jun 11th 17:23:13.163 UTC 3 14 1 25 17 56.45375 61.1675 0 177.2919 4.557551 0 0 4 0 0 0 NaN
Jun 11th 17:22:14.723 UTC 2 15 7 26 19 60.76501 69.34631 0 175.5953 12.56385 0 0 4 0 0 0 NaN
Jun 11th 17:22:13.163 UTC 3 12 0 22 16 46.96625 56.17339 0 172.1507 4.849427 0 0 4 0 0 0 NaN
Jun 11th 17:21:14.722 UTC 2 15 6 25 16 59.86501 53.71303 0 175.392 12.50301 0 0 4 0 0 0 NaN
Jun 11th 17:21:13.153 UTC 3 12 0 20 14 43.92625 45.41614 0 172.0041 4.710805 0 0 4 0 0 0 NaN
Jun 11th 17:20:13.641 UTC 2 15 6 21 13 46.87125 39.14238 0 160.1861 4.965768 0 0 3 0 0 0 NaN
Jun 11th 17:20:13.153 UTC 3 12 0 20 13 43.92625 41.69529 0 172.0041 4.853512 0 0 4 0 0 0 NaN
Jun 11th 17:19:13.650 UTC 2 15 2 20 12 40.8975 37.45745 0 151.5506 5.081577 0 0 3 0 0 0 NaN
Jun 11th 17:19:13.165 UTC 3 12 0 18 12 33.24625 39.26045 0 159.8554 5.045389 0 0 4 0 0 0 NaN
Jun 11th 17:18:13.650 UTC 2 15 0 16 10 33.0725 25.69818 0 155.6884 5.099119 0 0 3 0 0 0 NaN
Jun 11th 17:18:13.162 UTC 3 13 1 16 9 31.29625 26.11303 0 157.4722 5.023816 0 0 4 0 0 0 NaN
Jun 11th 17:17:13.641 UTC 2 13 1 15 9 32.1725 21.75076 0 150.7737 5.131525 0 0 3 0 0 0 NaN
Jun 11th 17:17:12.408 UTC 3 15 0 14 6 27.89125 14.34416 0 161.9359 4.822845 0 0 3 0 0 0 NaN
Jun 11th 17:16:13.652 UTC 2 11 0 13 8 23.9375 21.00722 0 152.4789 5.277353 0 0 3 0 0 0 NaN
Jun 11th 17:16:12.417 UTC 3 13 1 11 5 22.2625 12.48372 0 134.7666 4.875994 0 0 3 0 0 0 NaN
Jun 11th 17:15:13.641 UTC 2 11 0 11 6 21.7875 14.64092 0 136.4495 5.266735 0 0 3 0 0 0 NaN
Jun 11th 17:15:11.550 UTC 3 14 0 8 2 17.2525 3.111375 0 140.1734 4.857828 0 0 2 0 0 0 NaN
Jun 11th 17:14:13.642 UTC 2 10 0 8 5 15.33 11.0541 0 128.553 5.121861 0 0 3 0 0 0 NaN
Jun 11th 17:14:11.549 UTC 3 12 0 7 1 15.6175 1.879586 0 149.5629 4.98996 0 0 2 0 0 0 NaN
Jun 11th 17:13:13.651 UTC 2 10 0 7 3 13.02 5.303676 0 113.7366 5.010141 0 0 3 0 0 0 NaN
Jun 11th 17:13:11.549 UTC 3 9 1 4 0 10.19 0 0 162.255 4.820703 0 0 2 0 0 0 NaN
Jun 11th 17:12:12.417 UTC 2 10 0 6 1 10.365 1.375392 0 100.9389 5.582212 0 0 2 0 0 0 NaN
Jun 11th 17:12:10.715 UTC 3 7 1 0 0 0 0 0 NaN 4.389913 0 0 1 0 0 0 NaN
Jun 11th 17:11:12.406 UTC 2 7 0 3 1 5.475 1.375392 0 104.4805 5.103561 0 0 2 0 0 0 NaN
Jun 11th 17:11:10.725 UTC 3 5 1 0 0 0 0 0 NaN 4.734385 0 0 1 0 0 0 NaN
Jun 11th 17:10:12.422 UTC 2 5 0 1 0 2.025 0 0 58.78063 5.859617 0 0 2 0 0 0 NaN
Jun 11th 17:10:10.723 UTC 3 3 0 0 0 0 0 0 NaN 4.207317 0 0 1 0 0 0 NaN
Jun 11th 17:09:11.171 UTC 2 3 0 0 0 0 0 0 NaN 3.53144 0 0 1 0 0 0 NaN
Jun 11th 17:09:10.714 UTC 3 1 0 0 0 0 0 0 NaN 11.54248 0 0 1 0 0 0 NaN
Jun 11th 17:08:10.154 UTC 2 0 0 0 0 0 0 0 NaN NaN 0 0 0 0 0 0 NaN
Jun 11th 17:08:10.090 UTC 3 0 0 0 0 0 0 0 NaN NaN 0 0 0 0 0 0 NaN