dt1 dt2 dt3 dt4 controller drones queue deliveries fullTrips revenue costs penalties avgDelTime avgWaitTime fDel fRet fLaunch collisions unknown rejectionPenalties potentialLost avgPotentialLost
Jun 12th 16:39:43.505 UTC 3 13 0 644 638 1664.608 2854.303 0 195.7859 17.13389 0 0 86 0 0 0 0 NaN
Jun 12th 16:39:30.139 UTC 2 15 37 834 827 2661.039 3702.235 0 352.8843 176.6518 0 0 60 0 0 4780 511.4763 0.535017
Jun 12th 16:38:43.504 UTC 3 12 1 642 637 1661.638 2850.273 0 195.7024 17.16675 0 0 86 0 0 0 0 NaN
Jun 12th 16:38:30.149 UTC 2 15 38 833 823 2655.066 3681.828 0 353.0147 176.8875 0 0 60 0 0 4780 511.4763 0.535017
Jun 12th 16:37:43.494 UTC 3 11 0 639 635 1656.193 2837.056 0 195.4915 17.21563 0 0 86 0 0 0 0 NaN
Jun 12th 16:37:30.148 UTC 2 15 38 828 820 2635.478 3670.017 0 353.7454 177.2138 0 0 60 0 0 4780 511.4763 0.535017
Jun 12th 16:36:43.495 UTC 3 11 1 638 632 1652.514 2825.207 0 195.5031 17.26029 0 0 86 0 0 0 0 NaN
Jun 12th 16:36:30.140 UTC 2 14 39 827 818 2633.025 3655.597 0 353.8061 177.6878 0 0 60 0 0 4780 511.4763 0.535017
Jun 12th 16:35:43.509 UTC 3 12 1 636 630 1645.115 2815.547 0 195.7285 17.27899 0 0 86 0 0 0 0 NaN
Jun 12th 16:35:28.866 UTC 2 15 37 824 816 2625.053 3643.933 0 354.2724 177.8983 0 0 59 0 0 4775 510.9268 0.5350019
Jun 12th 16:34:42.333 UTC 3 11 0 635 630 1643.09 2815.547 0 195.7488 17.29308 0 0 85 0 0 0 0 NaN
Jun 12th 16:34:28.865 UTC 2 14 37 822 814 2615.873 3637.714 0 354.419 178.2321 0 0 59 0 0 4775 510.9268 0.5350019
Jun 12th 16:33:42.326 UTC 3 9 1 633 628 1639.275 2804.921 0 195.9235 17.37803 0 0 85 0 0 0 0 NaN
Jun 12th 16:33:27.627 UTC 2 15 44 820 811 2608.988 3627.119 0 354.7016 178.2708 0 0 58 0 0 4740 508.4524 0.5363422
Jun 12th 16:32:42.336 UTC 3 11 0 632 626 1637.265 2792.772 0 195.8484 17.37803 0 0 85 0 0 0 0 NaN
Jun 12th 16:32:27.636 UTC 2 15 42 819 808 2604.466 3612.912 0 354.8508 178.5752 0 0 58 0 0 4660 508.0002 0.5450646
Jun 12th 16:31:42.336 UTC 3 10 1 631 624 1633.954 2786.559 0 195.4421 17.43353 0 0 85 0 0 0 0 NaN
Jun 12th 16:31:27.627 UTC 2 15 40 814 808 2583.875 3612.912 0 354.9984 178.5752 0 0 58 0 0 4645 508.0231 0.5468494
Jun 12th 16:30:42.329 UTC 3 11 0 629 622 1630.389 2773.342 0 195.3631 17.44634 0 0 85 0 0 0 0 NaN
Jun 12th 16:30:27.627 UTC 2 15 40 811 806 2575.839 3601.877 0 355.1458 178.9023 0 0 58 0 0 4625 508.1436 0.5493445
Jun 12th 16:29:42.326 UTC 3 12 0 627 621 1625.237 2765.712 0 195.5431 17.44634 0 0 85 0 0 0 0 NaN
Jun 12th 16:29:27.636 UTC 2 14 38 809 805 2565.725 3596.864 0 355.4651 179.1993 0 0 58 0 0 4620 506.813 0.548499
Jun 12th 16:28:41.384 UTC 3 10 1 625 621 1619.139 2765.712 0 195.4702 17.48313 0 0 84 0 0 0 0 NaN
Jun 12th 16:28:27.626 UTC 2 13 39 808 802 2559.752 3581.575 0 355.5855 179.7181 0 0 58 0 0 4620 506.813 0.548499
Jun 12th 16:27:41.386 UTC 3 10 0 624 620 1616.484 2761.802 0 195.4515 17.50236 0 0 84 0 0 0 0 NaN
Jun 12th 16:27:27.626 UTC 2 15 44 808 797 2559.752 3552.581 0 355.5855 179.8399 0 0 58 0 0 4555 504.212 0.5534709
Jun 12th 16:26:40.384 UTC 3 12 3 623 615 1615.284 2739.563 0 195.2256 17.35462 0 0 83 0 0 0 0 NaN
Jun 12th 16:26:27.637 UTC 2 14 41 806 797 2552.292 3552.581 0 355.9412 179.9744 0 0 58 0 0 4520 504.2643 0.5578145
Jun 12th 16:25:39.325 UTC 3 15 2 621 611 1611.169 2720.666 0 195.4131 17.36104 0 0 82 0 0 0 0 NaN
Jun 12th 16:25:27.637 UTC 2 15 39 803 795 2546.242 3546.696 0 353.7968 180.1487 0 0 58 0 0 4495 504.3073 0.5609647
Jun 12th 16:24:39.344 UTC 3 15 0 619 611 1604.475 2720.666 0 195.026 17.36104 0 0 82 0 0 0 0 NaN
Jun 12th 16:24:27.629 UTC 2 15 39 801 792 2537.721 3537.592 0 354.2807 180.5219 0 0 58 0 0 4495 504.3073 0.5609647
Jun 12th 16:23:39.324 UTC 3 14 0 616 609 1597.281 2711.82 0 195.1709 17.42375 0 0 82 0 0 0 0 NaN
Jun 12th 16:23:27.619 UTC 2 15 40 798 789 2532.426 3527.859 0 353.5226 181.0707 0 0 58 0 0 4470 503.4867 0.5631843
Jun 12th 16:22:39.343 UTC 3 15 0 614 607 1587.628 2701.142 0 195.1764 17.41589 0 0 82 0 0 0 0 NaN
Jun 12th 16:22:27.639 UTC 2 15 37 792 788 2523.85 3522.173 0 346.1405 181.2629 0 0 58 0 0 4470 503.4867 0.5631843
Jun 12th 16:21:38.375 UTC 3 15 2 610 603 1581.268 2683.805 0 194.9025 17.36753 0 0 81 0 0 0 0 NaN
Jun 12th 16:21:27.629 UTC 2 15 39 791 784 2517.64 3498.306 0 346.369 174.1064 0 0 58 0 0 4470 503.4867 0.5631843
Jun 12th 16:20:38.374 UTC 3 15 1 608 601 1575.111 2669.47 0 194.9699 17.40001 0 0 81 0 0 0 0 NaN
Jun 12th 16:20:27.628 UTC 2 15 40 789 782 2508.966 3487.006 0 346.7662 173.7848 0 0 58 0 0 4465 502.2105 0.5623858
Jun 12th 16:19:38.371 UTC 3 13 0 607 601 1572.456 2669.47 0 195.1357 17.43252 0 0 81 0 0 0 0 NaN
Jun 12th 16:19:27.637 UTC 2 15 38 789 780 2508.966 3479.3 0 346.7662 173.3622 0 0 58 0 0 4465 502.2105 0.5623858
Jun 12th 16:18:38.363 UTC 3 14 0 605 598 1565.271 2659.003 0 195.233 17.48337 0 0 81 0 0 0 0 NaN
Jun 12th 16:18:27.626 UTC 2 15 38 787 777 2504.256 3465.853 0 347.1033 171.1094 0 0 58 0 0 4465 502.2105 0.5623858
Jun 12th 16:17:38.370 UTC 3 11 0 604 598 1562.511 2659.003 0 195.4438 17.53814 0 0 81 0 0 0 0 NaN
Jun 12th 16:17:27.626 UTC 2 13 39 784 776 2493.82 3464.193 0 347.8924 171.5961 0 0 58 0 0 4465 502.2105 0.5623858
Jun 12th 16:16:38.381 UTC 3 10 1 602 597 1558.299 2655.362 0 194.5917 17.58432 0 0 81 0 0 0 0 NaN
Jun 12th 16:16:26.334 UTC 2 15 40 780 772 2486.028 3446.763 0 347.2004 171.9731 0 0 57 0 0 4455 500.519 0.5617498
Jun 12th 16:15:38.382 UTC 3 7 0 600 596 1554.681 2654.003 0 194.2294 17.6699 0 0 81 0 0 0 0 NaN
Jun 12th 16:15:26.334 UTC 2 15 39 777 772 2478.61 3446.763 0 347.9825 171.9731 0 0 57 0 0 4450 499.6427 0.5613963
Jun 12th 16:14:37.463 UTC 3 8 1 598 595 1549.798 2645.419 0 194.2142 17.6699 0 0 80 0 0 0 0 NaN
Jun 12th 16:14:26.333 UTC 2 15 40 776 768 2473.03 3428.558 0 348.1205 172.7954 0 0 57 0 0 4445 499.0844 0.5613997
Jun 12th 16:13:36.344 UTC 3 10 0 596 592 1542.29 2627.389 0 194.1929 17.68489 0 0 79 0 0 0 0 NaN
Jun 12th 16:13:25.200 UTC 2 14 40 772 767 2459.221 3425.255 0 348.8911 173.1847 0 0 56 0 0 4435 498.5602 0.5620746
Jun 12th 16:12:36.365 UTC 3 10 1 596 591 1542.29 2624.405 0 194.1929 17.70139 0 0 79 0 0 0 0 NaN
Jun 12th 16:12:25.199 UTC 2 14 40 771 764 2456.521 3407.299 0 349.0048 172.6234 0 0 56 0 0 4430 497.6785 0.5617139
Jun 12th 16:11:36.351 UTC 3 11 1 595 589 1539.635 2610.904 0 194.3348 17.72625 0 0 79 0 0 0 0 NaN
Jun 12th 16:11:25.189 UTC 2 15 41 771 761 2456.521 3393.369 0 349.0048 173.0263 0 0 56 0 0 4400 493.764 0.5610954
Jun 12th 16:10:36.354 UTC 3 15 0 594 585 1535.495 2587.516 0 194.4536 17.72625 0 0 79 0 0 0 0 NaN
Jun 12th 16:10:23.983 UTC 2 15 40 768 758 2448.969 3385.5 0 348.4484 173.5551 0 0 55 0 0 4390 492.6583 0.5611142
Jun 12th 16:09:36.364 UTC 3 14 1 593 583 1533.043 2578.763 0 194.3432 17.79848 0 0 79 0 0 0 0 NaN
Jun 12th 16:09:23.973 UTC 2 15 39 764 757 2433.266 3383.094 0 348.8393 173.7762 0 0 55 0 0 4385 492.0956 0.5611123
Jun 12th 16:08:35.108 UTC 3 13 0 590 582 1527.185 2575.719 0 194.2619 17.83633 0 0 78 0 0 0 0 NaN
Jun 12th 16:08:23.973 UTC 2 14 40 761 755 2421.386 3371.73 0 349.7177 174.3783 0 0 55 0 0 4370 490.4165 0.5611173
Jun 12th 16:07:35.097 UTC 3 13 0 587 582 1521.935 2575.719 0 194.2652 17.83633 0 0 78 0 0 0 0 NaN
Jun 12th 16:07:22.741 UTC 2 14 41 759 751 2416.581 3353.809 0 349.1366 174.0313 0 0 54 0 0 4360 490.4557 0.5624492
Jun 12th 16:06:35.117 UTC 3 13 0 587 580 1521.935 2567.029 0 194.2652 17.86961 0 0 78 0 0 0 0 NaN
Jun 12th 16:06:22.740 UTC 2 15 40 756 748 2409.838 3344.411 0 348.5038 174.4291 0 0 54 0 0 4335 490.6219 0.5658845
Jun 12th 16:05:35.106 UTC 3 12 1 587 578 1521.935 2554.593 0 194.2652 17.93515 0 0 78 0 0 0 0 NaN
Jun 12th 16:05:22.730 UTC 2 15 41 754 745 2404.438 3337.905 0 349.045 174.4108 0 0 54 0 0 4330 489.3229 0.565038
Jun 12th 16:04:35.105 UTC 3 13 0 582 577 1506.017 2552.57 0 193.6716 17.93515 0 0 78 0 0 0 0 NaN
Jun 12th 16:04:22.749 UTC 2 15 36 750 745 2393.676 3337.905 0 350.0115 174.4108 0 0 54 0 0 4325 488.5383 0.5647842
Jun 12th 16:03:34.106 UTC 3 15 0 580 574 1502.867 2537.703 0 193.9919 17.95716 0 0 77 0 0 0 0 NaN
Jun 12th 16:03:22.741 UTC 2 15 39 747 739 2385.841 3312.283 0 349.9974 174.0844 0 0 54 0 0 4325 488.5383 0.5647842
Jun 12th 16:02:34.096 UTC 3 13 1 579 573 1501.517 2530.181 0 193.8987 18.01228 0 0 77 0 0 0 0 NaN
Jun 12th 16:02:20.181 UTC 2 14 46 744 736 2377.437 3297.004 0 350.3393 174.1302 0 0 52 0 0 4210 484.8926 0.575882
Jun 12th 16:01:33.061 UTC 3 11 1 577 572 1498.082 2522.596 0 193.8198 18.06655 0 0 76 0 0 0 0 NaN
Jun 12th 16:01:20.192 UTC 2 15 48 744 734 2377.437 3288.803 0 350.3393 174.3336 0 0 52 0 0 4090 466.0918 0.5697944
Jun 12th 16:00:33.057 UTC 3 11 0 577 571 1498.082 2517.503 0 193.8198 18.09506 0 0 76 0 0 0 0 NaN
Jun 12th 16:00:20.180 UTC 2 15 45 742 734 2370.44 3288.803 0 350.8891 174.3336 0 0 52 0 0 3925 431.1611 0.5492498
Jun 12th 15:59:33.045 UTC 3 12 0 577 568 1498.082 2508.284 0 193.8198 18.12976 0 0 76 0 0 0 0 NaN
Jun 12th 15:59:20.180 UTC 2 15 47 737 730 2354.795 3264.854 0 351.7003 174.4897 0 0 52 0 0 3795 404.2462 0.5326037
Jun 12th 15:58:33.056 UTC 3 10 0 574 568 1491.103 2508.284 0 193.2827 18.18385 0 0 76 0 0 0 0 NaN
Jun 12th 15:58:20.189 UTC 2 14 47 736 729 2352.095 3262.856 0 351.6783 174.882 0 0 52 0 0 3645 372.9924 0.5116494
Jun 12th 15:57:33.046 UTC 3 12 0 570 566 1479.305 2503.909 0 193.3819 18.18385 0 0 76 0 0 0 0 NaN
Jun 12th 15:57:20.190 UTC 2 15 45 734 725 2344.415 3242.146 0 351.8533 175.5123 0 0 52 0 0 3455 333.0045 0.4819168
Jun 12th 15:56:33.046 UTC 3 12 0 569 565 1477.505 2495.28 0 193.4088 18.20586 0 0 76 0 0 0 0 NaN
Jun 12th 15:56:20.180 UTC 2 15 42 733 724 2342.615 3238.709 0 351.6849 175.7122 0 0 52 0 0 3365 313.9875 0.466549
Jun 12th 15:55:33.046 UTC 3 9 0 566 565 1472.065 2495.28 0 193.5752 18.26713 0 0 76 0 0 0 0 NaN
Jun 12th 15:55:20.180 UTC 2 15 43 730 721 2331.095 3224.326 0 352.2488 175.606 0 0 52 0 0 3295 299.489 0.4544598
Jun 12th 15:54:33.057 UTC 3 9 1 566 562 1472.065 2483.189 0 193.5752 18.32899 0 0 76 0 0 0 0 NaN
Jun 12th 15:54:20.189 UTC 2 14 43 728 720 2326.333 3217.788 0 352.471 175.7623 0 0 52 0 0 3245 288.9933 0.4452901
Jun 12th 15:53:31.803 UTC 3 11 0 566 558 1472.065 2464.594 0 193.5752 18.37414 0 0 75 0 0 0 0 NaN
Jun 12th 15:53:20.189 UTC 2 15 42 724 717 2312.456 3202.48 0 353.2272 176.1161 0 0 52 0 0 3200 279.447 0.4366359
Jun 12th 15:52:31.812 UTC 3 11 1 565 556 1466.98 2454.65 0 193.7243 18.41869 0 0 75 0 0 0 0 NaN
Jun 12th 15:52:20.179 UTC 2 14 40 723 717 2311.536 3202.48 0 350.7769 176.2971 0 0 52 0 0 3185 276.2769 0.4337158
Jun 12th 15:51:31.814 UTC 3 11 1 562 555 1462.728 2448.447 0 193.7752 18.44711 0 0 75 0 0 0 0 NaN
Jun 12th 15:51:20.189 UTC 2 15 39 720 714 2304.967 3190.619 0 349.9225 176.7746 0 0 52 0 0 3175 274.9539 0.4329982
Jun 12th 15:50:31.803 UTC 3 12 0 559 553 1452.809 2437.141 0 193.3487 18.47049 0 0 75 0 0 0 0 NaN
Jun 12th 15:50:20.179 UTC 2 15 39 720 711 2304.967 3178.674 0 349.9225 177.4372 0 0 52 0 0 3170 274.4176 0.4328354
Jun 12th 15:49:30.720 UTC 3 15 2 558 548 1451.269 2422.133 0 193.3521 18.3205 0 0 74 0 0 0 0 NaN
Jun 12th 15:49:20.180 UTC 2 15 39 717 708 2296.769 3163.749 0 350.377 178.0512 0 0 52 0 0 3170 274.4176 0.4328354
Jun 12th 15:48:30.708 UTC 3 15 2 556 546 1447.404 2412.898 0 193.2507 18.16959 0 0 74 0 0 0 0 NaN
Jun 12th 15:48:20.192 UTC 2 15 36 714 706 2286.97 3156.036 0 351.0773 177.016 0 0 52 0 0 3170 274.4176 0.4328354
Jun 12th 15:47:30.712 UTC 3 15 4 551 543 1434.85 2394.871 0 193.4863 18.04428 0 0 74 0 0 0 0 NaN
Jun 12th 15:47:20.188 UTC 2 15 35 712 704 2281.48 3142.247 0 349.3272 174.8832 0 0 52 0 0 3170 274.4176 0.4328354
Jun 12th 15:46:30.700 UTC 3 14 0 547 543 1426.387 2394.871 0 193.5269 18.06204 0 0 74 0 0 0 0 NaN
Jun 12th 15:46:20.179 UTC 2 15 35 708 702 2270.263 3137.898 0 348.4133 175.3521 0 0 52 0 0 3170 274.4176 0.4328354
Jun 12th 15:45:30.711 UTC 3 13 0 547 542 1426.387 2391.875 0 193.5269 18.12124 0 0 74 0 0 0 0 NaN
Jun 12th 15:45:18.658 UTC 2 15 36 708 699 2270.263 3125.392 0 348.4133 175.8335 0 0 51 0 0 3170 274.4176 0.4328354
Jun 12th 15:44:30.710 UTC 3 15 1 547 538 1426.387 2375.508 0 193.5269 18.14733 0 0 74 0 0 0 0 NaN
Jun 12th 15:44:17.241 UTC 2 15 35 703 697 2255.259 3121.205 0 347.4726 175.0106 0 0 50 0 0 3170 274.4176 0.4328354
Jun 12th 15:43:30.710 UTC 3 13 0 546 537 1423.732 2366.292 0 193.4555 18.21673 0 0 74 0 0 0 0 NaN
Jun 12th 15:43:17.241 UTC 2 13 38 701 694 2249.256 3108.852 0 347.6855 171.3107 0 0 50 0 0 3170 274.4176 0.4328354
Jun 12th 15:42:30.710 UTC 3 13 0 540 534 1413.472 2356.438 0 193.5902 18.29585 0 0 74 0 0 0 0 NaN
Jun 12th 15:42:17.231 UTC 2 15 41 700 689 2245.577 3084.166 0 347.7377 171.6781 0 0 50 0 0 3145 269.8182 0.4289638
Jun 12th 15:41:30.711 UTC 3 12 1 540 532 1413.472 2347.85 0 193.5902 18.35575 0 0 74 0 0 0 0 NaN
Jun 12th 15:41:17.240 UTC 2 15 40 695 689 2229.259 3084.166 0 348.5592 171.6781 0 0 50 0 0 3130 268.7169 0.4292602
Jun 12th 15:40:29.881 UTC 3 13 1 537 530 1404.192 2340.16 0 194.0333 18.38355 0 0 73 0 0 0 0 NaN
Jun 12th 15:40:17.240 UTC 2 15 41 695 685 2229.259 3063.615 0 348.5592 172.1033 0 0 50 0 0 3120 267.9995 0.4294863
Jun 12th 15:39:29.871 UTC 3 11 0 535 530 1398.859 2340.16 0 194.0346 18.42466 0 0 73 0 0 0 0 NaN
Jun 12th 15:39:17.230 UTC 2 15 41 692 683 2218.594 3052.947 0 349.1399 172.4238 0 0 50 0 0 3105 265.1266 0.426935
Jun 12th 15:38:29.869 UTC 3 7 1 533 530 1394.959 2340.16 0 194.1821 18.54696 0 0 73 0 0 0 0 NaN
Jun 12th 15:38:17.231 UTC 2 14 42 690 682 2211.911 3051.722 0 349.4332 172.5895 0 0 50 0 0 3075 265.3689 0.4314942
Jun 12th 15:37:29.859 UTC 3 7 0 533 528 1394.959 2329.154 0 194.1821 18.59478 0 0 73 0 0 0 0 NaN
Jun 12th 15:37:17.242 UTC 2 14 42 687 680 2201.534 3041.718 0 349.6942 173.0372 0 0 50 0 0 3005 261.8289 0.4356553
Jun 12th 15:36:29.871 UTC 3 13 0 530 522 1381.324 2302.227 0 193.6267 18.59478 0 0 73 0 0 0 0 NaN
Jun 12th 15:36:17.233 UTC 2 15 41 684 677 2192.373 3031.161 0 349.0172 173.4325 0 0 50 0 0 2935 260.6501 0.4440377
Jun 12th 15:35:29.874 UTC 3 15 0 529 520 1379.689 2296.455 0 193.8356 18.59478 0 0 73 0 0 0 0 NaN
Jun 12th 15:35:17.231 UTC 2 15 40 681 675 2182.364 3017.692 0 349.656 173.8881 0 0 50 0 0 2910 257.2184 0.4419559
Jun 12th 15:34:29.865 UTC 3 13 1 527 519 1374.537 2289.926 0 194.0185 18.65296 0 0 73 0 0 0 0 NaN
Jun 12th 15:34:17.227 UTC 2 15 40 680 673 2179.709 3006.035 0 349.9032 174.2649 0 0 50 0 0 2910 257.2184 0.4419559
Jun 12th 15:33:28.659 UTC 3 14 0 524 518 1366.414 2281.498 0 194.3864 18.65296 0 0 72 0 0 0 0 NaN
Jun 12th 15:33:17.241 UTC 2 15 39 677 670 2169.156 2996.889 0 350.5432 174.5708 0 0 50 0 0 2905 256.6534 0.4417442
Jun 12th 15:32:28.649 UTC 3 10 1 521 518 1356.84 2281.498 0 194.1409 18.76173 0 0 72 0 0 0 0 NaN
Jun 12th 15:32:16.025 UTC 2 15 43 677 667 2169.156 2984.855 0 350.5432 174.0317 0 0 49 0 0 2875 253.3104 0.4405398
Jun 12th 15:31:28.649 UTC 3 9 1 521 516 1356.84 2269.487 0 194.1409 18.8447 0 0 72 0 0 0 0 NaN
Jun 12th 15:31:16.024 UTC 2 15 44 674 665 2159.646 2976.6 0 351.2851 174.4398 0 0 49 0 0 2840 249.8183 0.439821
Jun 12th 15:30:27.709 UTC 3 10 0 520 513 1354.14 2260.299 0 193.8614 18.90024 0 0 71 0 0 0 0 NaN
Jun 12th 15:30:16.025 UTC 2 15 44 671 662 2150.557 2958.615 0 351.91 175.0336 0 0 49 0 0 2710 232.0256 0.4280914
Jun 12th 15:29:27.711 UTC 3 12 0 519 511 1353.54 2251.083 0 192.9848 18.90024 0 0 71 0 0 0 0 NaN
Jun 12th 15:29:16.014 UTC 2 14 41 667 660 2137.014 2949.507 0 352.5807 175.6995 0 0 49 0 0 2615 232.6835 0.4449016
Jun 12th 15:28:27.710 UTC 3 15 1 516 507 1350.8 2240.358 0 192.2776 18.86114 0 0 71 0 0 0 0 NaN
Jun 12th 15:28:16.035 UTC 2 15 40 666 658 2134.935 2940.345 0 352.5029 175.912 0 0 49 0 0 2590 230.2891 0.4445736
Jun 12th 15:27:27.719 UTC 3 15 1 513 505 1343.285 2234.071 0 191.658 18.86709 0 0 71 0 0 0 0 NaN
Jun 12th 15:27:16.024 UTC 2 15 40 665 656 2129.355 2934.534 0 352.6285 176.3878 0 0 49 0 0 2590 230.2891 0.4445736
Jun 12th 15:26:27.709 UTC 3 14 0 508 504 1331.538 2226.304 0 188.8305 18.91749 0 0 71 0 0 0 0 NaN
Jun 12th 15:26:16.014 UTC 2 14 40 660 654 2111.884 2922.303 0 353.507 176.949 0 0 49 0 0 2585 229.1417 0.4432142
Jun 12th 15:25:27.700 UTC 3 12 4 507 501 1330.338 2206.602 0 188.8197 15.0493 0 0 71 0 0 0 0 NaN
Jun 12th 15:25:16.024 UTC 2 15 39 658 652 2106.254 2912.768 0 353.7585 177.1892 0 0 49 0 0 2575 227.6307 0.4420013
Jun 12th 15:24:23.618 UTC 3 13 10 506 498 1328.988 2188.994 0 188.5374 13.48236 0 0 67 0 0 0 0 NaN
Jun 12th 15:24:14.856 UTC 2 15 39 657 648 2100.28 2888.72 0 353.8757 177.231 0 0 48 0 0 2575 227.6307 0.4420013
Jun 12th 15:23:23.629 UTC 3 15 7 505 495 1327.188 2180.84 0 188.4801 13.29824 0 0 67 0 0 0 0 NaN
Jun 12th 15:23:14.845 UTC 2 15 40 655 647 2094.781 2882.864 0 353.9445 177.425 0 0 48 0 0 2565 226.1822 0.4409009
Jun 12th 15:22:23.628 UTC 3 14 6 502 495 1321.368 2180.84 0 188.9109 13.30789 0 0 67 0 0 0 0 NaN
Jun 12th 15:22:14.856 UTC 2 15 39 654 645 2090.799 2873.626 0 354.1536 177.9149 0 0 48 0 0 2565 226.1822 0.4409009
Jun 12th 15:21:23.617 UTC 3 13 7 499 492 1310.427 2164.703 0 188.264 13.27535 0 0 67 0 0 0 0 NaN
Jun 12th 15:21:14.854 UTC 2 14 40 653 643 2088.774 2862.996 0 354.2739 178.3051 0 0 48 0 0 2565 226.1822 0.4409009
Jun 12th 15:20:23.628 UTC 3 15 7 498 488 1307.974 2142.167 0 188.0234 13.10591 0 0 67 0 0 0 0 NaN
Jun 12th 15:20:14.844 UTC 2 15 40 648 640 2073.523 2852.229 0 354.1253 178.6244 0 0 48 0 0 2555 223.7909 0.437947
Jun 12th 15:19:23.628 UTC 3 15 4 494 487 1288.058 2133.424 0 187.4047 13.10932 0 0 67 0 0 0 0 NaN
Jun 12th 15:19:14.845 UTC 2 15 39 646 640 2071.7 2852.229 0 346.5099 178.6244 0 0 48 0 0 2555 223.7909 0.437947
Jun 12th 15:18:23.618 UTC 3 15 3 494 487 1288.058 2133.424 0 187.4047 13.10932 0 0 67 0 0 0 0 NaN
Jun 12th 15:18:14.853 UTC 2 15 36 643 638 2064.983 2843.355 0 345.8457 179.1492 0 0 48 0 0 2550 222.7556 0.4367757
Jun 12th 15:17:23.618 UTC 3 15 5 490 483 1277.697 2119.922 0 186.8211 12.83795 0 0 67 0 0 0 0 NaN
Jun 12th 15:17:14.854 UTC 2 14 35 640 637 2057.19 2838.491 0 344.3824 179.6142 0 0 48 0 0 2550 222.7556 0.4367757
Jun 12th 15:16:23.618 UTC 3 15 5 489 482 1275.672 2118.272 0 186.5872 12.64354 0 0 67 0 0 0 0 NaN
Jun 12th 15:16:14.855 UTC 2 14 34 640 634 2057.19 2825.022 0 344.3824 177.9622 0 0 48 0 0 2550 222.7556 0.4367757
Jun 12th 15:15:23.627 UTC 3 14 4 488 481 1274.322 2113.939 0 186.7843 12.65263 0 0 67 0 0 0 0 NaN
Jun 12th 15:15:14.844 UTC 2 14 38 639 628 2054.738 2791.014 0 344.4161 169.3862 0 0 48 0 0 2550 222.7556 0.4367757
Jun 12th 15:14:23.617 UTC 3 15 3 485 477 1268.424 2100.392 0 187.0777 12.49146 0 0 67 0 0 0 0 NaN
Jun 12th 15:14:14.854 UTC 2 15 37 638 626 2048.764 2780.694 0 344.6064 169.5884 0 0 48 0 0 2550 222.7556 0.4367757
Jun 12th 15:13:23.627 UTC 3 15 3 480 473 1259.219 2085.856 0 186.1396 12.40408 0 0 67 0 0 0 0 NaN
Jun 12th 15:13:14.842 UTC 2 15 37 634 625 2034.938 2778.444 0 345.5767 169.5616 0 0 48 0 0 2550 222.7556 0.4367757
Jun 12th 15:12:23.628 UTC 3 14 0 479 473 1250.849 2085.856 0 186.1567 12.4287 0 0 67 0 0 0 0 NaN
Jun 12th 15:12:14.854 UTC 2 15 36 632 624 2026.175 2772.547 0 345.9432 169.7522 0 0 48 0 0 2550 222.7556 0.4367757
Jun 12th 15:11:23.627 UTC 3 12 0 476 471 1236.213 2080.661 0 186.5182 12.49109 0 0 67 0 0 0 0 NaN
Jun 12th 15:11:14.855 UTC 2 15 40 629 620 2017.531 2759.096 0 346.5192 170.5396 0 0 48 0 0 2540 220.5574 0.4341681
Jun 12th 15:10:23.618 UTC 3 12 0 474 470 1232.41 2078.935 0 186.4462 12.51622 0 0 67 0 0 0 0 NaN
Jun 12th 15:10:14.855 UTC 2 15 39 625 617 2007.106 2751.294 0 347.3186 171.1856 0 0 48 0 0 2540 220.5574 0.4341681
Jun 12th 15:09:23.626 UTC 3 12 0 471 467 1221.982 2064.211 0 186.7986 12.55452 0 0 67 0 0 0 0 NaN
Jun 12th 15:09:14.849 UTC 2 15 36 624 617 2005.756 2751.294 0 345.1631 171.1856 0 0 48 0 0 2540 220.5574 0.4341681
Jun 12th 15:08:23.625 UTC 3 11 0 470 466 1220.212 2058.824 0 187.037 12.60132 0 0 67 0 0 0 0 NaN
Jun 12th 15:08:14.845 UTC 2 15 36 619 614 1985.987 2738.51 0 346.1778 169.4055 0 0 48 0 0 2540 220.5574 0.4341681
Jun 12th 15:07:23.626 UTC 3 8 0 469 466 1215.127 2058.824 0 187.2645 12.63636 0 0 67 0 0 0 0 NaN
Jun 12th 15:07:14.855 UTC 2 12 38 617 613 1983.535 2736.675 0 332.8244 170.184 0 0 48 0 0 2540 220.5574 0.4341681
Jun 12th 15:06:23.627 UTC 3 7 0 468 463 1213.327 2039.55 0 187.2925 12.7236 0 0 67 0 0 0 0 NaN
Jun 12th 15:06:14.855 UTC 2 15 40 616 607 1976.065 2714.673 0 333.2196 170.7889 0 0 48 0 0 2535 219.5221 0.4329824
Jun 12th 15:05:23.617 UTC 3 10 0 468 460 1213.327 2030.874 0 187.2925 12.7236 0 0 67 0 0 0 0 NaN
Jun 12th 15:05:14.844 UTC 2 14 41 613 605 1968.772 2702.518 0 333.4333 171.5419 0 0 48 0 0 2520 216.5391 0.4296412
Jun 12th 15:04:23.628 UTC 3 10 0 466 460 1207.808 2030.874 0 187.5201 12.7236 0 0 67 0 0 0 0 NaN
Jun 12th 15:04:14.844 UTC 2 15 39 611 601 1964.907 2681.769 0 333.8813 158.0766 0 0 48 0 0 2515 215.7004 0.4288279
Jun 12th 15:03:23.628 UTC 3 10 0 464 458 1201.649 2018.243 0 187.1812 12.75917 0 0 67 0 0 0 0 NaN
Jun 12th 15:03:14.855 UTC 2 15 40 608 599 1950.057 2670.667 0 334.4427 157.9718 0 0 48 0 0 2505 214.3753 0.4278948
Jun 12th 15:02:23.628 UTC 3 11 0 462 456 1197.314 2010.227 0 187.3436 12.7749 0 0 67 0 0 0 0 NaN
Jun 12th 15:02:14.855 UTC 2 15 40 606 597 1941.398 2663.267 0 334.877 158.4529 0 0 48 0 0 2490 211.2389 0.4241745
Jun 12th 15:01:22.775 UTC 3 14 0 461 453 1195.679 1992.044 0 187.2068 12.7749 0 0 66 0 0 0 0 NaN
Jun 12th 15:01:14.849 UTC 2 15 39 603 595 1930.722 2654.979 0 329.9367 158.6437 0 0 48 0 0 2485 210.652 0.423847
Jun 12th 15:00:22.793 UTC 3 15 0 460 449 1189.638 1976.245 0 186.8419 12.78705 0 0 66 0 0 0 0 NaN
Jun 12th 15:00:14.856 UTC 2 15 39 600 593 1922.104 2647.206 0 327.8168 159.1235 0 0 48 0 0 2480 209.8948 0.4231749
Jun 12th 14:59:22.781 UTC 3 13 1 456 449 1182.158 1976.245 0 187.1492 12.81615 0 0 66 0 0 0 0 NaN
Jun 12th 14:59:14.849 UTC 2 15 38 597 591 1910.112 2639.815 0 324.895 159.5669 0 0 48 0 0 2480 209.8948 0.4231749
Jun 12th 14:58:20.146 UTC 3 13 0 453 449 1175.888 1976.245 0 187.0213 12.81615 0 0 64 0 0 0 0 NaN
Jun 12th 14:58:14.857 UTC 2 15 36 594 589 1904.059 2630.005 0 325.6277 160.0646 0 0 48 0 0 2480 209.8948 0.4231749
Jun 12th 14:57:20.137 UTC 3 11 0 451 447 1168.508 1965.718 0 187.0526 12.86759 0 0 64 0 0 0 0 NaN
Jun 12th 14:57:14.855 UTC 2 13 38 593 588 1903.174 2623.971 0 322.7165 155.0146 0 0 48 0 0 2480 209.8948 0.4231749
Jun 12th 14:56:20.147 UTC 3 13 1 450 444 1167.608 1949.816 0 186.9365 12.87838 0 0 64 0 0 0 0 NaN
Jun 12th 14:56:13.823 UTC 2 14 38 591 583 1900.619 2603.034 0 320.2242 146.8672 0 0 47 0 0 2480 209.8948 0.4231749
Jun 12th 14:55:20.138 UTC 3 11 1 449 443 1163.983 1947.107 0 186.5402 12.9506 0 0 64 0 0 0 0 NaN
Jun 12th 14:55:13.816 UTC 2 14 40 590 579 1896.94 2589.101 0 320.4131 147.4262 0 0 47 0 0 2480 209.8948 0.4231749
Jun 12th 14:54:20.147 UTC 3 9 1 447 442 1158.791 1942.834 0 186.7253 12.9925 0 0 64 0 0 0 0 NaN
Jun 12th 14:54:13.816 UTC 2 15 40 587 577 1891.208 2582.709 0 319.0486 147.6503 0 0 47 0 0 2470 207.6924 0.42043
Jun 12th 14:53:20.139 UTC 3 10 1 445 440 1155.221 1930.507 0 186.8029 13.01261 0 0 64 0 0 0 0 NaN
Jun 12th 14:53:13.825 UTC 2 15 38 583 576 1882.166 2577.198 0 316.7857 144.98 0 0 47 0 0 2465 206.6667 0.4192022
Jun 12th 14:52:19.161 UTC 3 11 0 445 438 1155.221 1923.745 0 186.8029 13.02606 0 0 63 0 0 0 0 NaN
Jun 12th 14:52:13.822 UTC 2 15 40 580 571 1872.052 2557.857 0 316.966 140.4051 0 0 47 0 0 2465 206.6667 0.4192022
Jun 12th 14:51:17.888 UTC 3 12 1 442 436 1146.716 1918.323 0 186.4525 13.05073 0 0 62 0 0 0 0 NaN
Jun 12th 14:51:13.812 UTC 2 15 38 576 569 1859.031 2545.606 0 317.3076 140.832 0 0 47 0 0 2465 206.6667 0.4192022
Jun 12th 14:50:17.886 UTC 3 14 0 440 432 1142.246 1902.268 0 186.8492 13.08092 0 0 62 0 0 0 0 NaN
Jun 12th 14:50:12.544 UTC 2 15 40 575 567 1857.681 2535.296 0 315.6367 141.1467 0 0 46 0 0 2455 205.0746 0.4176673
Jun 12th 14:49:17.876 UTC 3 13 1 437 431 1129.824 1898.707 0 186.6431 13.12423 0 0 62 0 0 0 0 NaN
Jun 12th 14:49:12.546 UTC 2 14 40 573 564 1847.354 2519.94 0 315.7701 139.6718 0 0 46 0 0 2455 205.0746 0.4176673
Jun 12th 14:48:17.886 UTC 3 13 0 434 429 1121.649 1885.796 0 187.1767 13.14996 0 0 62 0 0 0 0 NaN
Jun 12th 14:48:12.535 UTC 2 15 37 573 563 1847.354 2514.668 0 315.7701 139.6718 0 0 46 0 0 2455 205.0746 0.4176673
Jun 12th 14:47:17.034 UTC 3 9 1 434 429 1121.649 1885.796 0 187.1767 13.23923 0 0 61 0 0 0 0 NaN
Jun 12th 14:47:12.545 UTC 2 13 39 569 562 1836.544 2511.621 0 314.8472 139.7496 0 0 46 0 0 2455 205.0746 0.4176673
Jun 12th 14:46:17.044 UTC 3 12 0 432 424 1117.369 1861.878 0 187.2356 13.26259 0 0 61 0 0 0 0 NaN
Jun 12th 14:46:12.545 UTC 2 15 39 566 559 1825.829 2498.537 0 315.2799 139.8297 0 0 46 0 0 2445 203.4556 0.4160646
Jun 12th 14:45:16.056 UTC 3 12 1 430 422 1111.746 1856.919 0 187.0992 13.30924 0 0 60 0 0 0 0 NaN
Jun 12th 14:45:12.535 UTC 2 15 40 564 558 1821.299 2492.863 0 314.7239 139.9957 0 0 46 0 0 2430 201.6222 0.4148604
Jun 12th 14:44:15.148 UTC 3 12 0 429 421 1107.223 1851.992 0 187.4411 13.32116 0 0 59 0 0 0 0 NaN
Jun 12th 14:44:12.535 UTC 2 15 39 561 556 1812.156 2482.03 0 314.8885 138.9299 0 0 46 0 0 2430 201.6222 0.4148604
Jun 12th 14:43:15.167 UTC 3 11 0 427 420 1103.408 1845.597 0 187.6697 13.36798 0 0 59 0 0 0 0 NaN
Jun 12th 14:43:12.546 UTC 2 15 39 560 553 1808.129 2467.596 0 315.0009 139.1968 0 0 46 0 0 2430 201.6222 0.4148604
Jun 12th 14:42:15.155 UTC 3 11 0 423 419 1089.886 1839.534 0 187.2113 13.37996 0 0 59 0 0 0 0 NaN
Jun 12th 14:42:12.536 UTC 2 15 39 557 548 1794.197 2436.026 0 315.6481 139.4244 0 0 46 0 0 2430 201.6222 0.4148604
Jun 12th 14:41:14.025 UTC 3 9 0 422 418 1088.251 1835.628 0 187.0987 13.45441 0 0 58 0 0 0 0 NaN
Jun 12th 14:41:12.534 UTC 2 15 40 556 546 1792.187 2427.879 0 315.7078 139.3359 0 0 46 0 0 2430 201.6222 0.4148604
Jun 12th 14:40:12.843 UTC 3 10 1 421 417 1085.551 1832.944 0 187.0734 13.45441 0 0 57 0 0 0 0 NaN
Jun 12th 14:40:12.546 UTC 2 15 40 556 543 1792.187 2416.608 0 315.7078 139.9286 0 0 46 0 0 2415 199.6147 0.413281
Jun 12th 14:39:12.835 UTC 3 10 1 420 415 1083.916 1823.049 0 186.9045 13.504 0 0 57 0 0 0 0 NaN
Jun 12th 14:39:12.546 UTC 2 15 39 552 543 1773.553 2416.608 0 316.7677 139.9286 0 0 46 0 0 2405 199.7351 0.4152496
Jun 12th 14:38:12.835 UTC 3 11 0 417 413 1074.142 1816.935 0 187.0178 13.5219 0 0 57 0 0 0 0 NaN
Jun 12th 14:38:12.534 UTC 2 14 39 550 541 1767.115 2406.821 0 316.7408 140.5548 0 0 46 0 0 2400 198.6891 0.4139356
Jun 12th 14:37:12.847 UTC 3 11 0 416 411 1072.342 1811.838 0 187.2567 13.57456 0 0 57 0 0 0 0 NaN
Jun 12th 14:37:12.546 UTC 2 15 39 545 538 1749.478 2391.615 0 316.9754 141.0152 0 0 46 0 0 2395 197.5303 0.4123805
Jun 12th 14:36:11.493 UTC 2 15 40 542 537 1741.1 2387.349 0 316.2754 141.0247 0 0 45 0 0 2390 196.9394 0.4120071
Jun 12th 14:36:10.086 UTC 3 10 0 415 410 1069.642 1802.708 0 187.5952 13.60366 0 0 55 0 0 0 0 NaN
Jun 12th 14:35:11.493 UTC 2 14 40 541 536 1735.262 2378.254 0 316.581 141.5002 0 0 45 0 0 2390 196.9394 0.4120071
Jun 12th 14:35:10.096 UTC 3 8 0 412 409 1062.947 1800.484 0 187.6016 13.69275 0 0 55 0 0 0 0 NaN
Jun 12th 14:34:11.493 UTC 2 15 39 541 534 1735.262 2370.981 0 316.581 141.7329 0 0 45 0 0 2380 194.7789 0.4091994
Jun 12th 14:34:10.087 UTC 3 9 0 411 406 1060.247 1783.514 0 187.6574 13.72161 0 0 55 0 0 0 0 NaN
Jun 12th 14:33:10.356 UTC 2 15 42 538 530 1721.976 2353.066 0 317.2509 142.4301 0 0 44 0 0 2370 194.8758 0.4111304
Jun 12th 14:33:10.087 UTC 3 9 1 410 404 1059.047 1777.7 0 187.8997 13.75485 0 0 55 0 0 0 0 NaN
Jun 12th 14:32:10.369 UTC 2 15 45 537 527 1720.176 2343.059 0 317.4355 142.753 0 0 44 0 0 2270 184.3948 0.406156
Jun 12th 14:32:08.639 UTC 3 8 0 410 403 1059.047 1771.471 0 187.8997 13.79546 0 0 54 0 0 0 0 NaN
Jun 12th 14:31:10.354 UTC 2 15 42 534 526 1710.961 2341.406 0 317.8286 142.9193 0 0 44 0 0 2160 169.1532 0.3915584
Jun 12th 14:31:08.648 UTC 3 7 0 407 403 1044.887 1771.471 0 188.3896 13.822 0 0 54 0 0 0 0 NaN
Jun 12th 14:30:10.356 UTC 2 13 40 531 525 1697.989 2334.506 0 318.661 142.5559 0 0 44 0 0 2140 169.2617 0.3954714
Jun 12th 14:30:08.648 UTC 3 7 1 405 402 1041.227 1765.379 0 187.8024 13.85113 0 0 54 0 0 0 0 NaN
Jun 12th 14:29:10.345 UTC 2 14 42 528 519 1679.517 2321.161 0 319.2613 143.2539 0 0 44 0 0 2085 168.3959 0.4038271
Jun 12th 14:29:08.637 UTC 3 7 0 404 400 1039.592 1757.634 0 187.5256 13.89262 0 0 54 0 0 0 0 NaN
Jun 12th 14:28:10.355 UTC 2 15 40 523 518 1663.908 2314.792 0 319.14 143.2539 0 0 44 0 0 2055 162.8119 0.3961361
Jun 12th 14:28:08.652 UTC 3 12 0 403 395 1037.567 1739.276 0 187.3749 13.89262 0 0 54 0 0 0 0 NaN
Jun 12th 14:27:10.354 UTC 2 15 37 521 515 1659.573 2295.823 0 319.4587 142.8153 0 0 44 0 0 2055 162.8119 0.3961361
Jun 12th 14:27:08.649 UTC 3 11 1 400 395 1022.923 1739.276 0 188.1881 13.90493 0 0 54 0 0 0 0 NaN
Jun 12th 14:26:10.361 UTC 2 15 38 520 511 1655.05 2269.49 0 319.5672 143.3689 0 0 44 0 0 2055 162.8119 0.3961361
Jun 12th 14:26:08.649 UTC 3 13 1 399 391 1021.723 1722.921 0 188.0469 13.95683 0 0 54 0 0 0 0 NaN
Jun 12th 14:25:10.353 UTC 2 15 39 519 508 1652.395 2260.293 0 319.5853 144.0186 0 0 44 0 0 2045 162.9203 0.3983381
Jun 12th 14:25:07.515 UTC 3 12 0 396 391 1014.913 1722.921 0 188.4502 13.97711 0 0 53 0 0 0 0 NaN
Jun 12th 14:24:08.955 UTC 2 15 40 517 507 1642.293 2255.236 0 320.1246 143.9636 0 0 43 0 0 2040 161.8494 0.3966897
Jun 12th 14:24:07.504 UTC 3 9 1 394 390 1012.913 1718.492 0 188.5889 14.06975 0 0 53 0 0 0 0 NaN
Jun 12th 14:23:08.973 UTC 2 15 39 514 505 1630.964 2243.795 0 320.7977 144.3106 0 0 43 0 0 2040 161.8494 0.3966897
Jun 12th 14:23:07.514 UTC 3 10 0 393 387 1009.234 1703.755 0 188.3606 14.09957 0 0 53 0 0 0 0 NaN
Jun 12th 14:22:08.962 UTC 2 15 40 509 504 1619.876 2237.34 0 320.3535 144.406 0 0 43 0 0 2025 159.047 0.3927087
Jun 12th 14:22:07.505 UTC 3 11 0 392 384 1007.694 1687.308 0 188.3623 14.15506 0 0 53 0 0 0 0 NaN
Jun 12th 14:21:08.973 UTC 2 14 40 509 503 1619.876 2231.937 0 320.3535 144.8766 0 0 43 0 0 2010 155.5487 0.3869371
Jun 12th 14:21:07.504 UTC 3 12 0 390 383 1003.659 1680.409 0 188.2867 14.15506 0 0 53 0 0 0 0 NaN
Jun 12th 14:20:08.973 UTC 2 15 38 508 501 1617.191 2224.042 0 320.4963 145.0919 0 0 43 0 0 2010 155.5487 0.3869371
Jun 12th 14:20:06.545 UTC 3 12 0 389 381 1001.649 1669.779 0 188.3019 14.20315 0 0 52 0 0 0 0 NaN
Jun 12th 14:19:08.963 UTC 2 14 37 506 499 1611.521 2213.237 0 320.5327 145.5169 0 0 43 0 0 2010 155.5487 0.3869371
Jun 12th 14:19:05.605 UTC 3 14 1 386 378 991.1755 1659.092 0 187.9952 14.21851 0 0 51 0 0 0 0 NaN
Jun 12th 14:18:07.800 UTC 2 15 40 503 494 1604.254 2185.516 0 321.1288 145.6486 0 0 42 0 0 2000 153.2355 0.3830889
Jun 12th 14:18:05.606 UTC 3 14 0 385 377 989.8256 1653.964 0 187.9566 14.24341 0 0 51 0 0 0 0 NaN
Jun 12th 14:17:07.812 UTC 2 15 40 502 492 1603.192 2178.09 0 318.3499 145.9558 0 0 42 0 0 1995 152.1572 0.3813463
Jun 12th 14:17:05.606 UTC 3 13 1 382 375 981.8355 1637.444 0 187.7252 14.3246 0 0 51 0 0 0 0 NaN
Jun 12th 14:16:07.801 UTC 2 15 38 500 492 1593.712 2178.09 0 318.9833 145.9558 0 0 42 0 0 1985 150.8854 0.380064
Jun 12th 14:16:05.597 UTC 3 15 0 379 372 975.703 1630.972 0 187.0203 14.34748 0 0 51 0 0 0 0 NaN
Jun 12th 14:15:07.803 UTC 2 15 37 498 490 1589.886 2170.406 0 319.6362 146.4257 0 0 42 0 0 1985 150.8854 0.380064
Jun 12th 14:15:04.702 UTC 3 15 1 376 370 968.9105 1619.899 0 186.9172 14.36766 0 0 50 0 0 0 0 NaN
Jun 12th 14:14:06.669 UTC 2 14 36 493 488 1579.771 2161.356 0 317.1523 147.2461 0 0 41 0 0 1985 150.8854 0.380064
Jun 12th 14:14:04.701 UTC 3 14 3 374 368 962.913 1611.621 0 187.2734 14.3026 0 0 50 0 0 0 0 NaN
Jun 12th 14:13:06.659 UTC 2 15 38 493 484 1579.771 2144.437 0 317.1523 145.0365 0 0 41 0 0 1985 150.8854 0.380064
Jun 12th 14:13:04.691 UTC 3 15 1 374 365 962.913 1591.144 0 187.2734 14.27442 0 0 50 0 0 0 0 NaN
Jun 12th 14:12:06.649 UTC 2 15 36 490 482 1572.353 2137.378 0 316.4945 145.5446 0 0 41 0 0 1985 150.8854 0.380064
Jun 12th 14:12:03.710 UTC 3 12 4 372 364 956.5342 1589.156 0 186.9166 13.65003 0 0 49 0 0 0 0 NaN
Jun 12th 14:11:06.648 UTC 2 15 37 487 480 1566.973 2130.076 0 315.457 144.9317 0 0 41 0 0 1985 150.8854 0.380064
Jun 12th 14:11:02.242 UTC 3 15 4 370 359 954.3843 1561.144 0 186.6454 13.46099 0 0 47 0 0 0 0 NaN
Jun 12th 14:10:06.658 UTC 2 15 38 484 477 1560.433 2112.053 0 315.1931 142.5282 0 0 41 0 0 1985 150.8854 0.380064
Jun 12th 14:10:02.231 UTC 3 15 1 368 358 948.0543 1556.846 0 186.8499 13.3088 0 0 47 0 0 0 0 NaN
Jun 12th 14:09:05.294 UTC 2 15 39 483 475 1557.733 2105.712 0 315.6278 142.0886 0 0 40 0 0 1985 150.8854 0.380064
Jun 12th 14:09:02.249 UTC 3 14 0 362 357 939.3493 1553.115 0 186.6785 13.36407 0 0 47 0 0 0 0 NaN
Jun 12th 14:08:05.294 UTC 2 15 38 481 473 1551.201 2095.88 0 315.0723 141.5921 0 0 40 0 0 1975 148.5436 0.3760598
Jun 12th 14:08:02.240 UTC 3 15 0 362 355 939.3493 1542.757 0 186.6785 13.37162 0 0 47 0 0 0 0 NaN
Jun 12th 14:07:05.291 UTC 2 14 39 479 470 1539.906 2079.019 0 315.5753 141.1174 0 0 40 0 0 1975 148.5436 0.3760598
Jun 12th 14:07:02.240 UTC 3 14 1 359 353 933.7793 1533.729 0 186.6687 13.38626 0 0 47 0 0 0 0 NaN
Jun 12th 14:06:05.291 UTC 2 15 41 476 467 1531.613 2067.971 0 315.3815 141.5442 0 0 40 0 0 1970 148.56 0.3770557
Jun 12th 14:06:01.335 UTC 3 13 0 358 352 931.9793 1527.641 0 186.7738 13.41218 0 0 46 0 0 0 0 NaN
Jun 12th 14:05:05.306 UTC 2 15 39 473 466 1521.123 2062.38 0 315.8648 141.787 0 0 40 0 0 1965 147.4955 0.3753067
Jun 12th 14:05:01.331 UTC 3 12 0 356 351 928.4393 1526.342 0 186.3974 13.47134 0 0 46 0 0 0 0 NaN
Jun 12th 14:04:05.292 UTC 2 14 39 470 465 1505.598 2059.833 0 316.6794 141.5657 0 0 40 0 0 1965 147.4955 0.3753067
Jun 12th 14:04:01.323 UTC 3 12 0 354 348 925.7692 1518.935 0 186.2155 13.51143 0 0 46 0 0 0 0 NaN
Jun 12th 14:03:05.302 UTC 2 15 39 469 462 1501.616 2046.246 0 316.8699 141.5587 0 0 40 0 0 1960 146.3448 0.3733285
Jun 12th 14:03:01.334 UTC 3 9 0 352 348 922.2292 1518.935 0 186.4015 13.58869 0 0 46 0 0 0 0 NaN
Jun 12th 14:02:05.292 UTC 2 14 39 467 460 1491.333 2036.296 0 317.3442 142.068 0 0 40 0 0 1960 146.3448 0.3733285
Jun 12th 14:02:01.326 UTC 3 8 0 350 347 914.4854 1513.395 0 186.4894 13.63594 0 0 46 0 0 0 0 NaN
Jun 12th 14:01:05.301 UTC 2 15 40 465 455 1485.041 2015.723 0 317.1841 142.7196 0 0 40 0 0 1945 146.3913 0.3763273
Jun 12th 14:01:01.323 UTC 3 9 0 348 345 911.8754 1504.479 0 186.1168 13.65289 0 0 46 0 0 0 0 NaN
Jun 12th 14:00:05.301 UTC 2 15 39 462 454 1478.553 2013.147 0 318.054 142.9391 0 0 40 0 0 1925 144.8582 0.376255
Jun 12th 14:00:01.316 UTC 3 12 0 348 342 911.8754 1490.346 0 186.1168 13.65289 0 0 46 0 0 0 0 NaN
Jun 12th 13:59:05.290 UTC 2 14 38 460 453 1467.382 2011.51 0 318.2465 143.5072 0 0 40 0 0 1925 144.8582 0.376255
Jun 12th 13:59:00.137 UTC 3 12 1 347 340 910.0754 1480.667 0 186.3537 13.6881 0 0 45 0 0 0 0 NaN
Jun 12th 13:58:05.303 UTC 2 15 38 455 450 1446.779 1995.807 0 319.9687 143.7686 0 0 40 0 0 1925 144.8582 0.376255
Jun 12th 13:58:00.138 UTC 3 11 0 345 338 906.5154 1467.112 0 186.3778 13.76703 0 0 45 0 0 0 0 NaN
Jun 12th 13:57:05.301 UTC 2 13 39 453 447 1439.366 1980.432 0 318.7445 144.7448 0 0 40 0 0 1925 144.8582 0.376255
Jun 12th 13:56:58.734 UTC 3 12 0 344 336 899.0455 1459.839 0 186.4015 13.78807 0 0 44 0 0 0 0 NaN
Jun 12th 13:56:04.057 UTC 2 15 39 453 443 1439.366 1963.245 0 318.7445 145.0416 0 0 39 0 0 1920 143.5315 0.37378
Jun 12th 13:55:58.744 UTC 3 12 0 341 335 887.6755 1452.975 0 186.6225 13.81816 0 0 44 0 0 0 0 NaN
Jun 12th 13:55:04.055 UTC 2 15 40 451 441 1435.826 1951.776 0 319.6836 145.5538 0 0 39 0 0 1910 142.663 0.3734633
Jun 12th 13:54:58.742 UTC 3 10 0 338 335 879.7554 1452.975 0 186.3629 13.8646 0 0 44 0 0 0 0 NaN
Jun 12th 13:54:04.066 UTC 2 15 40 448 438 1427.552 1942.212 0 314.0555 146.3626 0 0 39 0 0 1905 142.1885 0.3731982
Jun 12th 13:53:58.730 UTC 3 10 0 338 333 879.7554 1445.789 0 186.3629 13.93206 0 0 44 0 0 0 0 NaN
Jun 12th 13:53:04.067 UTC 2 15 39 445 436 1421.662 1934.004 0 311.5537 145.3165 0 0 39 0 0 1900 140.9004 0.3707905
Jun 12th 13:52:58.748 UTC 3 9 0 336 332 875.5604 1443.896 0 186.595 13.99148 0 0 44 0 0 0 0 NaN
Jun 12th 13:52:04.056 UTC 2 15 40 442 435 1414.795 1929.645 0 311.1995 145.4933 0 0 39 0 0 1880 138.1602 0.3674474
Jun 12th 13:51:58.738 UTC 3 9 0 334 330 871.2817 1435.44 0 186.3621 14.05154 0 0 44 0 0 0 0 NaN
Jun 12th 13:51:04.055 UTC 2 15 40 438 433 1395.637 1920.943 0 312.3224 139.7733 0 0 39 0 0 1875 137.4336 0.3664897
Jun 12th 13:50:58.739 UTC 3 10 0 333 327 870.4817 1425.416 0 186.101 14.08563 0 0 44 0 0 0 0 NaN
Jun 12th 13:50:04.055 UTC 2 15 37 437 431 1392.247 1911.67 0 312.5583 136.9571 0 0 39 0 0 1875 137.4336 0.3664897
Jun 12th 13:49:58.730 UTC 3 10 1 331 325 866.4866 1417.732 0 186.3222 14.14099 0 0 44 0 0 0 0 NaN
Jun 12th 13:49:04.066 UTC 2 15 40 434 427 1384.952 1891.135 0 313.1614 137.9636 0 0 39 0 0 1870 137.4736 0.3675764
Jun 12th 13:48:57.884 UTC 3 10 0 330 324 861.9641 1414.777 0 186.6199 14.1555 0 0 43 0 0 0 0 NaN
Jun 12th 13:48:04.056 UTC 2 14 40 433 425 1382.297 1884.156 0 313.3766 138.0676 0 0 39 0 0 1865 137.233 0.367917
Jun 12th 13:47:57.885 UTC 3 10 0 327 323 856.5541 1411.57 0 186.9878 14.18473 0 0 43 0 0 0 0 NaN
Jun 12th 13:47:03.004 UTC 2 14 40 432 421 1381.622 1865.083 0 306.7076 138.9877 0 0 38 0 0 1860 136.3804 0.3666139
Jun 12th 13:46:57.875 UTC 3 11 0 326 322 854.5291 1407.112 0 186.6987 14.18473 0 0 43 0 0 0 0 NaN
Jun 12th 13:46:02.994 UTC 2 15 39 429 419 1372.588 1859.367 0 307.8094 138.9444 0 0 38 0 0 1860 136.3804 0.3666139
Jun 12th 13:45:56.494 UTC 3 9 1 323 320 848.944 1400.181 0 187.0827 14.27417 0 0 42 0 0 0 0 NaN
Jun 12th 13:45:02.993 UTC 2 15 40 424 418 1360.337 1854.6 0 306.6612 139.192 0 0 38 0 0 1850 134.6483 0.3639143
Jun 12th 13:44:56.505 UTC 3 7 1 323 319 848.944 1396.814 0 187.0827 14.36782 0 0 42 0 0 0 0 NaN
Jun 12th 13:44:03.003 UTC 2 15 39 421 416 1352.147 1848.09 0 306.1984 139.6835 0 0 38 0 0 1840 132.9162 0.3611855
Jun 12th 13:43:55.791 UTC 3 10 0 321 315 845.1315 1381.791 0 187.3969 14.38924 0 0 41 0 0 0 0 NaN
Jun 12th 13:43:03.004 UTC 2 15 37 420 414 1343.777 1838.603 0 306.3932 140.2101 0 0 38 0 0 1840 132.9162 0.3611855
Jun 12th 13:42:55.790 UTC 3 10 1 319 313 843.6315 1373.012 0 187.8966 14.46639 0 0 41 0 0 0 0 NaN
Jun 12th 13:42:01.882 UTC 2 15 40 417 410 1333.926 1819.099 0 307.0871 132.5413 0 0 37 0 0 1835 132.0848 0.3599041
Jun 12th 13:41:55.800 UTC 3 10 0 318 312 842.2914 1371.209 0 187.9143 14.49763 0 0 41 0 0 0 0 NaN
Jun 12th 13:41:01.891 UTC 2 15 38 416 409 1329.943 1812.563 0 307.3545 132.0998 0 0 37 0 0 1830 131.2999 0.3587429
Jun 12th 13:40:55.799 UTC 3 9 1 316 310 840.4915 1361.042 0 188.097 14.60073 0 0 41 0 0 0 0 NaN
Jun 12th 13:40:01.883 UTC 2 14 40 415 405 1327.633 1795.574 0 307.6551 132.5572 0 0 37 0 0 1825 130.132 0.356526
Jun 12th 13:39:55.791 UTC 3 12 0 313 307 833.9689 1353.865 0 188.4257 14.60073 0 0 41 0 0 0 0 NaN
Jun 12th 13:39:01.880 UTC 2 15 40 413 402 1323.718 1777.477 0 304.8477 132.983 0 0 37 0 0 1825 130.132 0.356526
Jun 12th 13:38:55.790 UTC 3 10 0 311 305 830.9289 1350.045 0 189.1033 14.74444 0 0 41 0 0 0 0 NaN
Jun 12th 13:38:01.889 UTC 2 13 40 411 402 1313.713 1777.477 0 302.1284 133.5697 0 0 37 0 0 1815 127.7961 0.3520555
Jun 12th 13:37:55.793 UTC 3 10 0 307 304 821.5302 1345.667 0 189.6791 14.76422 0 0 41 0 0 0 0 NaN
Jun 12th 13:37:01.890 UTC 2 15 40 404 399 1291.406 1767.983 0 300.5643 133.7263 0 0 37 0 0 1815 127.7961 0.3520555
Jun 12th 13:36:55.790 UTC 3 5 1 306 304 820.4401 1345.667 0 190.0679 14.92667 0 0 41 0 0 0 0 NaN
Jun 12th 13:36:00.838 UTC 2 15 40 404 397 1291.406 1756.645 0 300.5643 127.9664 0 0 36 0 0 1810 126.909 0.3505773
Jun 12th 13:35:55.790 UTC 3 7 0 305 301 818.8051 1335.628 0 189.6992 14.97347 0 0 41 0 0 0 0 NaN
Jun 12th 13:35:00.842 UTC 2 15 39 401 394 1281.959 1745.897 0 301.0042 125.584 0 0 36 0 0 1810 126.909 0.3505773
Jun 12th 13:34:55.804 UTC 3 8 0 302 299 811.4677 1327.181 0 190.5041 15.00406 0 0 41 0 0 0 0 NaN
Jun 12th 13:34:00.842 UTC 2 15 40 400 391 1278.28 1734.444 0 301.1359 126.0482 0 0 36 0 0 1805 125.8748 0.3486836
Jun 12th 13:33:54.892 UTC 3 6 1 301 298 808.8126 1323.642 0 190.9464 15.12951 0 0 40 0 0 0 0 NaN
Jun 12th 13:33:00.853 UTC 2 15 41 398 389 1269.404 1726.151 0 301.8206 126.5818 0 0 36 0 0 1795 124.0205 0.3454611
Jun 12th 13:32:54.885 UTC 3 7 0 301 296 808.8126 1313.443 0 190.9464 15.16408 0 0 40 0 0 0 0 NaN
Jun 12th 13:32:00.854 UTC 2 15 39 394 388 1255.479 1719.96 0 300.3777 126.787 0 0 36 0 0 1770 121.2207 0.3424315
Jun 12th 13:31:54.882 UTC 3 9 0 300 293 805.4226 1300.436 0 190.7425 15.20886 0 0 40 0 0 0 0 NaN
Jun 12th 13:31:00.844 UTC 2 15 40 391 384 1245.553 1707.77 0 299.9335 127.7371 0 0 36 0 0 1765 120.6887 0.3418944
Jun 12th 13:30:54.893 UTC 3 9 0 298 292 803.3226 1297.2 0 191.2201 15.23372 0 0 40 0 0 0 0 NaN
Jun 12th 13:30:00.853 UTC 2 15 37 390 381 1243.918 1693.879 0 299.2735 128.6587 0 0 36 0 0 1765 120.6887 0.3418944
Jun 12th 13:29:54.883 UTC 3 10 0 296 291 797.0488 1294.545 0 190.922 15.23372 0 0 40 0 0 0 0 NaN
Jun 12th 13:29:00.844 UTC 2 14 38 388 378 1240.348 1681.82 0 299.0776 124.3542 0 0 36 0 0 1765 120.6887 0.3418944
Jun 12th 13:28:54.227 UTC 3 8 0 293 291 788.4688 1294.545 0 191.1032 15.27988 0 0 39 0 0 0 0 NaN
Jun 12th 13:27:59.709 UTC 2 15 40 384 374 1229.345 1665.954 0 300.0755 124.8086 0 0 35 0 0 1760 120.3189 0.3418149
Jun 12th 13:27:53.535 UTC 3 9 0 292 289 783.9463 1286.057 0 191.393 15.31277 0 0 38 0 0 0 0 NaN
Jun 12th 13:26:59.719 UTC 2 15 39 382 374 1223.195 1665.954 0 300.9398 124.8086 0 0 35 0 0 1750 118.5166 0.3386189
Jun 12th 13:26:52.667 UTC 3 9 0 291 287 776.4763 1280.925 0 191.1162 15.38523 0 0 37 0 0 0 0 NaN
Jun 12th 13:25:59.710 UTC 2 14 40 378 372 1208.03 1657.963 0 301.8205 125.05 0 0 35 0 0 1750 118.5166 0.3386189
Jun 12th 13:25:52.660 UTC 3 9 0 291 285 776.4763 1269.747 0 191.1162 15.47575 0 0 37 0 0 0 0 NaN
Jun 12th 13:24:59.711 UTC 2 15 40 375 368 1193.957 1636.822 0 302.613 125.598 0 0 35 0 0 1745 117.8813 0.3377688
Jun 12th 13:24:52.671 UTC 3 9 0 289 283 764.3938 1258.805 0 191.7048 15.52649 0 0 37 0 0 0 0 NaN
Jun 12th 13:23:59.710 UTC 2 15 41 374 366 1192.148 1629.731 0 301.5733 126.2271 0 0 35 0 0 1735 116.6256 0.3360969
Jun 12th 13:23:51.905 UTC 3 10 0 287 281 758.405 1251.596 0 191.8507 15.57108 0 0 36 0 0 0 0 NaN
Jun 12th 13:22:59.720 UTC 2 15 39 372 364 1188.525 1618.393 0 301.5205 126.8866 0 0 35 0 0 1730 115.7546 0.3345509
Jun 12th 13:22:50.720 UTC 3 11 0 286 280 757.205 1249.506 0 191.8122 15.57108 0 0 35 0 0 0 0 NaN
Jun 12th 13:21:59.717 UTC 2 15 40 369 362 1179.015 1609.819 0 301.7808 127.4468 0 0 35 0 0 1725 115.0035 0.3333434
Jun 12th 13:21:50.731 UTC 3 10 0 285 278 754.895 1244.202 0 191.9531 15.70219 0 0 35 0 0 0 0 NaN
Jun 12th 13:20:59.707 UTC 2 15 38 367 360 1174.56 1603.414 0 301.9595 128.0104 0 0 35 0 0 1720 114.4505 0.3327049
Jun 12th 13:20:50.720 UTC 3 9 0 281 278 746.5 1244.202 0 192.4557 15.72331 0 0 35 0 0 0 0 NaN
Jun 12th 13:19:59.708 UTC 2 14 39 365 356 1164.626 1591.623 0 302.4071 126.5543 0 0 35 0 0 1720 114.4505 0.3327049
Jun 12th 13:19:50.740 UTC 3 6 1 278 278 737.7137 1244.202 0 192.7314 15.82279 0 0 35 0 0 0 0 NaN
Jun 12th 13:18:59.707 UTC 2 15 38 363 354 1158.006 1582.959 0 303.1884 126.8655 0 0 35 0 0 1715 113.6163 0.3312427
Jun 12th 13:18:50.729 UTC 3 4 1 278 278 737.7137 1244.202 0 192.7314 15.89153 0 0 35 0 0 0 0 NaN
Jun 12th 13:17:58.312 UTC 2 15 39 357 352 1140.509 1572.77 0 304.2713 127.1821 0 0 34 0 0 1715 113.6163 0.3312427
Jun 12th 13:17:50.728 UTC 3 5 0 278 275 737.7137 1233.809 0 192.7314 15.96859 0 0 35 0 0 0 0 NaN
Jun 12th 13:16:58.302 UTC 2 14 39 355 349 1131.989 1557.181 0 304.8562 128.5422 0 0 34 0 0 1710 113.1177 0.3307534
Jun 12th 13:16:50.718 UTC 3 6 0 278 273 737.7137 1220.31 0 192.7314 16.02565 0 0 35 0 0 0 0 NaN
Jun 12th 13:15:57.024 UTC 2 15 40 355 344 1131.989 1539.783 0 304.8562 129.2223 0 0 33 0 0 1705 113.1576 0.3318406
Jun 12th 13:15:49.718 UTC 3 10 0 277 268 736.6237 1193.926 0 193.0996 16.0821 0 0 34 0 0 0 0 NaN
Jun 12th 13:14:57.026 UTC 2 15 41 353 343 1122.032 1536.853 0 305.2417 129.4498 0 0 33 0 0 1680 110.4239 0.3286425
Jun 12th 13:14:49.718 UTC 3 10 0 276 267 734.1711 1192.688 0 193.408 16.12455 0 0 34 0 0 0 0 NaN
Jun 12th 13:13:57.025 UTC 2 15 39 349 341 1109.264 1524.478 0 305.6619 129.1051 0 0 33 0 0 1675 110.482 0.3297969
Jun 12th 13:13:49.711 UTC 3 11 0 272 265 723.8799 1184.895 0 194.3667 16.18189 0 0 34 0 0 0 0 NaN
Jun 12th 13:12:57.024 UTC 2 15 40 344 338 1091.392 1510.224 0 307.1881 130.0343 0 0 33 0 0 1660 108.6383 0.3272239
Jun 12th 13:12:49.720 UTC 3 11 0 271 264 720.8649 1179.406 0 194.3409 16.21766 0 0 34 0 0 0 0 NaN
Jun 12th 13:11:57.014 UTC 2 14 40 343 337 1088.94 1506.149 0 307.23 130.5488 0 0 33 0 0 1655 107.5962 0.3250641
Jun 12th 13:11:49.718 UTC 3 10 0 269 263 717.0148 1175.631 0 194.3792 16.2974 0 0 34 0 0 0 0 NaN
Jun 12th 13:10:57.014 UTC 2 15 39 343 334 1088.94 1495.011 0 307.23 131.2554 0 0 33 0 0 1645 105.9713 0.3221012
Jun 12th 13:10:49.718 UTC 3 11 0 266 261 709.7648 1169.571 0 193.741 16.33027 0 0 34 0 0 0 0 NaN
Jun 12th 13:09:57.025 UTC 2 13 39 339 332 1073.809 1486.504 0 305.5207 131.348 0 0 33 0 0 1645 105.9713 0.3221012
Jun 12th 13:09:49.709 UTC 3 11 0 265 260 708.8648 1167.427 0 193.215 16.38209 0 0 34 0 0 0 0 NaN
Jun 12th 13:08:57.014 UTC 2 14 39 337 328 1070.899 1470.424 0 300.2969 132.0872 0 0 33 0 0 1645 105.9713 0.3221012
Jun 12th 13:08:48.628 UTC 3 12 0 262 258 701.8923 1163.259 0 193.5918 16.42712 0 0 33 0 0 0 0 NaN
Jun 12th 13:07:57.015 UTC 2 15 36 333 326 1058.908 1460.171 0 300.0912 132.3433 0 0 33 0 0 1645 105.9713 0.3221012
Jun 12th 13:07:48.617 UTC 3 12 1 260 255 696.4248 1151.596 0 194.1927 16.56429 0 0 33 0 0 0 0 NaN
Jun 12th 13:06:57.025 UTC 2 15 37 331 323 1054.453 1451.296 0 300.4229 129.8899 0 0 33 0 0 1645 105.9713 0.3221012
Jun 12th 13:06:48.618 UTC 3 10 1 258 254 689.4148 1147.125 0 195.0469 16.67051 0 0 33 0 0 0 0 NaN
Jun 12th 13:05:57.025 UTC 2 15 38 330 320 1052.833 1435.334 0 299.8438 123.0165 0 0 33 0 0 1645 105.9713 0.3221012
Jun 12th 13:05:48.619 UTC 3 8 1 258 252 689.4148 1137.867 0 195.0469 16.8847 0 0 33 0 0 0 0 NaN
Jun 12th 13:04:57.014 UTC 2 14 40 324 318 1035.135 1426.042 0 298.8563 122.5249 0 0 33 0 0 1635 104.7337 0.3202866
Jun 12th 13:04:48.608 UTC 3 10 0 256 249 688.0148 1122.477 0 195.4264 16.92975 0 0 33 0 0 0 0 NaN
Jun 12th 13:03:57.014 UTC 2 15 40 323 316 1033.595 1415.859 0 298.6822 122.8806 0 0 33 0 0 1625 104.2171 0.3206681
Jun 12th 13:03:47.752 UTC 3 11 0 254 247 684.2123 1108.535 0 195.5264 16.9942 0 0 32 0 0 0 0 NaN
Jun 12th 13:02:57.025 UTC 2 15 40 320 314 1019.128 1403.468 0 299.2274 123.4011 0 0 33 0 0 1610 102.2613 0.3175816
Jun 12th 13:02:47.751 UTC 3 10 0 251 247 671.3873 1108.535 0 195.8882 17.03171 0 0 32 0 0 0 0 NaN
Jun 12th 13:01:57.024 UTC 2 15 37 320 313 1019.128 1398.952 0 299.2274 123.022 0 0 33 0 0 1610 102.2613 0.3175816
Jun 12th 13:01:47.741 UTC 3 8 1 250 247 670.1873 1108.535 0 196.1873 17.14288 0 0 32 0 0 0 0 NaN
Jun 12th 13:00:57.014 UTC 2 13 40 318 309 1007.956 1379.598 0 299.3568 122.2691 0 0 33 0 0 1605 101.4737 0.3161174
Jun 12th 13:00:47.760 UTC 3 8 0 249 245 668.9873 1103.454 0 196.2633 17.24788 0 0 32 0 0 0 0 NaN
Jun 12th 12:59:55.565 UTC 2 15 46 315 306 992.9487 1360.707 0 299.4733 122.4888 0 0 32 0 0 1555 95.41018 0.3067851
Jun 12th 12:59:47.751 UTC 3 8 0 249 243 668.9873 1090.961 0 196.2633 17.37053 0 0 32 0 0 0 0 NaN
Jun 12th 12:58:55.554 UTC 2 15 44 313 304 985.1062 1347.416 0 299.9405 122.7661 0 0 32 0 0 1420 95.10766 0.3348861
Jun 12th 12:58:47.761 UTC 3 11 0 246 239 659.7947 1070.787 0 196.2994 17.40473 0 0 32 0 0 0 0 NaN
Jun 12th 12:57:55.555 UTC 2 15 45 311 303 979.4024 1341.56 0 300.4838 122.7222 0 0 32 0 0 1290 94.64046 0.3668235
Jun 12th 12:57:46.524 UTC 3 10 1 246 238 659.7947 1063.562 0 196.2994 17.49199 0 0 31 0 0 0 0 NaN
Jun 12th 12:56:55.546 UTC 2 15 42 309 302 975.2954 1337.488 0 297.7598 123.0313 0 0 32 0 0 1215 91.42875 0.37625
Jun 12th 12:56:46.525 UTC 3 10 0 243 237 653.7755 1060.371 0 195.9338 17.52397 0 0 31 0 0 0 0 NaN
Jun 12th 12:55:55.556 UTC 2 15 40 309 299 975.2954 1324.2 0 297.7598 123.8046 0 0 32 0 0 1190 89.80376 0.3773267
Jun 12th 12:55:46.535 UTC 3 11 0 242 236 649.793 1055.09 0 195.955 17.52397 0 0 31 0 0 0 0 NaN
Jun 12th 12:54:55.557 UTC 2 15 38 305 298 966.6314 1323.016 0 294.6978 124.1274 0 0 32 0 0 1175 88.48949 0.376551
Jun 12th 12:54:46.535 UTC 3 12 0 241 234 648.593 1049.585 0 195.6985 17.5847 0 0 31 0 0 0 0 NaN
Jun 12th 12:53:55.546 UTC 2 15 37 300 295 957.2449 1307.671 0 289.6368 124.4566 0 0 32 0 0 1175 88.48949 0.376551
Jun 12th 12:53:46.525 UTC 3 12 0 238 233 637.428 1047.422 0 195.2146 17.62956 0 0 31 0 0 0 0 NaN
Jun 12th 12:52:55.555 UTC 2 15 37 300 292 957.2449 1292.318 0 289.6368 122.2679 0 0 32 0 0 1175 88.48949 0.376551
Jun 12th 12:52:44.690 UTC 3 12 1 235 231 634.288 1039.708 0 195.4882 17.76556 0 0 29 0 0 0 0 NaN
Jun 12th 12:51:55.555 UTC 2 15 35 298 292 953.3209 1292.318 0 287.8287 122.2679 0 0 32 0 0 1175 88.48949 0.376551
Jun 12th 12:51:43.294 UTC 3 12 1 233 229 627.8079 1026.995 0 195.8866 17.85855 0 0 28 0 0 0 0 NaN
Jun 12th 12:50:55.554 UTC 2 15 36 297 289 951.0609 1280.265 0 286.7238 119.7991 0 0 32 0 0 1175 88.48949 0.376551
Jun 12th 12:50:43.285 UTC 3 10 1 233 228 627.8079 1023.801 0 195.8866 17.9995 0 0 28 0 0 0 0 NaN
Jun 12th 12:49:55.564 UTC 2 14 39 295 285 944.6484 1264.951 0 285.8614 114.8398 0 0 32 0 0 1175 88.48949 0.376551
Jun 12th 12:49:41.179 UTC 3 11 0 231 225 623.9829 1011.135 0 196.246 18.11946 0 0 26 0 0 0 0 NaN
Jun 12th 12:48:54.364 UTC 2 15 41 291 284 927.4449 1257.726 0 285.0687 114.8398 0 0 31 0 0 1125 83.72402 0.3721068
Jun 12th 12:48:41.188 UTC 3 11 1 231 223 623.9829 1003.256 0 196.246 18.22781 0 0 26 0 0 0 0 NaN
Jun 12th 12:47:54.364 UTC 2 14 41 288 283 909.0961 1252.177 0 286.1437 112.7764 0 0 31 0 0 1115 82.85587 0.371551
Jun 12th 12:47:41.187 UTC 3 9 0 227 223 617.5129 1003.256 0 197.3136 18.34225 0 0 26 0 0 0 0 NaN
Jun 12th 12:46:54.354 UTC 2 15 42 286 278 898.0373 1217.914 0 286.6806 111.483 0 0 31 0 0 1055 83.07348 0.3937132
Jun 12th 12:46:41.178 UTC 3 8 0 226 222 615.7429 997.2634 0 196.8752 18.48936 0 0 26 0 0 0 0 NaN
Jun 12th 12:45:53.249 UTC 2 14 43 286 278 898.0373 1217.914 0 286.6806 111.5504 0 0 30 0 0 980 76.31163 0.389345
Jun 12th 12:45:41.177 UTC 3 9 0 224 219 611.0628 987.8656 0 197.201 18.58135 0 0 26 0 0 0 0 NaN
Jun 12th 12:44:52.106 UTC 2 14 45 285 274 890.5673 1194.13 0 286.667 111.874 0 0 29 0 0 845 70.62994 0.4179287
Jun 12th 12:44:41.188 UTC 3 8 0 222 219 605.2803 987.8656 0 197.241 18.64248 0 0 26 0 0 0 0 NaN
Jun 12th 12:43:52.118 UTC 2 15 46 282 271 880.1424 1178.43 0 287.224 112.4694 0 0 29 0 0 660 49.20887 0.3727944
Jun 12th 12:43:41.178 UTC 3 8 0 221 217 603.6453 978.005 0 197.5128 18.76659 0 0 26 0 0 0 0 NaN
Jun 12th 12:42:52.118 UTC 2 15 43 281 271 874.1686 1178.43 0 287.2518 112.4694 0 0 29 0 0 585 38.21521 0.3266258
Jun 12th 12:42:41.179 UTC 3 7 0 219 217 593.4753 978.005 0 197.4221 18.82493 0 0 26 0 0 0 0 NaN
Jun 12th 12:41:52.109 UTC 2 15 43 280 270 871.5136 1173.895 0 287.2979 112.8018 0 0 29 0 0 510 26.32651 0.258103
Jun 12th 12:41:40.219 UTC 3 7 0 219 216 593.4753 971.7057 0 197.4221 18.86589 0 0 25 0 0 0 0 NaN
Jun 12th 12:40:52.107 UTC 2 15 40 276 269 858.1599 1169.399 0 286.9983 113.1188 0 0 29 0 0 470 19.34062 0.2057513
Jun 12th 12:40:40.218 UTC 3 6 1 218 215 585.1053 967.0754 0 197.7097 18.98955 0 0 25 0 0 0 0 NaN
Jun 12th 12:39:52.117 UTC 2 15 41 271 267 843.5698 1157.582 0 284.4813 113.8341 0 0 29 0 0 450 18.51255 0.205695
Jun 12th 12:39:40.207 UTC 3 8 0 218 212 585.1053 956.5416 0 197.7097 19.06771 0 0 25 0 0 0 0 NaN
Jun 12th 12:38:52.106 UTC 2 14 39 271 267 843.5698 1157.582 0 284.4813 114.1511 0 0 29 0 0 445 17.68019 0.1986538
Jun 12th 12:38:40.220 UTC 3 9 0 216 209 581.5353 934.676 0 197.9993 19.19013 0 0 25 0 0 0 0 NaN
Jun 12th 12:37:52.108 UTC 2 15 39 270 264 839.891 1139.335 0 284.8754 114.7705 0 0 29 0 0 440 16.93128 0.1924009
Jun 12th 12:37:39.473 UTC 3 8 0 213 209 574.4016 934.676 0 198.2243 19.27398 0 0 24 0 0 0 0 NaN
Jun 12th 12:36:51.015 UTC 2 15 39 268 261 833.7709 1121.504 0 284.9689 114.3465 0 0 28 0 0 435 16.00971 0.1840197
Jun 12th 12:36:38.606 UTC 3 8 0 212 209 566.0316 934.676 0 198.5463 19.27398 0 0 23 0 0 0 0 NaN
Jun 12th 12:35:49.895 UTC 2 15 39 268 259 833.7709 1112.635 0 284.9689 114.0988 0 0 27 0 0 430 15.26081 0.1774512
Jun 12th 12:35:38.595 UTC 3 7 0 211 209 564.6816 934.676 0 198.3121 19.357 0 0 23 0 0 0 0 NaN
Jun 12th 12:34:49.888 UTC 2 14 39 268 256 833.7709 1100.64 0 284.9689 114.4111 0 0 27 0 0 430 15.26081 0.1774512
Jun 12th 12:34:38.595 UTC 3 8 0 211 205 564.6816 920.3032 0 198.3121 19.5454 0 0 23 0 0 0 0 NaN
Jun 12th 12:33:47.712 UTC 2 15 46 264 253 816.5134 1090.712 0 283.1378 114.5204 0 0 25 0 0 325 15.56907 0.2395241
Jun 12th 12:33:38.595 UTC 3 7 0 211 205 564.6816 920.3032 0 198.3121 19.60681 0 0 23 0 0 0 0 NaN
Jun 12th 12:32:47.701 UTC 2 15 41 259 252 803.6104 1089.522 0 274.292 114.7779 0 0 25 0 0 195 16.16947 0.4146019
Jun 12th 12:32:38.606 UTC 3 10 0 209 202 558.0115 906.1634 0 199.2118 19.60681 0 0 23 0 0 0 0 NaN
Jun 12th 12:31:47.723 UTC 2 15 37 255 252 794.0019 1089.522 0 273.3434 114.7779 0 0 25 0 0 185 15.42096 0.4167826
Jun 12th 12:31:38.595 UTC 3 9 1 206 201 547.7488 897.4517 0 197.2316 19.70771 0 0 23 0 0 0 0 NaN
Jun 12th 12:30:47.710 UTC 2 15 37 253 250 789.7538 1082.604 0 272.8232 115.4837 0 0 25 0 0 185 15.42096 0.4167826
Jun 12th 12:30:38.595 UTC 3 9 0 204 200 542.3337 894.5318 0 197.5809 19.79955 0 0 23 0 0 0 0 NaN
Jun 12th 12:29:47.699 UTC 2 14 37 252 245 788.1608 1061.281 0 272.4416 106.9635 0 0 25 0 0 185 15.42096 0.4167826
Jun 12th 12:29:38.585 UTC 3 11 0 203 198 540.5187 884.6489 0 197.6933 19.79955 0 0 23 0 0 0 0 NaN
Jun 12th 12:28:47.719 UTC 2 15 38 250 241 781.7258 1039.865 0 273.5786 105.3135 0 0 25 0 0 185 15.42096 0.4167826
Jun 12th 12:28:37.044 UTC 3 11 0 202 196 538.7188 874.5586 0 198.4127 19.9702 0 0 21 0 0 0 0 NaN
Jun 12th 12:27:46.483 UTC 2 15 39 248 238 777.4358 1026.399 0 274.6573 104.2965 0 0 24 0 0 185 15.42096 0.4167826
Jun 12th 12:27:37.045 UTC 3 11 0 200 194 534.7137 866.7404 0 198.243 20.10693 0 0 21 0 0 0 0 NaN
Jun 12th 12:26:46.473 UTC 2 15 41 247 235 775.8958 1019.151 0 274.9401 103.5867 0 0 24 0 0 170 14.63001 0.4302944
Jun 12th 12:26:37.036 UTC 3 13 1 200 190 534.7137 843.6845 0 198.243 20.26373 0 0 21 0 0 0 0 NaN
Jun 12th 12:25:46.483 UTC 2 15 39 241 234 764.6503 1014.17 0 272.5269 103.9916 0 0 24 0 0 160 13.08001 0.4087502
Jun 12th 12:25:37.046 UTC 3 15 0 199 187 532.0137 829.9595 0 197.4773 20.16015 0 0 21 0 0 0 0 NaN
Jun 12th 12:24:46.483 UTC 2 15 40 238 231 752.2483 1001.948 0 273.2587 104.458 0 0 24 0 0 155 12.51352 0.4036618
Jun 12th 12:24:37.046 UTC 3 15 0 195 186 522.7637 826.9438 0 198.2456 20.24462 0 0 21 0 0 0 0 NaN
Jun 12th 12:23:46.472 UTC 2 15 36 236 230 747.5233 997.7582 0 273.2018 104.7427 0 0 24 0 0 155 12.51352 0.4036618
Jun 12th 12:23:37.036 UTC 3 14 2 192 184 515.2137 819.0586 0 197.9469 20.14455 0 0 21 0 0 0 0 NaN
Jun 12th 12:22:46.484 UTC 2 15 36 235 227 745.7233 984.3906 0 274.0176 103.0235 0 0 24 0 0 155 12.51352 0.4036618
Jun 12th 12:22:37.057 UTC 3 13 1 190 183 512.0637 816.4451 0 198.1066 20.27175 0 0 21 0 0 0 0 NaN
Jun 12th 12:21:46.484 UTC 2 14 37 232 223 734.7208 958.2426 0 273.9589 103.6449 0 0 24 0 0 155 12.51352 0.4036618
Jun 12th 12:21:37.045 UTC 3 13 1 187 182 503.7912 812.1052 0 198.8789 20.35948 0 0 21 0 0 0 0 NaN
Jun 12th 12:20:45.242 UTC 2 15 38 229 221 719.8707 950.0222 0 275.1229 103.2165 0 0 23 0 0 155 12.51352 0.4036618
Jun 12th 12:20:37.047 UTC 3 11 0 184 180 496.4352 806.6835 0 197.9348 20.61931 0 0 21 0 0 0 0 NaN
Jun 12th 12:19:45.252 UTC 2 15 39 227 219 712.6932 939.1469 0 275.2459 103.3914 0 0 23 0 0 155 12.51352 0.4036618
Jun 12th 12:19:36.281 UTC 3 9 0 183 179 492.7565 802.9722 0 198.6994 20.91372 0 0 20 0 0 0 0 NaN
Jun 12th 12:18:45.250 UTC 2 15 39 227 216 712.6932 928.3928 0 275.2459 103.4559 0 0 23 0 0 155 12.51352 0.4036618
Jun 12th 12:18:35.251 UTC 3 8 0 181 178 490.3865 794.8348 0 198.4759 21.05618 0 0 19 0 0 0 0 NaN
Jun 12th 12:17:45.243 UTC 2 15 41 223 215 702.3732 924.3401 0 257.8701 103.7459 0 0 23 0 0 130 9.771984 0.3758456
Jun 12th 12:17:35.272 UTC 3 11 1 180 174 486.7077 780.2322 0 198.6581 21.14484 0 0 19 0 0 0 0 NaN
Jun 12th 12:16:45.261 UTC 2 14 40 222 214 701.1732 918.1557 0 255.0509 104.259 0 0 23 0 0 120 8.416076 0.3506698
Jun 12th 12:16:35.263 UTC 3 14 0 179 171 482.7252 766.9476 0 198.9512 21.14484 0 0 19 0 0 0 0 NaN
Jun 12th 12:15:45.252 UTC 2 15 38 217 212 683.8332 906.0199 0 253.7025 104.4507 0 0 23 0 0 120 8.416076 0.3506698
Jun 12th 12:15:35.270 UTC 3 14 1 177 168 478.2477 757.1254 0 200.2977 21.43344 0 0 19 0 0 0 0 NaN
Jun 12th 12:14:45.252 UTC 2 15 38 215 210 677.2317 903.2308 0 253.2948 101.7902 0 0 23 0 0 120 8.416076 0.3506698
Jun 12th 12:14:35.260 UTC 3 11 0 175 168 471.8677 757.1254 0 201.3004 21.64769 0 0 19 0 0 0 0 NaN
Jun 12th 12:13:45.240 UTC 2 15 38 214 207 675.2067 888.8069 0 253.1489 95.26803 0 0 23 0 0 120 8.416076 0.3506698
Jun 12th 12:13:35.271 UTC 3 10 1 173 166 465.174 748.3594 0 201.8522 21.95513 0 0 19 0 0 0 0 NaN
Jun 12th 12:12:44.190 UTC 2 13 39 211 205 666.5717 881.043 0 253.7994 83.29111 0 0 22 0 0 120 8.416076 0.3506698
Jun 12th 12:12:35.261 UTC 3 12 0 168 163 451.1102 730.5466 0 200.0482 22.07661 0 0 19 0 0 0 0 NaN
Jun 12th 12:11:43.034 UTC 2 15 39 211 200 666.5717 857.2372 0 253.7994 83.84748 0 0 21 0 0 120 8.416076 0.3506698
Jun 12th 12:11:35.259 UTC 3 12 1 167 161 447.1277 722.7474 0 200.4003 22.2353 0 0 19 0 0 0 0 NaN
Jun 12th 12:10:43.044 UTC 2 15 39 209 199 662.6766 850.7082 0 254.3225 84.23573 0 0 21 0 0 100 7.167805 0.3583902
Jun 12th 12:10:35.262 UTC 3 13 1 167 159 447.1277 716.2822 0 200.4003 22.33645 0 0 19 0 0 0 0 NaN
Jun 12th 12:09:43.035 UTC 2 15 39 204 197 644.3991 842.8931 0 249.0123 84.93835 0 0 21 0 0 95 6.589367 0.3468088
Jun 12th 12:09:35.272 UTC 3 13 0 164 157 440.269 710.2733 0 200.9098 22.49516 0 0 19 0 0 0 0 NaN
Jun 12th 12:08:43.036 UTC 2 15 38 203 195 640.9341 832.7805 0 249.035 85.13061 0 0 21 0 0 95 6.589367 0.3468088
Jun 12th 12:08:35.262 UTC 3 12 1 161 156 433.6715 705.1036 0 202.3871 22.7172 0 0 19 0 0 0 0 NaN
Jun 12th 12:07:43.026 UTC 2 15 37 200 194 628.8503 828.6033 0 249.7296 85.22816 0 0 21 0 0 95 6.589367 0.3468088
Jun 12th 12:07:35.262 UTC 3 10 0 159 155 430.6615 698.6321 0 202.492 22.97552 0 0 19 0 0 0 0 NaN
Jun 12th 12:06:43.035 UTC 2 13 36 197 192 621.8752 818.8321 0 248.3626 79.96435 0 0 21 0 0 95 6.589367 0.3468088
Jun 12th 12:06:35.252 UTC 3 13 1 158 150 426.5215 682.3063 0 201.6841 23.17947 0 0 19 0 0 0 0 NaN
Jun 12th 12:05:40.587 UTC 2 15 41 196 186 618.4102 796.4399 0 248.4929 80.47607 0 0 19 0 0 90 6.444124 0.3580069
Jun 12th 12:05:34.159 UTC 3 15 0 157 147 421.4365 666.2454 0 201.7998 23.24718 0 0 18 0 0 0 0 NaN
Jun 12th 12:04:40.577 UTC 2 15 39 194 185 615.7902 794.3369 0 240.9387 80.67469 0 0 19 0 0 85 6.453031 0.37959
Jun 12th 12:04:33.067 UTC 3 13 1 153 146 412.0052 660.1121 0 203.3242 23.57543 0 0 17 0 0 0 0 NaN
Jun 12th 12:03:40.578 UTC 2 15 38 191 183 602.6577 783.3723 0 241.9616 73.80022 0 0 19 0 0 85 6.453031 0.37959
Jun 12th 12:03:33.057 UTC 3 13 0 150 145 403.3727 655.1946 0 203.4507 23.71133 0 0 17 0 0 0 0 NaN
Jun 12th 12:02:40.567 UTC 2 15 38 187 180 588.6702 766.9572 0 242.1465 74.647 0 0 19 0 0 85 6.453031 0.37959
Jun 12th 12:02:33.056 UTC 3 11 1 149 144 395.0027 649.6357 0 203.5698 24.05204 0 0 17 0 0 0 0 NaN
Jun 12th 12:01:40.576 UTC 2 14 40 185 177 580.8964 750.8931 0 242.3111 72.82765 0 0 19 0 0 75 6.097778 0.4065185
Jun 12th 12:01:33.057 UTC 3 13 1 148 140 392.6927 626.9628 0 203.6101 24.33899 0 0 17 0 0 0 0 NaN
Jun 12th 12:00:40.586 UTC 2 15 39 184 176 579.2614 744.996 0 242.8723 72.82765 0 0 19 0 0 60 5.018836 0.4182363
Jun 12th 12:00:33.056 UTC 3 14 2 146 136 386.989 609.7244 0 204.0694 24.30341 0 0 17 0 0 0 0 NaN
Jun 12th 11:59:40.577 UTC 2 15 40 184 174 579.2614 734.3185 0 242.8723 73.23565 0 0 19 0 0 55 4.509001 0.4099092
Jun 12th 11:59:33.057 UTC 3 14 0 144 134 383.389 595.9643 0 203.8072 24.58303 0 0 17 0 0 0 0 NaN
Jun 12th 11:58:40.566 UTC 2 15 40 181 171 571.5815 721.7391 0 238.9023 74.21629 0 0 19 0 0 50 3.924866 0.3924866
Jun 12th 11:58:33.046 UTC 3 15 0 142 132 378.364 589.3746 0 204.4523 24.69515 0 0 17 0 0 0 0 NaN
Jun 12th 11:57:40.588 UTC 2 15 39 177 169 556.5665 713.0369 0 238.3165 74.49286 0 0 19 0 0 45 3.362474 0.3736082
Jun 12th 11:57:31.381 UTC 3 15 2 139 131 368.3564 585.8006 0 204.8957 24.77986 0 0 15 0 0 0 0 NaN
Jun 12th 11:56:40.577 UTC 2 15 37 174 169 548.7687 713.0369 0 238.7272 74.49286 0 0 19 0 0 45 3.362474 0.3736082
Jun 12th 11:56:31.383 UTC 3 13 0 137 131 362.8877 585.8006 0 205.1445 25.02743 0 0 15 0 0 0 0 NaN
Jun 12th 11:55:39.515 UTC 2 15 38 172 166 544.0287 699.3438 0 237.2143 71.26707 0 0 18 0 0 45 3.362474 0.3736082
Jun 12th 11:55:31.383 UTC 3 11 1 134 129 354.8889 581.4032 0 204.3957 25.62215 0 0 15 0 0 0 0 NaN
Jun 12th 11:54:38.325 UTC 2 15 38 171 164 542.2287 685.0987 0 237.2645 71.81461 0 0 17 0 0 45 3.362474 0.3736082
Jun 12th 11:54:31.373 UTC 3 11 0 131 128 345.1352 575.5124 0 205.1014 25.74392 0 0 15 0 0 0 0 NaN
Jun 12th 11:53:38.323 UTC 2 15 38 168 161 531.9124 671.6801 0 237.4585 72.82139 0 0 17 0 0 45 3.362474 0.3736082
Jun 12th 11:53:30.468 UTC 3 11 1 129 126 339.3902 565.8816 0 204.7991 26.02107 0 0 14 0 0 0 0 NaN
Jun 12th 11:52:38.332 UTC 2 15 40 168 157 531.9124 657.5561 0 237.4585 72.06703 0 0 17 0 0 45 3.362474 0.3736082
Jun 12th 11:52:30.467 UTC 3 8 1 129 125 339.3902 563.0159 0 204.7991 26.69753 0 0 14 0 0 0 0 NaN
Jun 12th 11:51:38.322 UTC 2 15 40 163 156 510.8823 654.1224 0 239.8057 71.35528 0 0 17 0 0 40 2.619873 0.3274841
Jun 12th 11:51:29.585 UTC 3 9 0 129 123 339.3902 554.5339 0 204.7991 26.85599 0 0 13 0 0 0 0 NaN
Jun 12th 11:50:38.322 UTC 2 15 40 161 152 507.2898 639.5231 0 235.1674 72.01039 0 0 17 0 0 10 0.2475015 0.1237508
Jun 12th 11:50:29.597 UTC 3 12 1 126 119 331.3802 537.289 0 204.6413 27.03899 0 0 13 0 0 0 0 NaN
Jun 12th 11:49:38.322 UTC 2 15 40 161 150 507.2898 628.4914 0 235.1674 72.64271 0 0 17 0 0 5 0.02365674 0.02365674
Jun 12th 11:49:29.607 UTC 3 12 0 123 118 326.2202 529.9271 0 207.3864 27.20906 0 0 13 0 0 0 0 NaN
Jun 12th 11:48:38.323 UTC 2 15 38 155 148 478.5123 615.5163 0 235.2112 70.51834 0 0 17 0 0 5 0.02365674 0.02365674
Jun 12th 11:48:29.597 UTC 3 12 1 122 115 324.1952 512.3505 0 208.4776 27.78357 0 0 13 0 0 0 0 NaN
Jun 12th 11:47:38.322 UTC 2 15 39 153 146 472.5236 603.3837 0 235.3067 70.26067 0 0 17 0 0 5 0.02365674 0.02365674
Jun 12th 11:47:29.597 UTC 3 11 1 121 112 321.5402 502.8026 0 208.1122 28.43847 0 0 13 0 0 0 0 NaN
Jun 12th 11:46:35.802 UTC 2 14 40 152 144 468.8448 600.3745 0 235.5033 68.37785 0 0 15 0 0 5 0.02365674 0.02365674
Jun 12th 11:46:29.587 UTC 3 10 0 120 112 317.5577 502.8026 0 208.7232 28.61901 0 0 13 0 0 0 0 NaN
Jun 12th 11:45:35.803 UTC 2 15 37 149 142 454.1298 590.3543 0 236.8985 68.73834 0 0 15 0 0 0 0 NaN
Jun 12th 11:45:29.598 UTC 3 15 0 117 107 310.4577 482.673 0 207.3591 28.61901 0 0 13 0 0 0 0 NaN
Jun 12th 11:44:35.812 UTC 2 14 36 147 139 449.0223 581.467 0 237.0116 70.12292 0 0 15 0 0 0 0 NaN
Jun 12th 11:44:29.597 UTC 3 14 2 113 106 302.574 477.8257 0 200.4246 28.35588 0 0 13 0 0 0 0 NaN
Jun 12th 11:43:35.800 UTC 2 15 34 143 136 438.3648 565.0583 0 234.6147 70.9557 0 0 15 0 0 0 0 NaN
Jun 12th 11:43:29.597 UTC 3 15 1 111 104 300.574 467.3237 0 201.6093 28.39746 0 0 13 0 0 0 0 NaN
Jun 12th 11:42:34.567 UTC 2 14 35 141 134 429.7361 552.2173 0 234.2113 69.20984 0 0 14 0 0 0 0 NaN
Jun 12th 11:42:28.700 UTC 3 14 2 109 103 297.349 465.5653 0 201.1957 28.37723 0 0 12 0 0 0 0 NaN
Jun 12th 11:41:34.556 UTC 2 15 35 139 131 412.5573 543.0907 0 234.9105 69.47619 0 0 14 0 0 0 0 NaN
Jun 12th 11:41:28.699 UTC 3 14 1 108 100 296.449 450.5862 0 196.356 29.04261 0 0 12 0 0 0 0 NaN
Jun 12th 11:40:34.566 UTC 2 13 34 137 131 402.7773 543.0907 0 236.0647 69.54839 0 0 14 0 0 0 0 NaN
Jun 12th 11:40:28.690 UTC 3 15 2 105 96 278.359 430.7981 0 196.2424 22.95499 0 0 12 0 0 0 0 NaN
Jun 12th 11:39:34.565 UTC 2 15 33 135 126 393.4961 522.5208 0 236.3018 69.73505 0 0 14 0 0 0 0 NaN
Jun 12th 11:39:28.690 UTC 3 15 2 102 94 273.204 422.4246 0 190.4661 22.61593 0 0 12 0 0 0 0 NaN
Jun 12th 11:38:33.249 UTC 2 14 34 135 123 393.4961 505.0239 0 236.3018 70.09183 0 0 13 0 0 0 0 NaN
Jun 12th 11:38:28.701 UTC 3 14 3 100 93 268.964 419.2909 0 190.1644 15.40889 0 0 12 0 0 0 0 NaN
Jun 12th 11:37:33.237 UTC 2 14 30 128 122 373.5448 501.437 0 226.8064 70.32191 0 0 13 0 0 0 0 NaN
Jun 12th 11:37:28.700 UTC 3 15 4 97 90 254.354 403.6576 0 190.3963 15.1862 0 0 12 0 0 0 0 NaN
Jun 12th 11:36:33.251 UTC 2 15 27 128 120 373.5448 492.9901 0 226.8064 70.54829 0 0 13 0 0 0 0 NaN
Jun 12th 11:36:28.699 UTC 3 14 5 96 89 245.984 399.5826 0 189.9454 11.39962 0 0 12 0 0 0 0 NaN
Jun 12th 11:35:33.250 UTC 2 15 28 124 117 365.2461 478.4035 0 226.9884 71.06654 0 0 13 0 0 0 0 NaN
Jun 12th 11:35:28.698 UTC 3 14 5 93 85 238.4552 379.2902 0 186.9991 10.81726 0 0 12 0 0 0 0 NaN
Jun 12th 11:34:33.240 UTC 2 15 25 122 117 360.1736 478.4035 0 220.3067 71.06654 0 0 13 0 0 0 0 NaN
Jun 12th 11:34:28.689 UTC 3 14 5 90 83 227.1102 367.4512 0 186.2214 10.99777 0 0 12 0 0 0 0 NaN
Jun 12th 11:33:33.248 UTC 2 15 26 120 113 357.7755 459.9429 0 216.0906 70.63868 0 0 13 0 0 0 0 NaN
Jun 12th 11:33:27.821 UTC 3 15 7 89 79 223.0265 352.1657 0 186.013 6.574151 0 0 11 0 0 0 0 NaN
Jun 12th 11:32:33.239 UTC 2 15 25 119 111 355.323 450.6216 0 215.0682 71.66842 0 0 13 0 0 0 0 NaN
Jun 12th 11:32:27.831 UTC 3 15 6 87 77 212.5302 336.0474 0 186.1888 6.430032 0 0 11 0 0 0 0 NaN
Jun 12th 11:31:32.139 UTC 2 14 27 115 109 339.713 447.4081 0 212.2611 64.77048 0 0 12 0 0 0 0 NaN
Jun 12th 11:31:27.821 UTC 3 15 4 85 76 207.4902 333.4115 0 185.3585 6.44371 0 0 11 0 0 0 0 NaN
Jun 12th 11:30:32.128 UTC 2 15 26 113 104 337.148 420.3602 0 207.9002 54.70392 0 0 12 0 0 0 0 NaN
Jun 12th 11:30:27.820 UTC 3 14 6 80 74 199.3077 316.0232 0 182.6671 5.641143 0 0 11 0 0 0 0 NaN
Jun 12th 11:29:32.138 UTC 2 14 28 111 103 324.998 415.5416 0 208.7154 48.8996 0 0 12 0 0 0 0 NaN
Jun 12th 11:29:27.830 UTC 3 15 1 78 72 195.5277 304.9915 0 181.6259 5.231074 0 0 11 0 0 0 0 NaN
Jun 12th 11:28:32.138 UTC 2 14 29 108 100 316.4571 408.2754 0 205.807 44.35077 0 0 12 0 0 0 0 NaN
Jun 12th 11:28:27.830 UTC 3 12 1 78 72 195.5277 304.9915 0 181.6259 5.191876 0 0 11 0 0 0 0 NaN
Jun 12th 11:27:32.137 UTC 2 15 28 105 97 309.1895 396.8575 0 207.682 43.81691 0 0 12 0 0 0 0 NaN
Jun 12th 11:27:27.821 UTC 3 13 0 77 70 194.6277 293.8992 0 180.1652 5.142454 0 0 11 0 0 0 0 NaN
Jun 12th 11:26:32.134 UTC 2 15 27 104 94 306.737 381.1477 0 207.028 44.04796 0 0 12 0 0 0 0 NaN
Jun 12th 11:26:27.822 UTC 3 12 1 75 68 183.5727 288.3689 0 177.1523 5.110708 0 0 11 0 0 0 0 NaN
Jun 12th 11:25:32.134 UTC 2 15 25 98 93 293.5225 379.4308 0 203.0764 43.9674 0 0 12 0 0 0 0 NaN
Jun 12th 11:25:25.875 UTC 3 14 0 74 66 178.4877 274.4238 0 175.0569 5.110708 0 0 9 0 0 0 0 NaN
Jun 12th 11:24:32.127 UTC 2 15 25 97 90 289 366.6728 0 204.3307 44.35362 0 0 12 0 0 0 0 NaN
Jun 12th 11:24:25.886 UTC 3 14 0 70 65 169.8978 269.2318 0 175.2988 5.131514 0 0 9 0 0 0 0 NaN
Jun 12th 11:23:32.137 UTC 2 15 21 96 89 287.1775 360.3224 0 202.4912 44.2823 0 0 12 0 0 0 0 NaN
Jun 12th 11:23:25.887 UTC 3 13 1 69 64 165.3752 267.4224 0 172.6671 5.111296 0 0 9 0 0 0 0 NaN
Jun 12th 11:22:30.958 UTC 2 15 25 93 85 274.3187 348.1738 0 201.6396 43.53366 0 0 11 0 0 0 0 NaN
Jun 12th 11:22:25.882 UTC 3 12 0 68 62 164.5752 254.4155 0 171.4593 5.085006 0 0 9 0 0 0 0 NaN
Jun 12th 11:21:30.962 UTC 2 15 21 90 83 267.4187 337.6782 0 202.3617 44.00853 0 0 11 0 0 0 0 NaN
Jun 12th 11:21:25.883 UTC 3 12 0 66 62 155.9015 254.4155 0 172.1088 5.085006 0 0 9 0 0 0 0 NaN
Jun 12th 11:20:30.962 UTC 2 15 20 88 83 262.2587 337.6782 0 203.9626 44.00853 0 0 11 0 0 0 0 NaN
Jun 12th 11:20:25.882 UTC 3 10 0 64 60 151.6365 239.0088 0 169.0712 4.972697 0 0 9 0 0 0 0 NaN
Jun 12th 11:19:30.954 UTC 2 12 21 86 80 257.4887 325.3253 0 204.2109 42.37355 0 0 11 0 0 0 0 NaN
Jun 12th 11:19:25.884 UTC 3 11 0 63 58 151.0365 230.3353 0 168.7563 5.007607 0 0 9 0 0 0 0 NaN
Jun 12th 11:18:29.926 UTC 2 15 21 84 74 252.3062 298.5423 0 202.7701 42.09085 0 0 10 0 0 0 0 NaN
Jun 12th 11:18:25.884 UTC 3 12 0 62 55 149.8365 218.3622 0 170.2735 4.990503 0 0 9 0 0 0 0 NaN
Jun 12th 11:17:29.920 UTC 2 15 21 81 72 238.4349 292.4025 0 204.5049 43.02951 0 0 10 0 0 0 0 NaN
Jun 12th 11:17:25.883 UTC 3 10 0 61 54 149.2365 215.6338 0 167.6708 4.96247 0 0 9 0 0 0 0 NaN
Jun 12th 11:16:29.915 UTC 2 15 19 81 70 238.4349 286.2341 0 204.5049 42.8595 0 0 10 0 0 0 0 NaN
Jun 12th 11:16:25.872 UTC 3 10 0 60 53 144.1515 212.8703 0 168.622 5.01626 0 0 9 0 0 0 0 NaN
Jun 12th 11:15:29.910 UTC 2 15 16 75 67 222.6625 279.9284 0 207.1195 42.41225 0 0 10 0 0 0 0 NaN
Jun 12th 11:15:25.883 UTC 3 11 0 57 52 133.8477 207.3464 0 167.807 5.01626 0 0 9 0 0 0 0 NaN
Jun 12th 11:14:29.928 UTC 2 15 14 70 66 208.0937 274.9471 0 207.1107 42.43293 0 0 10 0 0 0 0 NaN
Jun 12th 11:14:25.882 UTC 3 10 0 54 51 124.7552 204.7361 0 161.9458 5.013057 0 0 9 0 0 0 0 NaN
Jun 12th 11:13:29.916 UTC 2 14 14 68 63 205.9137 260.2552 0 187.2713 43.98791 0 0 10 0 0 0 0 NaN
Jun 12th 11:13:25.892 UTC 3 11 0 53 49 123.6652 197.2912 0 162.8496 5.020401 0 0 9 0 0 0 0 NaN
Jun 12th 11:12:29.917 UTC 2 15 13 67 58 203.9037 239.2065 0 188.1311 29.65883 0 0 10 0 0 0 0 NaN
Jun 12th 11:12:25.881 UTC 3 10 1 52 48 122.4652 195.4435 0 163.9207 5.070124 0 0 9 0 0 0 0 NaN
Jun 12th 11:11:29.914 UTC 2 15 12 65 56 194.3412 232.4924 0 188.3224 30.19165 0 0 10 0 0 0 0 NaN
Jun 12th 11:11:25.880 UTC 3 10 0 50 47 117.0052 193.7235 0 164.3182 5.04334 0 0 9 0 0 0 0 NaN
Jun 12th 11:10:29.908 UTC 2 15 14 63 52 188.5437 212.3118 0 188.1531 24.48664 0 0 10 0 0 0 0 NaN
Jun 12th 11:10:25.890 UTC 3 8 1 48 44 111.0127 187.0157 0 168.0889 5.20168 0 0 9 0 0 0 0 NaN
Jun 12th 11:09:29.928 UTC 2 15 12 60 52 175.82 212.3118 0 190.0833 24.48664 0 0 10 0 0 0 0 NaN
Jun 12th 11:09:25.883 UTC 3 7 0 47 42 108.3577 172.2664 0 166.8906 5.156127 0 0 9 0 0 0 0 NaN
Jun 12th 11:08:29.920 UTC 2 14 11 56 50 164.9125 207.6367 0 189.5647 24.8654 0 0 10 0 0 0 0 NaN
Jun 12th 11:08:24.885 UTC 3 10 0 44 39 104.7052 162.3643 0 171.9742 5.156127 0 0 8 0 0 0 0 NaN
Jun 12th 11:07:28.678 UTC 2 14 13 55 46 163.1225 187.4689 0 188.913 24.72254 0 0 9 0 0 0 0 NaN
Jun 12th 11:07:24.890 UTC 3 11 0 44 36 104.7052 154.6035 0 171.9742 5.005261 0 0 8 0 0 0 0 NaN
Jun 12th 11:06:28.688 UTC 2 15 10 51 44 149.8737 178.1954 0 187.0573 24.72207 0 0 9 0 0 0 0 NaN
Jun 12th 11:06:24.885 UTC 3 10 0 42 35 97.69524 149.2488 0 174.1974 5.079719 0 0 8 0 0 0 0 NaN
Jun 12th 11:05:28.688 UTC 2 13 11 50 42 147.1137 173.5906 0 185.4457 24.66517 0 0 9 0 0 0 0 NaN
Jun 12th 11:05:24.014 UTC 3 12 0 37 32 87.44025 138.6415 0 179.0051 4.968882 0 0 7 0 0 0 0 NaN
Jun 12th 11:04:28.688 UTC 2 14 9 48 39 137.3937 163.0695 0 186.3798 24.01943 0 0 9 0 0 0 0 NaN
Jun 12th 11:04:24.026 UTC 3 11 1 36 30 86.35025 123.8539 0 181.5941 4.921927 0 0 7 0 0 0 0 NaN
Jun 12th 11:03:28.679 UTC 2 15 8 43 37 119.4125 155.5831 0 187.2238 23.64023 0 0 9 0 0 0 0 NaN
Jun 12th 11:03:24.015 UTC 3 9 1 34 29 83.07875 114.9092 0 174.8767 5.156602 0 0 7 0 0 0 0 NaN
Jun 12th 11:02:26.014 UTC 2 14 9 41 36 110.7838 153.9141 0 181.8982 22.21601 0 0 7 0 0 0 0 NaN
Jun 12th 11:02:24.015 UTC 3 11 0 32 26 76.01501 104.6369 0 175.0433 5.188957 0 0 7 0 0 0 0 NaN
Jun 12th 11:01:24.606 UTC 2 15 9 37 31 93.88625 124.8654 0 181.4173 23.25612 0 0 6 0 0 0 0 NaN
Jun 12th 11:01:24.025 UTC 3 11 0 32 25 76.01501 101.1809 0 175.0433 5.248422 0 0 7 0 0 0 0 NaN
Jun 12th 11:00:24.607 UTC 2 15 8 37 27 93.88625 106.1718 0 181.4173 20.3042 0 0 6 0 0 0 0 NaN
Jun 12th 11:00:24.025 UTC 3 15 0 30 21 63.96626 79.40795 0 175.104 5.248422 0 0 7 0 0 0 0 NaN
Jun 12th 10:59:24.597 UTC 2 14 10 36 24 91.20126 94.70295 0 180.9069 14.62426 0 0 6 0 0 0 0 NaN
Jun 12th 10:59:23.117 UTC 3 13 0 28 20 59.64626 74.03411 0 176.5613 5.26771 0 0 6 0 0 0 0 NaN
Jun 12th 10:58:24.617 UTC 2 15 8 32 21 78.17376 80.58862 0 185.6867 13.28398 0 0 6 0 0 0 0 NaN
Jun 12th 10:58:23.116 UTC 3 14 0 25 18 56.42126 69.38142 0 171.3868 5.146552 0 0 6 0 0 0 0 NaN
Jun 12th 10:57:24.607 UTC 2 15 5 28 21 67.32876 80.58862 0 181.0468 13.28398 0 0 6 0 0 0 0 NaN
Jun 12th 10:57:23.127 UTC 3 14 0 22 15 49.46376 49.36037 0 169.0422 4.595287 0 0 6 0 0 0 0 NaN
Jun 12th 10:56:24.607 UTC 2 15 5 27 19 65.06876 69.47715 0 178.5225 12.28594 0 0 6 0 0 0 0 NaN
Jun 12th 10:56:22.180 UTC 3 11 1 21 15 44.26626 49.36037 0 167.2955 4.956658 0 0 5 0 0 0 0 NaN
Jun 12th 10:55:24.617 UTC 2 14 5 23 17 57.14875 59.63255 0 165.1628 11.8855 0 0 6 0 0 0 0 NaN
Jun 12th 10:55:22.179 UTC 3 11 0 19 13 41.22626 38.60311 0 166.3227 4.729134 0 0 5 0 0 0 0 NaN
Jun 12th 10:54:22.189 UTC 3 12 0 18 12 38.91626 34.88226 0 155.7433 4.729134 0 0 5 0 0 0 0 NaN
Jun 12th 10:54:22.128 UTC 2 14 5 22 14 51.175 45.07466 0 164.0206 5.933949 0 0 4 0 0 0 0 NaN
Jun 12th 10:53:22.189 UTC 3 12 0 15 10 28.59625 29.51796 0 149.1852 4.687059 0 0 5 0 0 0 0 NaN
Jun 12th 10:53:22.117 UTC 2 15 1 20 13 44.11125 43.38973 0 156.4598 5.933949 0 0 4 0 0 0 0 NaN
Jun 12th 10:52:22.168 UTC 3 13 1 15 7 28.59625 16.39607 0 149.1852 4.484403 0 0 5 0 0 0 0 NaN
Jun 12th 10:52:22.138 UTC 2 15 0 16 10 36.47625 24.48556 0 156.854 5.593757 0 0 4 0 0 0 0 NaN
Jun 12th 10:51:22.129 UTC 2 15 0 15 8 34.45125 19.79461 0 150.364 5.75432 0 0 4 0 0 0 0 NaN
Jun 12th 10:51:21.302 UTC 3 12 1 12 6 21.5125 14.35693 0 135.3107 4.836573 0 0 4 0 0 0 0 NaN
Jun 12th 10:50:22.117 UTC 2 14 0 12 6 26.09125 13.45383 0 145.6164 5.303731 0 0 4 0 0 0 0 NaN
Jun 12th 10:50:21.301 UTC 3 11 0 9 5 17.5525 12.49649 0 125.1781 4.654227 0 0 4 0 0 0 0 NaN
Jun 12th 10:49:22.127 UTC 2 11 1 12 6 26.09125 13.45383 0 145.6164 5.402583 0 0 4 0 0 0 0 NaN
Jun 12th 10:49:20.169 UTC 3 13 0 6 1 12.9175 1.879586 0 128.9014 4.577758 0 0 3 0 0 0 0 NaN
Jun 12th 10:48:22.118 UTC 2 11 0 8 4 17.32375 7.28857 0 131.1291 5.954688 0 0 4 0 0 0 0 NaN
Jun 12th 10:48:20.168 UTC 3 10 1 4 0 9.125 0 0 115.9719 4.343642 0 0 3 0 0 0 0 NaN
Jun 12th 10:47:22.129 UTC 2 11 1 7 2 15.06375 3.280507 0 106.3408 5.753181 0 0 4 0 0 0 0 NaN
Jun 12th 10:47:20.157 UTC 3 7 0 2 0 5.18 0 0 116.3809 4.643204 0 0 3 0 0 0 0 NaN
Jun 12th 10:46:21.004 UTC 2 9 0 4 2 8.85875 3.280507 0 104.4697 6.388055 0 0 3 0 0 0 0 NaN
Jun 12th 10:46:19.157 UTC 3 6 0 0 0 0 0 0 NaN 4.287778 0 0 2 0 0 0 0 NaN
Jun 12th 10:45:21.005 UTC 2 8 0 2 1 5.70375 1.388156 0 66.88173 6.636921 0 0 3 0 0 0 0 NaN
Jun 12th 10:45:19.167 UTC 3 2 1 0 0 0 0 0 NaN 8.307442 0 0 2 0 0 0 0 NaN
Jun 12th 10:44:21.014 UTC 2 6 0 2 0 5.70375 0 0 66.88173 9.080108 0 0 3 0 0 0 0 NaN
Jun 12th 10:44:19.157 UTC 3 0 0 0 0 0 0 0 NaN NaN 0 0 2 0 0 0 0 NaN
Jun 12th 10:43:18.584 UTC 2 3 0 0 0 0 0 0 NaN 10.07569 0 0 1 0 0 0 0 NaN
Jun 12th 10:43:18.379 UTC 3 0 1 0 0 0 0 0 NaN NaN 0 0 1 0 0 0 0 NaN
Jun 12th 10:42:17.534 UTC 3 0 0 0 0 0 0 0 NaN NaN 0 0 0 0 0 0 0 NaN
Jun 12th 10:42:17.534 UTC 2 0 0 0 0 0 0 0 NaN NaN 0 0 0 0 0 0 0 NaN