dt1 dt2 dt3 dt4 controller drones queue deliveries fullTrips revenue costs penalties avgDelTime avgWaitTime fDel fRet fLaunch collisions unknown rejectionPenalties potentialLost avgPotentialLost
Jun 12th 16:49:38.466 UTC 2 15 39 935 926 2477.207 3686.619 0 290.4713 136.1331 0 0 79 0 0 1035 371.1852 1.793165
Jun 12th 16:49:30.856 UTC 3 13 0 601 594 1569.929 2767.528 10 199.7059 14.87311 2 2 87 0 0 0 0 NaN
Jun 12th 16:48:38.454 UTC 2 14 36 929 926 2458.958 3686.619 0 290.4192 134.9005 0 0 79 0 0 1035 371.1852 1.793165
Jun 12th 16:48:30.847 UTC 3 13 0 600 592 1568.159 2761.669 10 199.5937 14.9052 2 2 87 0 0 0 0 NaN
Jun 12th 16:47:38.465 UTC 2 12 39 928 922 2456.303 3667.46 0 290.6154 134.9993 0 0 79 0 0 1035 371.1852 1.793165
Jun 12th 16:47:30.854 UTC 3 13 0 598 590 1563.229 2758.172 10 199.6619 14.93914 2 2 87 0 0 0 0 NaN
Jun 12th 16:46:38.465 UTC 2 15 36 926 918 2450.138 3654.399 0 290.6382 135.1398 0 0 79 0 0 1035 371.1852 1.793165
Jun 12th 16:46:30.853 UTC 3 12 0 592 589 1542.101 2752.677 10 200.4349 14.96829 2 2 87 0 0 0 0 NaN
Jun 12th 16:45:38.465 UTC 2 15 36 924 916 2443.141 3646.711 0 291.0485 134.801 0 0 79 0 0 1035 371.1852 1.793165
Jun 12th 16:45:30.851 UTC 3 9 1 592 588 1542.101 2749.926 10 200.4349 15.05705 2 2 87 0 0 0 0 NaN
Jun 12th 16:44:38.466 UTC 2 14 40 922 912 2438.716 3632.875 0 291.2872 134.5987 0 0 79 0 0 1035 371.1852 1.793165
Jun 12th 16:44:30.850 UTC 3 7 1 592 586 1542.101 2745.289 10 200.4349 15.11692 2 2 87 0 0 0 0 NaN
Jun 12th 16:43:38.465 UTC 2 15 39 918 910 2429.693 3623.228 0 291.0663 134.7065 0 0 79 0 0 1030 370.3752 1.797938
Jun 12th 16:43:30.839 UTC 3 6 0 591 585 1540.751 2740.474 10 200.7085 15.16397 2 2 87 0 0 0 0 NaN
Jun 12th 16:42:38.465 UTC 2 15 39 916 908 2427.253 3612.729 0 291.4282 134.8869 0 0 79 0 0 1025 369.6552 1.803196
Jun 12th 16:42:30.116 UTC 3 4 0 589 585 1535.661 2740.474 10 200.835 15.19453 2 2 86 0 0 0 0 NaN
Jun 12th 16:41:38.466 UTC 2 15 37 912 906 2418.985 3606.372 0 291.8477 135.0684 0 0 79 0 0 1025 369.6552 1.803196
Jun 12th 16:41:30.107 UTC 3 4 0 588 584 1531.679 2738.502 10 200.9145 15.21451 2 2 86 0 0 0 0 NaN
Jun 12th 16:40:38.455 UTC 2 15 34 910 904 2415.61 3596.592 0 292.0092 135.3289 0 0 79 0 0 1025 369.6552 1.803196
Jun 12th 16:40:28.146 UTC 3 6 1 587 582 1530.329 2728.341 10 201.1189 15.21451 2 2 84 0 0 0 0 NaN
Jun 12th 16:39:38.466 UTC 2 11 37 909 903 2413.158 3592.003 0 292.1742 135.502 0 0 79 0 0 1025 369.6552 1.803196
Jun 12th 16:39:28.141 UTC 3 7 1 586 579 1528.304 2717.048 10 201.1327 15.25792 2 2 84 0 0 0 0 NaN
Jun 12th 16:38:37.485 UTC 2 15 40 906 896 2404.64 3566.534 0 292.2962 135.7358 0 0 78 0 0 1015 358.1014 1.764046
Jun 12th 16:38:26.336 UTC 3 8 0 585 577 1527.704 2706.214 10 201.3439 15.27631 2 2 82 0 0 0 0 NaN
Jun 12th 16:37:37.485 UTC 2 14 39 904 896 2401.78 3566.534 0 292.6037 135.8763 0 0 78 0 0 1005 353.8114 1.760256
Jun 12th 16:37:26.346 UTC 3 9 1 583 575 1522.255 2697.41 10 201.5507 15.29623 2 2 82 0 0 0 0 NaN
Jun 12th 16:36:37.497 UTC 2 15 40 900 892 2393.219 3548.236 0 293.1372 136.2171 0 0 78 0 0 995 350.0089 1.758839
Jun 12th 16:36:26.344 UTC 3 9 0 582 574 1519.6 2695.422 10 201.467 15.31281 2 2 82 0 0 0 0 NaN
Jun 12th 16:35:36.332 UTC 2 14 39 898 890 2391.419 3537.543 0 293.3297 136.4638 0 0 77 0 0 995 350.0089 1.758839
Jun 12th 16:35:26.334 UTC 3 8 1 581 573 1516.135 2691.254 10 201.5331 15.34523 2 2 82 0 0 0 0 NaN
Jun 12th 16:34:35.149 UTC 2 15 37 895 888 2375.666 3529.763 0 293.5053 136.5874 0 0 76 0 0 995 350.0089 1.758839
Jun 12th 16:34:26.348 UTC 3 10 0 577 571 1505.339 2681.684 10 201.7326 15.34523 2 2 82 0 0 0 0 NaN
Jun 12th 16:33:35.142 UTC 2 14 37 894 885 2372.276 3522.114 0 293.6063 137.039 0 0 76 0 0 995 350.0089 1.758839
Jun 12th 16:33:26.338 UTC 3 11 0 576 569 1504.139 2670.381 10 201.5969 15.36481 2 2 82 0 0 0 0 NaN
Jun 12th 16:32:35.140 UTC 2 15 35 889 882 2360.033 3510.588 0 293.8495 137.2534 0 0 76 0 0 995 350.0089 1.758839
Jun 12th 16:32:25.394 UTC 3 12 1 575 566 1502.504 2655.306 10 201.6577 15.39877 2 2 81 0 0 0 0 NaN
Jun 12th 16:31:35.140 UTC 2 13 35 887 881 2356.208 3507.068 0 294.142 137.5333 0 0 76 0 0 995 350.0089 1.758839
Jun 12th 16:31:25.384 UTC 3 11 0 574 565 1498.521 2648.604 10 201.6955 15.4295 2 2 81 0 0 0 0 NaN
Jun 12th 16:30:35.142 UTC 2 15 34 884 877 2340.436 3497.459 0 294.0058 137.7882 0 0 76 0 0 995 350.0089 1.758839
Jun 12th 16:30:24.550 UTC 3 10 1 571 564 1494.471 2644.044 10 201.8266 15.47893 2 2 80 0 0 0 0 NaN
Jun 12th 16:29:35.140 UTC 2 14 34 880 875 2333.536 3485.659 0 294.5 137.9567 0 0 76 0 0 995 350.0089 1.758839
Jun 12th 16:29:23.498 UTC 3 10 0 571 563 1494.471 2637.059 10 201.8266 15.49522 2 2 79 0 0 0 0 NaN
Jun 12th 16:28:33.863 UTC 2 14 37 877 870 2321.076 3468.577 0 294.5367 138.3769 0 0 75 0 0 995 350.0089 1.758839
Jun 12th 16:28:23.520 UTC 3 11 0 568 561 1483.683 2624.844 10 201.6006 15.50812 2 2 79 0 0 0 0 NaN
Jun 12th 16:27:33.863 UTC 2 13 35 875 869 2316.271 3466.882 0 294.8712 138.1887 0 0 75 0 0 995 350.0089 1.758839
Jun 12th 16:27:23.508 UTC 3 12 0 567 558 1478.103 2609.268 10 201.6317 15.54163 2 2 79 0 0 0 0 NaN
Jun 12th 16:26:32.729 UTC 2 14 38 873 863 2312.836 3438.522 0 295.326 138.4301 0 0 74 0 0 995 350.0089 1.758839
Jun 12th 16:26:21.661 UTC 3 13 0 566 556 1476.563 2593.641 10 201.5185 15.56789 2 2 77 0 0 0 0 NaN
Jun 12th 16:25:32.729 UTC 2 15 40 872 858 2312.182 3416.762 0 292.976 138.5587 0 0 74 0 0 985 342.5389 1.738776
Jun 12th 16:25:21.673 UTC 3 13 0 564 555 1473.21 2588.519 10 201.4089 15.587 2 2 77 0 0 0 0 NaN
Jun 12th 16:24:32.728 UTC 2 15 40 868 858 2304.51 3416.762 0 290.2812 138.5587 0 0 74 0 0 965 342.5389 1.774813
Jun 12th 16:24:21.661 UTC 3 13 0 562 553 1466.876 2578.068 10 201.4616 15.63059 2 2 77 0 0 0 0 NaN
Jun 12th 16:23:32.732 UTC 2 15 39 865 858 2298.635 3416.762 0 290.7065 138.5587 0 0 74 0 0 950 337.4314 1.775955
Jun 12th 16:23:21.659 UTC 3 14 0 560 551 1463.021 2572.085 10 201.1765 15.64801 2 2 77 0 0 0 0 NaN
Jun 12th 16:22:32.730 UTC 2 15 37 861 857 2286.479 3412.763 0 291.0562 138.6994 0 0 74 0 0 945 335.6614 1.775986
Jun 12th 16:22:21.671 UTC 3 14 0 560 549 1463.021 2563.3 10 201.1765 15.67266 2 2 77 0 0 0 0 NaN
Jun 12th 16:21:32.728 UTC 2 14 37 858 855 2275.977 3403.034 0 291.1237 134.9774 0 0 74 0 0 945 335.6614 1.775986
Jun 12th 16:21:20.955 UTC 3 13 0 555 549 1446.978 2563.3 10 201.3079 15.68508 2 2 76 0 0 0 0 NaN
Jun 12th 16:20:32.729 UTC 2 15 39 858 850 2275.977 3376.634 0 291.1237 134.1664 0 0 74 0 0 945 335.6614 1.775986
Jun 12th 16:20:20.956 UTC 3 10 0 552 549 1435.728 2563.3 10 201.2134 15.75296 2 2 76 0 0 0 0 NaN
Jun 12th 16:19:32.738 UTC 2 15 37 857 848 2273.952 3367.373 0 291.1714 134.4719 0 0 74 0 0 940 327.2914 1.740912
Jun 12th 16:19:20.955 UTC 3 11 0 552 546 1435.728 2551.722 10 201.2134 15.78971 2 2 76 0 0 0 0 NaN
Jun 12th 16:18:32.730 UTC 2 15 39 857 845 2273.952 3356.44 0 291.1714 134.7555 0 0 74 0 0 940 327.2914 1.740912
Jun 12th 16:18:20.965 UTC 3 8 0 550 545 1431.648 2546.154 10 201.363 15.87116 2 2 76 0 0 0 0 NaN
Jun 12th 16:17:32.731 UTC 2 14 40 852 843 2258.008 3349.413 0 291.3806 135.0035 0 0 74 0 0 935 326.4949 1.745962
Jun 12th 16:17:20.955 UTC 3 8 0 550 544 1431.648 2543.786 10 201.363 15.88183 2 2 76 0 0 0 0 NaN
Jun 12th 16:16:31.812 UTC 2 15 40 848 841 2243.337 3339.77 0 291.881 135.1346 0 0 73 0 0 925 324.8599 1.755999
Jun 12th 16:16:20.954 UTC 3 8 0 548 542 1421.545 2537.726 10 201.5546 15.91784 2 2 76 0 0 0 0 NaN
Jun 12th 16:15:31.824 UTC 2 14 40 845 841 2231.065 3339.77 0 290.9583 135.2834 0 0 73 0 0 910 321.7499 1.767856
Jun 12th 16:15:20.954 UTC 3 8 0 546 541 1415.17 2530.517 10 201.4946 15.94499 2 2 76 0 0 0 0 NaN
Jun 12th 16:14:31.824 UTC 2 15 39 844 836 2225.092 3319.806 0 290.94 135.4111 0 0 73 0 0 910 321.7499 1.767856
Jun 12th 16:14:20.955 UTC 3 8 1 544 539 1412.185 2522.635 10 201.7843 15.97253 2 2 76 0 0 0 0 NaN
Jun 12th 16:13:31.822 UTC 2 15 40 842 833 2222.691 3308.053 0 291.1124 135.7397 0 0 73 0 0 905 319.0949 1.762955
Jun 12th 16:13:20.966 UTC 3 7 1 543 538 1409.485 2518.968 10 202.0136 16.01668 2 2 76 0 0 0 0 NaN
Jun 12th 16:12:31.822 UTC 2 15 38 839 832 2217.719 3306.247 0 291.5507 135.8871 0 0 73 0 0 900 315.3749 1.752083
Jun 12th 16:12:20.956 UTC 3 8 0 543 536 1409.485 2512.088 10 202.0136 16.02974 2 2 76 0 0 0 0 NaN
Jun 12th 16:11:31.814 UTC 2 15 39 836 829 2213.467 3298.378 0 292.1955 135.1609 0 0 73 0 0 900 315.3749 1.752083
Jun 12th 16:11:20.955 UTC 3 7 0 542 534 1408.585 2501.937 10 202.2711 16.10408 2 2 76 0 0 0 0 NaN
Jun 12th 16:10:31.814 UTC 2 14 39 832 826 2203.777 3289.446 0 292.6489 135.6098 0 0 73 0 0 900 315.3749 1.752083
Jun 12th 16:10:20.230 UTC 3 6 0 539 534 1399.823 2501.937 10 202.157 16.11876 2 2 75 0 0 0 0 NaN
Jun 12th 16:09:31.832 UTC 2 14 39 829 823 2191.335 3276.174 0 292.9516 136.0402 0 0 73 0 0 890 315.3749 1.771769
Jun 12th 16:09:20.219 UTC 3 10 0 539 530 1399.823 2481.505 10 202.157 16.11876 2 2 75 0 0 0 0 NaN
Jun 12th 16:08:30.815 UTC 2 15 39 827 819 2186.325 3256.408 0 293.3371 136.4689 0 0 72 0 0 885 315.3749 1.781779
Jun 12th 16:08:20.219 UTC 3 10 0 536 529 1395.398 2477.334 10 202.4094 16.14637 2 2 75 0 0 0 0 NaN
Jun 12th 16:07:30.812 UTC 2 15 39 826 815 2182.86 3241.155 0 293.454 136.9478 0 0 72 0 0 880 313.7399 1.782613
Jun 12th 16:07:20.209 UTC 3 10 1 535 528 1394.048 2471.36 10 202.3506 16.16118 2 2 75 0 0 0 0 NaN
Jun 12th 16:06:30.819 UTC 2 13 40 821 814 2167.087 3238.755 0 294.1393 137.1078 0 0 72 0 0 875 311.4299 1.779599
Jun 12th 16:06:20.228 UTC 3 10 0 534 527 1391.348 2463.886 10 202.474 16.19081 2 2 75 0 0 0 0 NaN
Jun 12th 16:05:28.912 UTC 2 15 40 821 811 2167.087 3225.375 0 294.1393 137.2594 0 0 70 0 0 870 309.9579 1.781367
Jun 12th 16:05:20.218 UTC 3 10 0 533 525 1388.895 2454.568 10 202.537 16.22289 2 2 75 0 0 0 0 NaN
Jun 12th 16:04:28.913 UTC 2 13 39 815 811 2148.998 3225.375 0 294.0936 137.5747 0 0 70 0 0 870 309.9579 1.781367
Jun 12th 16:04:20.220 UTC 3 9 0 532 524 1385.505 2452.089 10 202.3107 16.27767 2 2 75 0 0 0 0 NaN
Jun 12th 16:03:27.914 UTC 2 15 40 813 805 2144.518 3206.397 0 294.3968 137.9905 0 0 69 0 0 865 307.9329 1.779959
Jun 12th 16:03:20.211 UTC 3 9 0 530 523 1381.15 2448.524 10 202.0913 16.30616 2 2 75 0 0 0 0 NaN
Jun 12th 16:02:27.903 UTC 2 15 39 811 804 2139.365 3205.261 0 294.9402 138.1359 0 0 69 0 0 855 303.0931 1.772475
Jun 12th 16:02:20.221 UTC 3 10 0 527 521 1373.598 2440.329 10 202.3326 16.32911 2 2 75 0 0 0 0 NaN
Jun 12th 16:01:27.904 UTC 2 14 37 807 801 2130.47 3194.686 0 295.4572 138.8023 0 0 69 0 0 855 303.0931 1.772475
Jun 12th 16:01:20.222 UTC 3 12 0 527 519 1373.598 2425.494 10 202.3326 16.32911 2 2 75 0 0 0 0 NaN
Jun 12th 16:00:27.914 UTC 2 15 39 805 795 2128.58 3167.204 0 295.732 138.76 0 0 69 0 0 855 303.0931 1.772475
Jun 12th 16:00:19.425 UTC 3 11 0 524 518 1364.879 2418.681 10 202.3792 16.36884 2 2 74 0 0 0 0 NaN
Jun 12th 15:59:27.912 UTC 2 15 38 803 794 2123.32 3162.43 0 296.1365 138.8773 0 0 69 0 0 850 301.1311 1.77136
Jun 12th 15:59:19.435 UTC 3 11 0 524 516 1364.879 2408.169 10 202.3792 16.40874 2 2 74 0 0 0 0 NaN
Jun 12th 15:58:27.903 UTC 2 14 38 801 793 2118.538 3157.921 0 296.4935 139.1326 0 0 69 0 0 850 301.1311 1.77136
Jun 12th 15:58:19.424 UTC 3 8 0 523 515 1363.529 2407.416 10 202.3846 16.48572 2 2 74 0 0 0 0 NaN
Jun 12th 15:57:27.903 UTC 2 15 40 799 788 2111.09 3137.182 0 296.7284 139.6619 0 0 69 0 0 840 296.7361 1.766286
Jun 12th 15:57:19.425 UTC 3 8 0 521 514 1357.094 2402.336 10 202.8736 16.51281 2 2 74 0 0 0 0 NaN
Jun 12th 15:56:27.904 UTC 2 15 40 794 787 2094.374 3132.887 0 296.4396 139.8237 0 0 69 0 0 825 290.3686 1.75981
Jun 12th 15:56:18.556 UTC 3 8 1 520 513 1355.744 2396.289 10 202.7826 16.52643 2 2 73 0 0 0 0 NaN
Jun 12th 15:55:27.914 UTC 2 15 39 791 786 2087.766 3130.774 0 296.9495 139.9236 0 0 69 0 0 820 287.0577 1.750352
Jun 12th 15:55:18.557 UTC 3 8 0 518 511 1350.789 2390.625 10 202.3917 16.58064 2 2 73 0 0 0 0 NaN
Jun 12th 15:54:27.903 UTC 2 14 37 791 784 2087.766 3125.043 0 296.9495 140.3937 0 0 69 0 0 820 287.0577 1.750352
Jun 12th 15:54:18.547 UTC 3 10 0 515 509 1339.434 2382.433 10 202.4778 16.58064 2 2 73 0 0 0 0 NaN
Jun 12th 15:53:27.904 UTC 2 15 37 786 778 2077.018 3102.492 0 296.6033 140.6745 0 0 69 0 0 820 287.0577 1.750352
Jun 12th 15:53:17.688 UTC 3 9 1 515 509 1339.434 2382.433 10 202.4778 16.60402 2 2 72 0 0 0 0 NaN
Jun 12th 15:52:27.904 UTC 2 15 37 784 775 2071.033 3092.351 0 297.1591 140.8042 0 0 69 0 0 820 287.0577 1.750352
Jun 12th 15:52:16.862 UTC 3 10 1 514 507 1337.664 2373.533 10 202.7402 16.6253 2 2 71 0 0 0 0 NaN
Jun 12th 15:51:27.914 UTC 2 15 36 781 773 2053.584 3084.472 0 297.6006 141.1443 0 0 69 0 0 820 287.0577 1.750352
Jun 12th 15:51:16.851 UTC 3 9 1 512 506 1332.544 2368.702 10 202.7205 16.67717 2 2 71 0 0 0 0 NaN
Jun 12th 15:50:26.884 UTC 2 15 38 779 769 2051.784 3071.474 0 297.8074 141.0463 0 0 68 0 0 820 287.0577 1.750352
Jun 12th 15:50:16.291 UTC 3 14 0 510 500 1326.369 2333.637 10 202.6882 16.69843 2 2 70 0 0 0 0 NaN
Jun 12th 15:49:26.893 UTC 2 13 40 776 767 2038.508 3065.555 0 298.4389 141.1343 0 0 68 0 0 820 287.0577 1.750352
Jun 12th 15:49:15.435 UTC 3 12 1 510 499 1326.369 2325.538 10 202.6882 16.77913 2 2 69 0 0 0 0 NaN
Jun 12th 15:48:26.884 UTC 2 14 39 772 764 2021.559 3053.004 0 293.8117 141.2045 0 0 68 0 0 815 284.7477 1.746918
Jun 12th 15:48:15.445 UTC 3 13 0 508 497 1323.317 2315.563 10 202.6535 16.79766 2 2 69 0 0 0 0 NaN
Jun 12th 15:47:26.882 UTC 2 15 40 769 760 2012.819 3038.487 0 294.2605 141.562 0 0 68 0 0 805 284.7477 1.768619
Jun 12th 15:47:15.434 UTC 3 14 0 506 495 1313.664 2305.262 10 202.7344 16.82792 2 2 69 0 0 0 0 NaN
Jun 12th 15:46:26.883 UTC 2 15 38 765 759 2000.918 3032.501 0 294.663 141.7232 0 0 68 0 0 795 278.774 1.753295
Jun 12th 15:46:15.434 UTC 3 14 1 505 493 1310.274 2296.336 10 202.5901 16.76744 2 2 69 0 0 0 0 NaN
Jun 12th 15:45:26.893 UTC 2 14 35 764 758 1998.263 3027.114 0 294.9062 140.8925 0 0 68 0 0 795 278.774 1.753295
Jun 12th 15:45:15.435 UTC 3 15 1 501 491 1297.487 2290.854 10 202.2126 16.76647 2 2 69 0 0 0 0 NaN
Jun 12th 15:44:26.883 UTC 2 14 38 761 753 1989.5 3005.711 0 294.4723 137.8382 0 0 68 0 0 795 278.774 1.753295
Jun 12th 15:44:15.445 UTC 3 15 1 500 489 1295.852 2279.688 10 202.4272 16.68138 2 2 69 0 0 0 0 NaN
Jun 12th 15:43:25.975 UTC 2 15 39 760 748 1988.901 2981.618 0 294.5025 138.1788 0 0 67 0 0 795 278.774 1.753295
Jun 12th 15:43:14.711 UTC 3 14 1 495 488 1280.488 2273.296 10 202.1401 16.70246 2 2 68 0 0 0 0 NaN
Jun 12th 15:42:25.150 UTC 2 15 40 759 747 1985.222 2976.617 0 294.6939 138.2816 0 0 66 0 0 785 274.5695 1.74885
Jun 12th 15:42:14.713 UTC 3 15 0 493 487 1274.48 2270.472 10 202.2204 16.70246 2 2 68 0 0 0 0 NaN
Jun 12th 15:41:25.150 UTC 2 15 40 755 746 1979.127 2973.714 0 290.8705 138.3768 0 0 66 0 0 775 266.213 1.717503
Jun 12th 15:41:14.721 UTC 3 12 0 492 486 1272.455 2266.177 10 202.2418 16.77334 2 2 68 0 0 0 0 NaN
Jun 12th 15:40:25.160 UTC 2 15 38 751 745 1967.944 2969.396 0 286.3474 137.6643 0 0 66 0 0 775 266.213 1.717503
Jun 12th 15:40:14.708 UTC 3 10 1 491 486 1269.135 2266.177 10 202.4265 16.82333 2 2 68 0 0 0 0 NaN
Jun 12th 15:39:25.157 UTC 2 15 38 747 742 1958.614 2960.904 0 286.522 138.0889 0 0 66 0 0 775 266.213 1.717503
Jun 12th 15:39:14.709 UTC 3 10 0 489 484 1265.865 2254.006 10 202.2191 16.8636 2 2 68 0 0 0 0 NaN
Jun 12th 15:38:25.148 UTC 2 15 37 746 741 1957.264 2956.408 0 286.27 138.2466 0 0 66 0 0 775 266.213 1.717503
Jun 12th 15:38:14.719 UTC 3 6 1 489 483 1265.865 2250.419 10 202.2191 16.99712 2 2 68 0 0 0 0 NaN
Jun 12th 15:37:24.230 UTC 2 15 38 744 738 1950.469 2940.427 0 286.7524 134.4393 0 0 65 0 0 775 266.213 1.717503
Jun 12th 15:37:14.168 UTC 3 6 0 487 483 1261.67 2250.419 10 202.4487 16.99712 2 2 67 0 0 0 0 NaN
Jun 12th 15:36:24.239 UTC 2 14 39 742 733 1946.184 2927.164 0 287.1074 130.1213 0 0 65 0 0 775 266.213 1.717503
Jun 12th 15:36:14.168 UTC 3 8 0 487 481 1261.67 2241.909 10 202.4487 16.99712 2 2 67 0 0 0 0 NaN
Jun 12th 15:35:24.228 UTC 2 15 39 739 729 1938.61 2913.905 0 287.7915 130.2514 0 0 65 0 0 770 264.863 1.719889
Jun 12th 15:35:14.178 UTC 3 6 1 486 480 1258.205 2235.648 10 202.572 17.07471 2 2 67 0 0 0 0 NaN
Jun 12th 15:34:24.238 UTC 2 14 39 736 727 1935.04 2906.98 0 288.4447 130.7388 0 0 65 0 0 770 264.863 1.719889
Jun 12th 15:34:14.177 UTC 3 8 0 485 477 1255.55 2220.248 10 202.689 17.10215 2 2 67 0 0 0 0 NaN
Jun 12th 15:33:24.238 UTC 2 15 40 731 724 1915.979 2891.363 0 288.924 131.0253 0 0 65 0 0 755 254.8492 1.687743
Jun 12th 15:33:14.169 UTC 3 8 0 483 476 1248.868 2214.427 10 202.2778 17.13583 2 2 67 0 0 0 0 NaN
Jun 12th 15:32:24.237 UTC 2 14 38 728 723 1906.55 2885.983 0 289.2394 131.3066 0 0 65 0 0 745 248.4292 1.66731
Jun 12th 15:32:14.171 UTC 3 10 1 483 473 1248.868 2198.229 10 202.2778 17.15115 2 2 67 0 0 0 0 NaN
Jun 12th 15:31:24.226 UTC 2 14 40 727 719 1900.576 2867.985 0 289.3931 131.7715 0 0 65 0 0 735 244.5092 1.663328
Jun 12th 15:31:14.180 UTC 3 12 0 480 471 1237.314 2187.673 10 202.1994 17.15115 2 2 67 0 0 0 0 NaN
Jun 12th 15:30:24.239 UTC 2 14 39 726 718 1898.266 2863.508 0 289.4311 131.9476 0 0 65 0 0 715 238.7367 1.669488
Jun 12th 15:30:14.170 UTC 3 13 0 480 470 1237.314 2180.719 10 202.1994 17.15115 2 2 67 0 0 0 0 NaN
Jun 12th 15:29:23.373 UTC 2 15 40 723 714 1886.836 2847.348 0 289.3229 132.2374 0 0 64 0 0 715 238.7367 1.669488
Jun 12th 15:29:14.171 UTC 3 12 0 477 469 1231.469 2174.42 10 202.1262 17.20942 2 2 67 0 0 0 0 NaN
Jun 12th 15:28:23.373 UTC 2 15 39 719 712 1871.356 2836.412 0 289.8712 132.5533 0 0 64 0 0 705 235.2817 1.668665
Jun 12th 15:28:14.161 UTC 3 12 0 475 468 1227.869 2173.45 10 202.0407 17.24395 2 2 67 0 0 0 0 NaN
Jun 12th 15:27:23.362 UTC 2 15 39 717 709 1866.574 2820.919 0 289.9126 132.8932 0 0 64 0 0 700 233.6887 1.669205
Jun 12th 15:27:13.556 UTC 3 13 3 473 464 1216.81 2153.923 10 202.1079 17.12099 2 2 66 0 0 0 0 NaN
Jun 12th 15:26:23.374 UTC 2 15 38 716 708 1861.376 2815.031 0 290.0149 133.0413 0 0 64 0 0 700 233.6887 1.669205
Jun 12th 15:26:12.824 UTC 3 15 2 473 460 1216.81 2140.734 10 202.1079 16.94957 2 2 65 0 0 0 0 NaN
Jun 12th 15:25:23.372 UTC 2 14 38 714 706 1855.043 2805.133 0 290.2269 133.0073 0 0 64 0 0 700 233.6887 1.669205
Jun 12th 15:25:12.814 UTC 3 15 0 469 459 1202.323 2136.369 10 201.7711 16.95121 2 2 65 0 0 0 0 NaN
Jun 12th 15:24:22.445 UTC 2 15 39 712 703 1852.073 2795.55 0 290.2197 133.3434 0 0 63 0 0 695 231.2362 1.66357
Jun 12th 15:24:12.813 UTC 3 14 0 466 458 1191.444 2134.777 10 202.1362 16.99685 2 2 65 0 0 0 0 NaN
Jun 12th 15:23:22.454 UTC 2 14 40 708 701 1842.316 2787.192 0 290.5313 133.6168 0 0 63 0 0 690 228.4762 1.655625
Jun 12th 15:23:12.813 UTC 3 13 0 461 457 1186.694 2131.439 10 200.9276 17.04504 2 2 65 0 0 0 0 NaN
Jun 12th 15:22:22.444 UTC 2 15 40 707 698 1841.116 2770.292 0 290.6556 133.9611 0 0 63 0 0 685 223.7985 1.633566
Jun 12th 15:22:12.822 UTC 3 12 0 460 455 1185.354 2125.465 10 200.8731 17.14025 2 2 65 0 0 0 0 NaN
Jun 12th 15:21:22.444 UTC 2 15 39 703 697 1833.916 2765.106 0 290.9465 133.9473 0 0 63 0 0 680 223.1985 1.641165
Jun 12th 15:21:12.813 UTC 3 15 1 459 449 1180.872 2089.97 10 200.3728 17.0807 2 2 65 0 0 0 0 NaN
Jun 12th 15:20:22.455 UTC 2 14 40 701 694 1824.928 2748.158 0 291.1851 134.3163 0 0 63 0 0 680 223.1985 1.641165
Jun 12th 15:20:12.813 UTC 3 15 2 458 445 1179.782 2074.669 10 200.0936 16.56557 2 2 65 0 0 0 0 NaN
Jun 12th 15:19:22.444 UTC 2 15 37 700 692 1823.388 2739.568 0 291.273 134.4881 0 0 63 0 0 675 220.4985 1.633322
Jun 12th 15:19:12.813 UTC 3 13 5 455 444 1175.572 2068.746 10 200.3943 15.01146 2 2 65 0 0 0 0 NaN
Jun 12th 15:18:22.445 UTC 2 12 40 698 690 1817.718 2729.765 0 288.8109 135.1306 0 0 63 0 0 675 220.4985 1.633322
Jun 12th 15:18:12.824 UTC 3 14 5 453 440 1169.193 2041.673 10 200.3641 14.6007 2 2 65 0 0 0 0 NaN
Jun 12th 15:17:21.516 UTC 2 15 40 697 686 1815.018 2716.375 0 288.9023 135.2251 0 0 62 0 0 660 211.3219 1.600923
Jun 12th 15:17:12.814 UTC 3 14 6 452 438 1164.213 2033.494 10 200.2053 14.08571 2 2 65 0 0 0 0 NaN
Jun 12th 15:16:21.518 UTC 2 14 39 691 686 1799.632 2716.375 0 288.7061 135.3885 0 0 62 0 0 650 208.0694 1.600533
Jun 12th 15:16:12.817 UTC 3 15 6 449 436 1158.398 2023.353 10 200.0124 13.86824 2 2 65 0 0 0 0 NaN
Jun 12th 15:15:21.508 UTC 2 15 36 689 684 1797.342 2710.481 0 289.0998 135.5624 0 0 62 0 0 650 208.0694 1.600533
Jun 12th 15:15:12.807 UTC 3 15 4 444 436 1146.803 2023.353 10 199.5894 13.86824 2 2 65 0 0 0 0 NaN
Jun 12th 15:14:21.515 UTC 2 14 38 685 681 1786.975 2699.886 0 288.9509 133.6326 0 0 62 0 0 650 208.0694 1.600533
Jun 12th 15:14:12.814 UTC 3 15 2 442 435 1137.083 2014.893 10 199.3636 13.66667 2 1 65 0 0 0 0 NaN
Jun 12th 15:13:21.515 UTC 2 15 37 685 677 1786.975 2686.043 0 288.9509 134.136 0 0 62 0 0 650 208.0694 1.600533
Jun 12th 15:13:12.819 UTC 3 15 1 439 435 1123.407 2014.893 10 198.7962 13.66667 2 1 65 0 0 0 0 NaN
Jun 12th 15:12:21.516 UTC 2 15 40 683 673 1781.822 2667.752 0 289.3479 133.7728 0 0 62 0 0 650 208.0694 1.600533
Jun 12th 15:12:12.813 UTC 3 13 0 439 434 1123.407 2007.311 10 198.7962 13.71544 2 1 65 0 0 0 0 NaN
Jun 12th 15:11:21.517 UTC 2 15 39 680 670 1776.175 2653.82 0 289.9486 133.8921 0 0 62 0 0 650 208.0694 1.600533
Jun 12th 15:11:12.824 UTC 3 11 1 439 433 1123.407 2001.848 10 198.7962 13.78263 2 1 65 0 0 0 0 NaN
Jun 12th 15:10:21.516 UTC 2 14 39 677 669 1771.475 2648.577 0 290.1627 133.8 0 0 62 0 0 650 208.0694 1.600533
Jun 12th 15:10:12.814 UTC 3 10 0 436 432 1116.94 1992.798 10 198.3912 13.80626 2 1 65 0 0 0 0 NaN
Jun 12th 15:09:21.517 UTC 2 15 40 674 666 1765.522 2632.139 0 290.7163 134.0817 0 0 62 0 0 635 203.3168 1.60092
Jun 12th 15:09:12.814 UTC 3 10 0 436 430 1116.94 1986.096 10 198.3912 13.85488 2 1 65 0 0 0 0 NaN
Jun 12th 15:08:21.507 UTC 2 15 38 672 665 1764.002 2627.279 0 288.4653 134.2305 0 0 62 0 0 635 203.3168 1.60092
Jun 12th 15:08:12.815 UTC 3 8 0 436 429 1116.94 1982.308 10 198.3912 13.90807 2 1 65 0 0 0 0 NaN
Jun 12th 15:07:21.517 UTC 2 15 40 670 660 1760.972 2608.927 0 288.2887 134.9029 0 0 62 0 0 630 202.1169 1.604102
Jun 12th 15:07:12.823 UTC 3 11 0 434 426 1115.24 1973.696 10 198.621 13.90807 2 1 65 0 0 0 0 NaN
Jun 12th 15:06:21.506 UTC 2 15 40 668 659 1757.867 2604.469 0 287.4026 134.9875 0 0 62 0 0 620 201.6646 1.626327
Jun 12th 15:06:11.997 UTC 3 10 0 432 425 1108.72 1972.058 10 198.6751 13.95055 2 1 64 0 0 0 0 NaN
Jun 12th 15:05:21.506 UTC 2 14 38 665 659 1752.06 2604.469 0 286.7446 133.8168 0 0 62 0 0 610 195.5333 1.602732
Jun 12th 15:05:11.986 UTC 3 9 1 429 424 1100.791 1966.627 10 198.9291 13.98368 2 1 64 0 0 0 0 NaN
Jun 12th 15:04:21.515 UTC 2 15 37 662 656 1743.076 2595.113 0 287.2021 133.0508 0 0 62 0 0 605 193.9933 1.603251
Jun 12th 15:04:12.006 UTC 3 10 1 426 422 1094.436 1954.989 10 199.0119 14.01077 2 1 64 0 0 0 0 NaN
Jun 12th 15:03:21.515 UTC 2 15 39 658 652 1730.84 2584.196 0 287.6603 132.3143 0 0 62 0 0 605 193.9933 1.603251
Jun 12th 15:03:11.996 UTC 3 8 1 426 421 1094.436 1947.889 10 199.0119 14.06964 2 1 64 0 0 0 0 NaN
Jun 12th 15:02:21.515 UTC 2 14 39 657 650 1723.37 2574.408 0 287.9893 132.2847 0 0 62 0 0 605 193.9933 1.603251
Jun 12th 15:02:11.995 UTC 3 6 1 426 420 1094.436 1941.152 10 199.0119 14.15258 2 1 64 0 0 0 0 NaN
Jun 12th 15:01:21.515 UTC 2 13 39 654 647 1720.17 2562.547 0 288.6287 132.4599 0 0 62 0 0 605 193.9933 1.603251
Jun 12th 15:01:11.987 UTC 3 8 0 425 418 1090.757 1922.29 10 198.9642 14.15258 2 1 64 0 0 0 0 NaN
Jun 12th 15:00:20.485 UTC 2 15 40 652 642 1713.745 2548.072 0 288.9657 132.6803 0 0 61 0 0 595 193.0934 1.622633
Jun 12th 15:00:11.997 UTC 3 8 0 424 418 1087.078 1922.29 10 198.9309 14.15258 2 1 64 0 0 0 0 NaN
Jun 12th 14:59:20.497 UTC 2 15 39 648 639 1700.003 2533.798 0 289.958 133.2392 0 0 61 0 0 585 189.4146 1.618928
Jun 12th 14:59:11.997 UTC 3 11 0 423 415 1085.443 1904.378 10 198.6217 14.15258 2 1 64 0 0 0 0 NaN
Jun 12th 14:58:20.497 UTC 2 15 40 645 635 1692.013 2523.638 0 290.5189 133.8923 0 0 61 0 0 580 188.6946 1.626678
Jun 12th 14:58:11.373 UTC 3 12 0 421 413 1077.67 1896.132 10 198.2432 14.18034 2 1 63 0 0 0 0 NaN
Jun 12th 14:57:20.486 UTC 2 15 39 640 634 1675.56 2522.24 0 290.8871 134.0618 0 0 61 0 0 570 186.3152 1.634344
Jun 12th 14:57:11.395 UTC 3 13 0 421 411 1077.67 1884.679 10 198.2432 14.19807 2 1 63 0 0 0 0 NaN
Jun 12th 14:56:20.498 UTC 2 15 40 638 629 1665.908 2499.175 0 291.304 134.8445 0 0 61 0 0 570 186.3152 1.634344
Jun 12th 14:56:11.385 UTC 3 13 0 420 410 1076.58 1881.954 10 198.2951 14.22759 2 1 63 0 0 0 0 NaN
Jun 12th 14:55:20.498 UTC 2 15 37 634 628 1659.413 2493.638 0 291.6842 135.0482 0 0 61 0 0 560 180.0027 1.607167
Jun 12th 14:55:10.476 UTC 3 15 2 417 407 1065.403 1864.253 10 198.0672 14.06176 2 1 62 0 0 0 0 NaN
Jun 12th 14:54:20.486 UTC 2 14 39 634 624 1659.413 2474.016 0 291.6842 135.2534 0 0 61 0 0 560 180.0027 1.607167
Jun 12th 14:54:10.486 UTC 3 14 1 413 407 1060.143 1864.253 10 197.448 14.07902 2 1 62 0 0 0 0 NaN
Jun 12th 14:53:20.486 UTC 2 15 37 631 622 1647.96 2463.373 0 292.1284 135.444 0 0 61 0 0 560 180.0027 1.607167
Jun 12th 14:53:10.486 UTC 3 13 0 412 405 1057.443 1850.451 10 197.4419 14.13633 2 1 62 0 0 0 0 NaN
Jun 12th 14:52:19.589 UTC 2 14 39 629 620 1643.405 2455.21 0 291.4294 135.6297 0 0 60 0 0 560 180.0027 1.607167
Jun 12th 14:52:10.486 UTC 3 12 0 410 404 1053.873 1845.323 10 197.2995 14.18163 2 1 62 0 0 0 0 NaN
Jun 12th 14:51:18.618 UTC 2 15 39 627 618 1640.666 2449.176 0 289.5608 135.8189 0 0 59 0 0 540 173.2347 1.604025
Jun 12th 14:51:10.475 UTC 3 14 0 409 402 1052.973 1837.393 10 197.2153 14.18163 2 1 62 0 0 0 0 NaN
Jun 12th 14:50:18.618 UTC 2 15 38 621 616 1628.443 2442.995 0 288.938 136.0629 0 0 59 0 0 540 173.2347 1.604025
Jun 12th 14:50:10.485 UTC 3 13 0 408 401 1047.776 1832.424 10 197.021 14.21564 2 1 62 0 0 0 0 NaN
Jun 12th 14:49:18.607 UTC 2 14 37 620 615 1626.807 2439.568 0 288.631 136.4292 0 0 59 0 0 540 173.2347 1.604025
Jun 12th 14:49:10.475 UTC 3 11 1 406 400 1044.423 1825.848 10 196.926 14.29246 2 1 62 0 0 0 0 NaN
Jun 12th 14:48:17.761 UTC 2 13 37 617 614 1615.715 2438.444 0 288.9445 133.7054 0 0 58 0 0 540 173.2347 1.604025
Jun 12th 14:48:10.485 UTC 3 10 0 403 399 1038.455 1821.913 10 196.7776 14.33988 2 1 62 0 0 0 0 NaN
Jun 12th 14:47:17.762 UTC 2 14 37 614 609 1605.725 2419.61 0 289.744 134.5246 0 0 58 0 0 540 173.2347 1.604025
Jun 12th 14:47:10.485 UTC 3 9 0 403 399 1038.455 1821.913 10 196.7776 14.36634 2 1 62 0 0 0 0 NaN
Jun 12th 14:46:17.753 UTC 2 13 39 612 604 1599.627 2403.703 0 290.2442 133.69 0 0 58 0 0 540 173.2347 1.604025
Jun 12th 14:46:09.831 UTC 3 10 1 402 396 1036.655 1808.845 10 196.764 14.4082 2 1 61 0 0 0 0 NaN
Jun 12th 14:45:17.751 UTC 2 15 39 612 599 1599.627 2379.003 0 290.2442 133.9725 0 0 58 0 0 540 173.2347 1.604025
Jun 12th 14:45:09.839 UTC 3 8 1 401 396 1031.075 1808.845 10 196.8528 14.45037 2 1 61 0 0 0 0 NaN
Jun 12th 14:44:17.751 UTC 2 15 39 608 597 1584.924 2374.299 0 291.0736 134.1412 0 0 58 0 0 535 173.2347 1.619016
Jun 12th 14:44:09.839 UTC 3 6 1 399 395 1025.371 1802.731 10 197.046 14.52197 2 1 61 0 0 0 0 NaN
Jun 12th 14:43:17.761 UTC 2 14 40 605 595 1573.194 2369.458 0 290.2679 134.4957 0 0 58 0 0 530 173.2347 1.63429
Jun 12th 14:43:09.830 UTC 3 4 0 399 395 1025.371 1802.731 10 197.046 14.55787 2 1 61 0 0 0 0 NaN
Jun 12th 14:42:17.750 UTC 2 15 40 598 594 1553.402 2365.352 0 291.5467 134.4957 0 0 58 0 0 505 157.4892 1.559299
Jun 12th 14:42:09.841 UTC 3 7 0 397 392 1023.221 1784.248 10 196.8546 14.55787 2 1 61 0 0 0 0 NaN
Jun 12th 14:41:17.750 UTC 2 15 39 595 591 1548.411 2358.315 0 291.2292 135.0087 0 0 58 0 0 500 153.7692 1.537692
Jun 12th 14:41:09.842 UTC 3 10 0 397 389 1023.221 1772.256 10 196.8546 14.55787 2 1 61 0 0 0 0 NaN
Jun 12th 14:40:17.739 UTC 2 15 36 595 589 1548.411 2349.699 0 291.2292 135.39 0 0 58 0 0 500 153.7692 1.537692
Jun 12th 14:40:09.832 UTC 3 9 0 395 389 1016.043 1772.256 10 197.1275 14.59215 2 1 61 0 0 0 0 NaN
Jun 12th 14:39:17.751 UTC 2 13 39 591 586 1541.7 2336.108 0 292.0052 135.0622 0 0 58 0 0 500 153.7692 1.537692
Jun 12th 14:39:09.108 UTC 3 10 0 394 386 1008.416 1753.581 10 197.0964 14.63237 2 1 60 0 0 0 0 NaN
Jun 12th 14:38:17.761 UTC 2 15 40 590 579 1540.35 2312.092 0 292.1242 135.2221 0 0 58 0 0 495 151.5092 1.530396
Jun 12th 14:38:09.100 UTC 3 9 1 393 386 1007.216 1753.581 10 197.0656 14.65639 2 1 60 0 0 0 0 NaN
Jun 12th 14:37:17.750 UTC 2 15 38 587 576 1536.181 2296.481 0 292.7476 135.4592 0 0 58 0 0 495 151.5092 1.530396
Jun 12th 14:37:09.097 UTC 3 9 0 390 386 996.3184 1753.581 10 196.5758 14.65639 2 1 60 0 0 0 0 NaN
Jun 12th 14:36:15.913 UTC 2 12 40 585 575 1530.151 2291.595 0 293.3092 135.6865 0 0 56 0 0 495 151.5092 1.530396
Jun 12th 14:36:09.098 UTC 3 11 0 390 383 996.3184 1738.248 10 196.5758 14.67842 2 1 60 0 0 0 0 NaN
Jun 12th 14:35:15.935 UTC 2 15 40 582 570 1525.266 2273.435 0 292.5608 135.9304 0 0 56 0 0 485 150.0017 1.54641
Jun 12th 14:35:08.404 UTC 3 11 1 388 381 983.4933 1729.342 10 196.5049 14.72544 2 1 59 0 0 0 0 NaN
Jun 12th 14:34:15.924 UTC 2 15 39 577 570 1511.054 2273.435 0 292.788 135.9304 0 0 56 0 0 475 145.9772 1.536603
Jun 12th 14:34:07.526 UTC 3 10 1 388 381 983.4933 1729.342 10 196.5049 14.74427 2 1 58 0 0 0 0 NaN
Jun 12th 14:33:15.925 UTC 2 15 36 574 569 1504.825 2270.362 0 292.9325 136.0829 0 0 56 0 0 475 145.9772 1.536603
Jun 12th 14:33:07.526 UTC 3 11 0 386 379 978.1249 1715.511 10 195.7401 14.75805 2 1 58 0 0 0 0 NaN
Jun 12th 14:32:15.924 UTC 2 14 34 570 569 1489.846 2270.362 0 292.8619 135.8842 0 0 56 0 0 475 145.9772 1.536603
Jun 12th 14:32:06.739 UTC 3 10 0 383 378 963.6236 1711.526 10 195.6172 14.80524 2 1 57 0 0 0 0 NaN
Jun 12th 14:31:15.026 UTC 2 13 36 570 565 1489.846 2251.005 0 292.8619 136.3567 0 0 55 0 0 475 145.9772 1.536603
Jun 12th 14:31:06.739 UTC 3 10 0 382 377 961.1711 1704.138 10 195.6817 14.8186 2 1 57 0 0 0 0 NaN
Jun 12th 14:30:13.925 UTC 2 15 34 569 562 1487.536 2235.741 0 293.0346 136.5759 0 0 54 0 0 475 145.9772 1.536603
Jun 12th 14:30:06.731 UTC 3 12 0 382 374 961.1711 1686.651 10 195.6817 14.83736 2 1 57 0 0 0 0 NaN
Jun 12th 14:29:13.925 UTC 2 15 36 568 556 1485.766 2213.863 0 293.3352 136.4535 0 0 54 0 0 475 145.9772 1.536603
Jun 12th 14:29:06.747 UTC 3 10 1 380 373 953.9485 1684.174 10 195.5361 14.91753 2 1 57 0 0 0 0 NaN
Jun 12th 14:28:12.985 UTC 2 15 40 565 553 1481.116 2197.592 0 294.0643 136.8015 0 0 53 0 0 465 145.9772 1.569648
Jun 12th 14:28:06.120 UTC 3 9 0 379 373 953.0485 1684.174 10 195.3191 14.93583 2 1 56 0 0 0 0 NaN
Jun 12th 14:27:12.974 UTC 2 15 40 564 552 1479.481 2193.051 0 294.4005 137.0113 0 0 53 0 0 450 143.9523 1.59947
Jun 12th 14:27:05.170 UTC 3 9 0 377 373 948.2661 1684.174 10 195.6207 14.93583 2 1 55 0 0 0 0 NaN
Jun 12th 14:26:12.975 UTC 2 15 39 559 551 1474.139 2188.896 0 277.7462 137.2325 0 0 53 0 0 435 137.848 1.58446
Jun 12th 14:26:05.190 UTC 3 9 0 376 372 946.631 1680.942 10 195.353 14.95156 2 1 55 0 0 0 0 NaN
Jun 12th 14:25:12.965 UTC 2 15 39 556 548 1466.96 2182.042 0 277.3107 137.7176 0 0 53 0 0 435 137.848 1.58446
Jun 12th 14:25:05.181 UTC 3 9 0 374 370 944.196 1671.547 10 194.9888 15.00667 2 1 55 0 0 0 0 NaN
Jun 12th 14:24:12.976 UTC 2 15 35 553 548 1459.303 2182.042 0 276.7135 137.7176 0 0 53 0 0 435 137.848 1.58446
Jun 12th 14:24:05.170 UTC 3 12 0 373 365 943.5961 1651.293 10 195.1666 15.03613 2 1 55 0 0 0 0 NaN
Jun 12th 14:23:12.975 UTC 2 15 34 549 545 1445.353 2171.211 0 277.5788 138.3937 0 0 53 0 0 435 137.848 1.58446
Jun 12th 14:23:04.364 UTC 3 12 0 371 364 932.4473 1646.2 10 195.8268 15.06541 2 1 54 0 0 0 0 NaN
Jun 12th 14:22:12.975 UTC 2 15 36 548 541 1441.675 2152.823 0 277.8077 121.2357 0 0 53 0 0 435 137.848 1.58446
Jun 12th 14:22:03.679 UTC 3 10 0 369 363 927.0473 1644.049 10 196.2213 15.15561 2 1 53 0 0 0 0 NaN
Jun 12th 14:21:12.986 UTC 2 15 38 546 537 1433.695 2136.341 0 278.3857 121.3596 0 0 53 0 0 435 137.848 1.58446
Jun 12th 14:21:03.690 UTC 3 9 0 368 361 925.6973 1627.012 10 196.2963 15.2364 2 1 53 0 0 0 0 NaN
Jun 12th 14:20:12.976 UTC 2 15 40 546 533 1433.695 2117.402 0 278.3857 121.7283 0 0 53 0 0 430 136.048 1.581953
Jun 12th 14:20:03.687 UTC 3 7 0 366 361 916.1798 1627.012 10 196.0708 15.29469 2 1 53 0 0 0 0 NaN
Jun 12th 14:19:12.976 UTC 2 15 40 543 531 1425.031 2109.584 0 278.9763 122.0868 0 0 53 0 0 420 126.6205 1.507387
Jun 12th 14:19:03.679 UTC 3 9 0 365 358 912.1973 1617.116 10 196.0477 15.32139 2 1 53 0 0 0 0 NaN
Jun 12th 14:18:12.966 UTC 2 15 40 539 530 1419.536 2108.304 0 275.648 122.2817 0 0 53 0 0 400 116.1955 1.452444
Jun 12th 14:18:03.678 UTC 3 10 0 365 356 912.1973 1610.507 10 196.0477 15.33736 2 1 53 0 0 0 0 NaN
Jun 12th 14:17:12.976 UTC 2 14 40 535 529 1411.449 2104.638 0 275.3447 122.4527 0 0 53 0 0 390 111.1105 1.424494
Jun 12th 14:17:02.904 UTC 3 12 0 363 354 907.2843 1605.737 10 195.9242 15.33736 2 1 52 0 0 0 0 NaN
Jun 12th 14:16:12.976 UTC 2 14 39 531 526 1400.341 2093.469 0 275.8014 122.982 0 0 53 0 0 390 111.1105 1.424494
Jun 12th 14:16:02.894 UTC 3 14 2 358 349 891.3955 1577.154 10 196.3272 15.12378 2 1 52 0 0 0 0 NaN
Jun 12th 14:15:12.976 UTC 2 15 35 528 524 1391.484 2082.6 0 276.4544 123.1715 0 0 53 0 0 390 111.1105 1.424494
Jun 12th 14:15:02.089 UTC 3 13 3 357 348 890.3235 1570.264 10 194.0581 15.13091 2 1 51 0 0 0 0 NaN
Jun 12th 14:14:12.966 UTC 2 13 38 527 522 1389.849 2073.971 0 276.6215 119.4879 0 0 53 0 0 390 111.1105 1.424494
Jun 12th 14:14:02.100 UTC 3 14 1 355 346 886.2135 1558.288 10 194.2863 15.16205 2 1 51 0 0 0 0 NaN
Jun 12th 14:13:11.985 UTC 2 14 39 527 516 1389.849 2050.491 0 276.6215 119.9694 0 0 52 0 0 390 111.1105 1.424494
Jun 12th 14:13:02.099 UTC 3 13 0 353 346 881.3347 1558.288 10 194.2236 15.1768 2 1 51 0 0 0 0 NaN
Jun 12th 14:12:11.986 UTC 2 15 38 523 514 1377.057 2045.063 0 277.3244 120.1851 0 0 52 0 0 390 111.1105 1.424494
Jun 12th 14:12:01.272 UTC 3 12 1 351 345 877.5048 1553.929 10 194.0884 15.24485 2 1 50 0 0 0 0 NaN
Jun 12th 14:11:11.975 UTC 2 15 40 520 511 1366.032 2032.649 0 277.9333 120.6185 0 0 52 0 0 375 107.0105 1.426807
Jun 12th 14:11:01.262 UTC 3 12 0 349 344 873.0422 1545.76 10 193.7341 15.27056 2 1 50 0 0 0 0 NaN
Jun 12th 14:10:11.984 UTC 2 15 39 517 509 1359.906 2022.671 0 278.0351 120.8809 0 0 52 0 0 375 107.0105 1.426807
Jun 12th 14:10:00.414 UTC 3 12 0 347 342 870.1822 1536.365 10 193.2583 15.33864 2 1 49 0 0 0 0 NaN
Jun 12th 14:09:11.986 UTC 2 15 39 514 508 1355.269 2020.845 0 277.636 121.0071 0 0 52 0 0 365 103.2665 1.41461
Jun 12th 14:09:00.414 UTC 3 11 0 347 341 870.1822 1530.685 10 193.2583 15.3847 2 1 49 0 0 0 0 NaN
Jun 12th 14:08:11.976 UTC 2 15 37 510 505 1348.572 2014.53 0 278.3681 121.6176 0 0 52 0 0 365 103.2665 1.41461
Jun 12th 14:08:00.415 UTC 3 14 1 346 337 867.8722 1508.168 10 193.3056 15.41075 2 1 49 0 0 0 0 NaN
Jun 12th 14:07:11.986 UTC 2 15 37 509 502 1342.598 2001.826 0 278.7611 122.1364 0 0 52 0 0 365 103.2665 1.41461
Jun 12th 14:06:59.650 UTC 3 13 0 344 337 860.481 1508.168 10 193.3235 15.43413 2 1 48 0 0 0 0 NaN
Jun 12th 14:06:11.975 UTC 2 15 37 504 499 1329.436 1984.495 0 279.783 122.2411 0 0 52 0 0 365 103.2665 1.41461
Jun 12th 14:05:59.649 UTC 3 12 1 344 335 860.481 1503.531 10 193.3235 15.52577 2 1 48 0 0 0 0 NaN
Jun 12th 14:05:11.985 UTC 2 15 40 504 493 1329.436 1963.338 0 279.783 122.8756 0 0 52 0 0 365 103.2665 1.41461
Jun 12th 14:04:59.648 UTC 3 11 0 339 335 850.7784 1503.531 10 193.4777 15.54611 2 1 48 0 0 0 0 NaN
Jun 12th 14:04:11.027 UTC 2 15 40 503 491 1327.636 1956.797 0 279.8548 123.2193 0 0 51 0 0 360 99.28401 1.378945
Jun 12th 14:03:59.637 UTC 3 9 0 338 335 848.9384 1503.531 10 193.2813 15.60506 2 1 48 0 0 0 0 NaN
Jun 12th 14:03:10.181 UTC 2 15 40 499 489 1306.182 1947.597 0 281.243 123.2723 0 0 50 0 0 360 99.28401 1.378945
Jun 12th 14:02:58.995 UTC 3 8 0 336 334 845.5134 1494.698 10 193.075 15.66114 2 1 47 0 0 0 0 NaN
Jun 12th 14:02:10.171 UTC 2 15 39 493 488 1286.896 1944.163 0 278.2967 123.4938 0 0 50 0 0 350 96.27402 1.375343
Jun 12th 14:01:58.986 UTC 3 7 0 336 334 845.5134 1494.698 10 193.075 15.69058 2 1 47 0 0 0 0 NaN
Jun 12th 14:01:09.252 UTC 2 14 40 492 486 1285.696 1935.879 0 278.4587 124.0876 0 0 49 0 0 350 96.27402 1.375343
Jun 12th 14:00:58.987 UTC 3 7 0 336 332 845.5134 1485.301 10 193.075 15.77343 2 1 47 0 0 0 0 NaN
Jun 12th 14:00:08.180 UTC 2 15 39 490 483 1276.26 1920.092 0 278.2315 124.4704 0 0 48 0 0 340 92.43176 1.359291
Jun 12th 13:59:58.996 UTC 3 7 0 336 331 845.5134 1480.657 10 193.075 15.81491 2 1 47 0 0 0 0 NaN
Jun 12th 13:59:08.169 UTC 2 15 38 488 482 1272.088 1914.106 0 278.2695 124.6226 0 0 48 0 0 340 92.43176 1.359291
Jun 12th 13:58:58.107 UTC 3 9 1 336 327 845.5134 1469.801 10 193.075 15.88105 2 1 46 0 0 0 0 NaN
Jun 12th 13:58:07.209 UTC 2 15 40 486 477 1267.056 1888.267 0 278.6231 122.1589 0 0 47 0 0 335 90.79676 1.355175
Jun 12th 13:57:58.107 UTC 3 9 0 334 327 842.8884 1469.801 10 193.5067 15.88105 2 1 46 0 0 0 0 NaN
Jun 12th 13:57:07.219 UTC 2 15 40 485 474 1265.856 1882.246 0 278.7262 122.2916 0 0 47 0 0 335 90.79676 1.355175
Jun 12th 13:56:57.201 UTC 3 9 0 329 326 822.4697 1467.59 10 193.4102 15.91711 2 1 45 0 0 0 0 NaN
Jun 12th 13:56:07.209 UTC 2 15 37 484 473 1264.875 1878.311 0 274.5288 122.1101 0 0 47 0 0 335 90.79676 1.355175
Jun 12th 13:55:57.210 UTC 3 10 0 328 323 821.3796 1455.936 10 193.6139 15.98079 2 1 45 0 0 0 0 NaN
Jun 12th 13:55:05.342 UTC 2 15 39 478 470 1254.615 1864.264 0 273.595 122.5673 0 0 45 0 0 335 90.79676 1.355175
Jun 12th 13:54:57.204 UTC 3 11 0 327 320 818.6572 1440.507 10 193.9252 16.04578 2 1 45 0 0 0 0 NaN
Jun 12th 13:54:05.331 UTC 2 15 39 474 468 1240.548 1856.26 0 273.4812 123.0153 0 0 45 0 0 325 89.14576 1.371473
Jun 12th 13:53:57.199 UTC 3 10 1 326 318 816.8572 1432.296 10 194.2004 16.15848 2 1 45 0 0 0 0 NaN
Jun 12th 13:53:05.332 UTC 2 15 38 472 467 1233.581 1851.142 0 274.0788 123.1609 0 0 45 0 0 320 87.37576 1.365246
Jun 12th 13:52:57.209 UTC 3 10 0 324 317 814.1572 1429.963 10 194.624 16.17843 2 1 45 0 0 0 0 NaN
Jun 12th 13:52:05.323 UTC 2 15 37 471 465 1229.058 1840.882 0 274.4813 119.3434 0 0 45 0 0 320 87.37576 1.365246
Jun 12th 13:51:57.207 UTC 3 9 0 320 316 806.1084 1426.53 10 195.3 16.25526 2 1 45 0 0 0 0 NaN
Jun 12th 13:51:05.342 UTC 2 12 38 469 462 1226.133 1828.919 0 274.3333 118.3202 0 0 45 0 0 320 87.37576 1.365246
Jun 12th 13:50:57.207 UTC 3 8 0 320 315 806.1084 1424.385 10 195.3 16.32683 2 1 45 0 0 0 0 NaN
Jun 12th 13:50:05.323 UTC 2 15 40 467 456 1221.833 1807.101 0 271.9567 118.5523 0 0 45 0 0 315 87.37576 1.386917
Jun 12th 13:49:57.197 UTC 3 7 0 318 314 802.7559 1423.029 10 195.3759 16.4023 2 1 45 0 0 0 0 NaN
Jun 12th 13:49:05.341 UTC 2 15 40 464 454 1214.206 1799.538 0 272.6694 118.7685 0 0 45 0 0 310 87.37576 1.409286
Jun 12th 13:48:55.769 UTC 3 6 0 316 314 796.6934 1419.86 5 196.1428 16.47331 1 1 43 0 0 0 0 NaN
Jun 12th 13:48:05.331 UTC 2 15 39 461 454 1208.936 1799.538 0 273.3986 118.7685 0 0 45 0 0 305 85.58364 1.40301
Jun 12th 13:47:55.759 UTC 3 7 1 315 310 793.0146 1405.593 5 195.5084 16.57666 1 1 43 0 0 0 0 NaN
Jun 12th 13:47:04.474 UTC 2 15 39 457 451 1198.998 1790.127 0 273.4026 119.1671 0 0 44 0 0 305 85.58364 1.40301
Jun 12th 13:46:55.760 UTC 3 9 0 314 307 790.3596 1391.025 5 195.9415 16.62249 1 1 43 0 0 0 0 NaN
Jun 12th 13:46:04.484 UTC 2 14 39 454 448 1190.253 1773.885 0 274.0555 117.3085 0 0 44 0 0 305 85.58364 1.40301
Jun 12th 13:45:55.768 UTC 3 12 0 312 303 787.6895 1370.127 5 196.2337 16.65606 1 1 43 0 0 0 0 NaN
Jun 12th 13:45:03.524 UTC 2 15 40 452 445 1185.963 1760.785 0 274.503 117.7039 0 0 43 0 0 295 81.39413 1.379562
Jun 12th 13:44:55.158 UTC 3 12 0 312 302 787.6895 1368.576 5 196.2337 16.70263 1 1 42 0 0 0 0 NaN
Jun 12th 13:44:03.524 UTC 2 15 38 451 443 1183.308 1753.078 0 274.6331 118.129 0 0 43 0 0 290 80.49413 1.38783
Jun 12th 13:43:55.158 UTC 3 13 1 310 299 783.3695 1359.357 5 196.6749 16.53599 1 1 42 0 0 0 0 NaN
Jun 12th 13:43:03.535 UTC 2 15 38 450 439 1180.653 1735.731 0 274.8755 118.4066 0 0 43 0 0 290 80.49413 1.38783
Jun 12th 13:42:55.169 UTC 3 15 2 305 296 771.0208 1344.888 5 196.8591 16.50779 1 1 42 0 0 0 0 NaN
Jun 12th 13:42:03.527 UTC 2 15 37 446 437 1165.943 1727.585 0 272.4212 118.836 0 0 43 0 0 290 80.49413 1.38783
Jun 12th 13:41:55.158 UTC 3 15 1 302 294 766.6508 1337.766 5 194.2961 16.38348 1 1 42 0 0 0 0 NaN
Jun 12th 13:41:03.526 UTC 2 15 36 444 436 1162.943 1723.723 0 271.5027 118.9469 0 0 43 0 0 290 80.49413 1.38783
Jun 12th 13:40:55.168 UTC 3 13 0 300 294 760.6533 1337.766 5 194.744 16.46465 1 1 42 0 0 0 0 NaN
Jun 12th 13:40:02.629 UTC 2 15 34 439 434 1152.83 1718.519 0 271.3623 119.4039 0 0 42 0 0 290 80.49413 1.38783
Jun 12th 13:39:55.168 UTC 3 13 1 297 292 756.0082 1328.196 5 194.9958 16.56046 1 1 42 0 0 0 0 NaN
Jun 12th 13:39:02.619 UTC 2 14 34 436 433 1143.882 1714.166 0 272.0698 117.9814 0 0 42 0 0 290 80.49413 1.38783
Jun 12th 13:38:55.157 UTC 3 9 1 296 292 755.4082 1328.196 5 195.1292 16.69653 1 1 42 0 0 0 0 NaN
Jun 12th 13:38:02.627 UTC 2 15 35 435 428 1140.417 1697.748 0 272.0368 116.9643 0 0 42 0 0 290 80.49413 1.38783
Jun 12th 13:37:55.157 UTC 3 8 1 294 291 750.9382 1326.903 5 195.0264 16.76586 1 1 42 0 0 0 0 NaN
Jun 12th 13:37:02.627 UTC 2 15 37 433 424 1136.052 1685.522 0 272.451 117.3114 0 0 42 0 0 290 80.49413 1.38783
Jun 12th 13:36:55.168 UTC 3 7 1 293 289 749.7382 1312.227 5 195.5061 16.86504 1 1 42 0 0 0 0 NaN
Jun 12th 13:36:01.749 UTC 2 15 40 431 420 1133.612 1670.326 0 273.267 116.8604 0 0 41 0 0 285 80.49413 1.412178
Jun 12th 13:35:55.167 UTC 3 6 0 293 288 749.7382 1310.249 5 195.5061 16.96086 1 1 42 0 0 0 0 NaN
Jun 12th 13:35:01.738 UTC 2 14 39 427 418 1123.045 1663.28 0 274.2618 117.3581 0 0 41 0 0 280 76.81538 1.371703
Jun 12th 13:34:55.156 UTC 3 7 0 292 287 746.0594 1303.64 5 195.285 16.96086 1 1 42 0 0 0 0 NaN
Jun 12th 13:34:01.739 UTC 2 15 39 423 415 1112.467 1653.857 0 274.9548 117.8185 0 0 41 0 0 260 72.87538 1.40145
Jun 12th 13:33:55.157 UTC 3 6 1 291 287 742.7394 1303.64 5 195.6637 16.99751 1 1 42 0 0 0 0 NaN
Jun 12th 13:33:01.751 UTC 2 15 37 420 414 1107.267 1650.65 0 276.107 118.0236 0 0 41 0 0 260 72.87538 1.40145
Jun 12th 13:32:55.167 UTC 3 5 0 291 287 742.7394 1303.64 5 195.6637 17.02761 1 1 42 0 0 0 0 NaN
Jun 12th 13:32:01.749 UTC 2 13 38 417 410 1102.327 1633.762 0 276.7706 119.1419 0 0 41 0 0 260 72.87538 1.40145
Jun 12th 13:31:55.168 UTC 3 7 0 289 285 739.3044 1295.209 5 194.9664 17.02761 1 1 42 0 0 0 0 NaN
Jun 12th 13:31:01.740 UTC 2 15 40 414 404 1094.247 1608.894 0 276.7741 119.8702 0 0 41 0 0 250 72.87538 1.457508
Jun 12th 13:30:53.638 UTC 3 9 0 287 282 732.5994 1284.742 5 195.1131 17.05706 1 1 40 0 0 0 0 NaN
Jun 12th 13:30:01.751 UTC 2 15 38 413 404 1093.647 1608.894 0 277.1223 119.8702 0 0 41 0 0 240 68.76013 1.432503
Jun 12th 13:29:52.935 UTC 3 11 1 286 280 729.9444 1275.239 5 195.5728 17.05706 1 1 39 0 0 0 0 NaN
Jun 12th 13:29:00.780 UTC 2 14 38 409 403 1084.242 1607.043 0 278.3292 120.3378 0 0 40 0 0 240 68.76013 1.432503
Jun 12th 13:28:52.925 UTC 3 10 0 286 279 729.9444 1266.077 5 195.5728 17.11679 1 1 39 0 0 0 0 NaN
Jun 12th 13:28:00.791 UTC 2 13 37 405 400 1072.981 1595.778 0 278.9248 121.4318 0 0 40 0 0 240 68.76013 1.432503
Jun 12th 13:27:52.179 UTC 3 11 1 285 278 728.7444 1260.027 5 195.3721 17.11679 1 1 38 0 0 0 0 NaN
Jun 12th 13:27:00.781 UTC 2 15 37 402 396 1067.611 1578.795 0 279.37 121.2886 0 0 40 0 0 240 68.76013 1.432503
Jun 12th 13:26:52.179 UTC 3 9 0 282 277 719.6494 1257.298 5 195.6252 17.2313 1 1 38 0 0 0 0 NaN
Jun 12th 13:25:59.831 UTC 2 14 38 401 393 1065.811 1566.746 0 279.5243 122.3274 0 0 39 0 0 240 68.76013 1.432503
Jun 12th 13:25:52.178 UTC 3 9 0 282 276 719.6494 1251.369 5 195.6252 17.27703 1 1 38 0 0 0 0 NaN
Jun 12th 13:24:59.841 UTC 2 14 37 400 391 1063.126 1560.548 0 279.9088 122.4754 0 0 39 0 0 240 68.76013 1.432503
Jun 12th 13:24:50.692 UTC 3 11 0 280 273 710.7393 1240.13 5 195.7586 17.33547 1 1 36 0 0 0 0 NaN
Jun 12th 13:23:58.884 UTC 2 14 39 397 387 1056.476 1538.361 0 280.6965 122.9329 0 0 38 0 0 240 68.76013 1.432503
Jun 12th 13:23:50.681 UTC 3 10 0 280 272 710.7393 1236.585 5 195.7586 17.42891 1 1 36 0 0 0 0 NaN
Jun 12th 13:22:57.944 UTC 2 15 38 393 384 1044.532 1524.597 0 279.202 123.392 0 0 37 0 0 240 68.76013 1.432503
Jun 12th 13:22:50.683 UTC 3 12 0 278 268 708.3693 1223.048 5 195.8818 17.54565 1 1 36 0 0 0 0 NaN
Jun 12th 13:21:57.964 UTC 2 15 34 391 383 1032.483 1521.202 0 279.5081 123.6497 0 0 37 0 0 240 68.76013 1.432503
Jun 12th 13:21:50.670 UTC 3 15 1 274 264 698.9081 1213.172 5 195.8591 17.5318 1 1 36 0 0 0 0 NaN
Jun 12th 13:20:57.955 UTC 2 14 34 391 381 1032.483 1514.95 0 279.5081 124.304 0 0 37 0 0 240 68.76013 1.432503
Jun 12th 13:20:50.017 UTC 3 14 1 268 263 683.8243 1207.76 5 197.9637 17.59335 1 1 35 0 0 0 0 NaN
Jun 12th 13:19:57.954 UTC 2 15 33 385 380 1023.439 1513.387 0 278.1433 124.304 0 0 37 0 0 240 68.76013 1.432503
Jun 12th 13:19:50.017 UTC 3 12 0 268 261 683.8243 1199.664 5 197.9637 17.76178 1 1 35 0 0 0 0 NaN
Jun 12th 13:18:57.965 UTC 2 15 35 381 377 1014.072 1505.651 0 279.0819 122.8226 0 0 37 0 0 240 68.76013 1.432503
Jun 12th 13:18:50.017 UTC 3 11 1 266 258 680.5718 1177.974 5 197.9142 17.96813 1 1 35 0 0 0 0 NaN
Jun 12th 13:17:57.955 UTC 2 14 34 379 374 1008.249 1496.273 0 279.918 123.9692 0 0 37 0 0 240 68.76013 1.432503
Jun 12th 13:17:50.006 UTC 3 11 0 264 258 675.2169 1177.974 5 198.1665 17.96813 1 1 35 0 0 0 0 NaN
Jun 12th 13:16:57.954 UTC 2 12 36 378 372 1004.571 1488.901 0 280.3027 123.2073 0 0 37 0 0 240 68.76013 1.432503
Jun 12th 13:16:49.425 UTC 3 11 0 263 256 674.0168 1169.661 5 198.1124 18.07204 1 1 34 0 0 0 0 NaN
Jun 12th 13:15:57.066 UTC 2 12 39 375 367 997.2418 1476.057 0 281.5291 123.5708 0 0 36 0 0 240 68.76013 1.432503
Jun 12th 13:15:49.415 UTC 3 9 0 262 255 671.7068 1166.872 5 198.2121 18.20278 1 1 34 0 0 0 0 NaN
Jun 12th 13:14:55.934 UTC 2 14 40 371 361 983.9067 1452.669 0 282.6898 124.5971 0 0 35 0 0 235 68.76013 1.462982
Jun 12th 13:14:49.425 UTC 3 10 0 261 254 670.5068 1163.026 5 198.0408 18.20278 1 1 34 0 0 0 0 NaN
Jun 12th 13:13:55.944 UTC 2 15 39 369 359 973.2267 1448.757 0 283.4774 124.8104 0 0 35 0 0 225 64.30763 1.429059
Jun 12th 13:13:49.425 UTC 3 9 0 258 253 662.5756 1158.434 5 198.6002 18.32016 1 1 34 0 0 0 0 NaN
Jun 12th 13:12:55.945 UTC 2 14 39 364 356 960.3154 1438.893 0 285.0631 125.3153 0 0 35 0 0 225 64.30763 1.429059
Jun 12th 13:12:49.414 UTC 3 8 0 256 253 650.6281 1158.434 5 198.2372 18.36248 1 1 34 0 0 0 0 NaN
Jun 12th 13:11:55.935 UTC 2 13 38 360 354 947.3517 1431.311 0 285.6242 125.9402 0 0 35 0 0 225 64.30763 1.429059
Jun 12th 13:11:49.435 UTC 3 5 1 255 253 647.868 1158.434 5 197.6026 18.52191 1 1 34 0 0 0 0 NaN
Jun 12th 13:10:55.935 UTC 2 15 40 358 350 943.7516 1412.841 0 286.3726 126.1323 0 0 35 0 0 210 60.13838 1.431866
Jun 12th 13:10:49.425 UTC 3 5 0 254 252 646.098 1152.569 5 197.6545 18.56561 1 1 34 0 0 0 0 NaN
Jun 12th 13:09:55.945 UTC 2 15 40 356 349 939.1692 1407.036 0 286.7788 126.46 0 0 35 0 0 200 58.90238 1.472559
Jun 12th 13:09:48.798 UTC 3 4 0 254 252 646.098 1152.569 5 197.6545 18.62363 1 1 33 0 0 0 0 NaN
Jun 12th 13:08:55.933 UTC 2 15 38 353 346 931.0992 1397.294 0 287.9604 127.426 0 0 35 0 0 195 58.90238 1.510317
Jun 12th 13:08:48.808 UTC 3 6 0 254 250 646.098 1143.943 5 197.6545 18.62363 1 1 33 0 0 0 0 NaN
Jun 12th 13:07:55.934 UTC 2 15 38 352 343 928.6467 1381.099 0 287.9985 128.0005 0 0 35 0 0 195 58.90238 1.510317
Jun 12th 13:07:47.976 UTC 3 9 0 254 245 646.098 1129.293 5 197.6545 18.72796 1 1 32 0 0 0 0 NaN
Jun 12th 13:06:54.773 UTC 2 15 40 348 338 920.6016 1356.916 0 289.0425 129.3738 0 0 34 0 0 190 58.49738 1.539405
Jun 12th 13:06:47.966 UTC 3 11 1 250 242 633.993 1112.89 5 198.6392 18.7899 1 1 32 0 0 0 0 NaN
Jun 12th 13:05:54.762 UTC 2 15 40 348 336 920.6016 1345.336 0 289.0425 129.9436 0 0 34 0 0 185 57.36738 1.55047
Jun 12th 13:05:47.079 UTC 3 14 0 248 238 630.1905 1093.201 5 199.1866 18.84451 1 1 31 0 0 0 0 NaN
Jun 12th 13:04:54.763 UTC 2 14 40 344 336 907.0191 1345.336 0 275.1907 130.0839 0 0 34 0 0 175 55.11738 1.574782
Jun 12th 13:04:47.080 UTC 3 14 0 246 236 626.9655 1082.498 5 199.1769 18.90255 1 1 31 0 0 0 0 NaN
Jun 12th 13:03:54.774 UTC 2 15 40 342 333 905.5191 1330.539 0 275.425 130.404 0 0 34 0 0 165 48.18175 1.460053
Jun 12th 13:03:47.068 UTC 3 14 1 243 234 617.3004 1066.702 5 200.1935 18.95351 1 1 31 0 0 0 0 NaN
Jun 12th 13:02:54.765 UTC 2 14 39 339 333 903.1061 1330.539 0 267.5622 130.7341 0 0 34 0 0 165 48.18175 1.460053
Jun 12th 13:02:47.078 UTC 3 13 0 241 232 609.9767 1052.246 5 199.8453 19.11866 1 1 31 0 0 0 0 NaN
Jun 12th 13:01:54.766 UTC 2 15 37 336 330 894.9813 1321.926 0 257.2165 126.6811 0 0 34 0 0 165 48.18175 1.460053
Jun 12th 13:01:46.168 UTC 3 12 1 239 231 607.1517 1045.421 5 199.8492 19.21292 1 1 30 0 0 0 0 NaN
Jun 12th 13:00:54.765 UTC 2 15 37 335 328 894.3813 1312.474 0 257.1989 117.1992 0 0 34 0 0 165 48.18175 1.460053
Jun 12th 13:00:45.169 UTC 3 12 0 239 230 607.1517 1043.26 5 199.8492 19.29119 1 1 29 0 0 0 0 NaN
Jun 12th 12:59:52.842 UTC 2 14 39 332 325 891.3314 1301.097 0 258.3027 118.2888 0 0 32 0 0 165 48.18175 1.460053
Jun 12th 12:59:44.373 UTC 3 11 0 236 230 602.6866 1043.26 5 199.2866 19.33247 1 1 28 0 0 0 0 NaN
Jun 12th 12:58:52.842 UTC 2 14 37 330 324 887.4363 1297.648 0 256.0252 110.2871 0 0 32 0 0 165 48.18175 1.460053
Jun 12th 12:58:44.374 UTC 3 11 0 234 228 600.0566 1035.024 5 198.9097 19.46609 1 1 28 0 0 0 0 NaN
Jun 12th 12:57:52.842 UTC 2 14 39 328 319 877.7838 1273.28 0 256.6335 100.6837 0 0 32 0 0 165 48.18175 1.460053
Jun 12th 12:57:43.344 UTC 3 12 0 233 225 598.7166 1017.339 5 198.1915 19.56016 1 1 27 0 0 0 0 NaN
Jun 12th 12:56:52.842 UTC 2 15 40 325 316 869.91 1257.385 0 257.2437 100.9999 0 0 32 0 0 150 43.23175 1.441058
Jun 12th 12:56:43.356 UTC 3 14 0 231 223 594.3324 1009.9 5 197.1039 19.56016 1 1 27 0 0 0 0 NaN
Jun 12th 12:55:52.842 UTC 2 14 38 324 316 868.71 1257.385 0 257.4268 101.2972 0 0 32 0 0 145 41.88175 1.444198
Jun 12th 12:55:43.343 UTC 3 14 0 230 221 592.9824 995.9871 5 197.328 19.66418 1 1 27 0 0 0 0 NaN
Jun 12th 12:54:50.384 UTC 2 15 40 322 312 862.56 1242.205 0 257.8965 99.61318 0 0 30 0 0 140 38.16175 1.36292
Jun 12th 12:54:43.345 UTC 3 14 0 227 220 586.0249 993.2427 5 197.8719 19.73255 1 1 27 0 0 0 0 NaN
Jun 12th 12:53:50.383 UTC 2 15 37 318 310 856.58 1231.18 0 254.7199 100.1749 0 0 30 0 0 140 38.16175 1.36292
Jun 12th 12:53:43.357 UTC 3 15 0 226 218 584.3899 984.6745 5 197.575 19.76689 1 1 27 0 0 0 0 NaN
Jun 12th 12:52:49.342 UTC 2 15 38 314 307 844.2282 1221.201 0 253.688 100.827 0 0 29 0 0 140 38.16175 1.36292
Jun 12th 12:52:43.345 UTC 3 14 0 224 216 577.5799 975.0437 5 197.9953 19.92287 1 1 27 0 0 0 0 NaN
Jun 12th 12:51:49.363 UTC 2 15 38 313 306 843.4282 1216.427 0 253.9274 101.0263 0 0 29 0 0 140 38.16175 1.36292
Jun 12th 12:51:42.762 UTC 3 12 0 222 215 575.5799 972.4047 5 197.5066 20.16117 1 1 26 0 0 0 0 NaN
Jun 12th 12:50:49.353 UTC 2 14 37 312 304 842.8282 1209.266 0 254.5388 99.64426 0 0 29 0 0 140 38.16175 1.36292
Jun 12th 12:50:42.773 UTC 3 12 0 219 213 566.9349 967.5892 5 198.2166 20.298 1 1 26 0 0 0 0 NaN
Jun 12th 12:49:49.352 UTC 2 14 38 306 300 828.9833 1192.998 0 255.0535 98.55878 0 0 29 0 0 140 38.16175 1.36292
Jun 12th 12:49:42.772 UTC 3 12 0 217 211 561.5798 960.6102 5 197.9354 20.4506 1 1 26 0 0 0 0 NaN
Jun 12th 12:48:48.432 UTC 2 15 39 305 296 827.6333 1176.324 0 255.6096 98.22149 0 0 28 0 0 140 38.16175 1.36292
Jun 12th 12:48:42.771 UTC 3 12 1 216 208 559.2698 944.9227 5 198.5351 20.64502 1 1 26 0 0 0 0 NaN
Jun 12th 12:47:48.423 UTC 2 15 38 303 296 821.8508 1176.324 0 256.2384 98.22149 0 0 28 0 0 140 38.16175 1.36292
Jun 12th 12:47:42.761 UTC 3 12 0 213 204 555.0648 925.2111 5 198.9779 20.92161 1 1 26 0 0 0 0 NaN
Jun 12th 12:46:48.423 UTC 2 15 37 301 293 818.0558 1165.2 0 254.5428 99.08218 0 0 28 0 0 140 38.16175 1.36292
Jun 12th 12:46:41.945 UTC 3 14 1 212 201 551.5998 909.1853 5 199.2811 21.01314 1 1 25 0 0 0 0 NaN
Jun 12th 12:45:47.432 UTC 2 13 40 296 290 800.1345 1153.304 0 254.0144 99.72617 0 0 27 0 0 140 38.16175 1.36292
Jun 12th 12:45:41.936 UTC 3 13 0 210 201 538.5948 909.1853 5 199.5268 21.08619 1 1 25 0 0 0 0 NaN
Jun 12th 12:44:46.524 UTC 2 15 40 295 286 799.0444 1133.831 0 254.0948 100.1272 0 0 26 0 0 125 37.61675 1.50467
Jun 12th 12:44:41.935 UTC 3 14 0 207 200 527.266 902.6021 5 199.8172 21.08619 1 1 25 0 0 0 0 NaN
Jun 12th 12:43:46.523 UTC 2 15 40 292 285 787.2732 1128.327 0 255.146 100.3614 0 0 26 0 0 115 35.6255 1.548935
Jun 12th 12:43:41.945 UTC 3 12 0 203 199 523.226 896.4879 5 199.3869 21.31045 1 1 25 0 0 0 0 NaN
Jun 12th 12:42:46.534 UTC 2 15 39 291 283 784.7932 1120.525 0 254.7546 98.94853 0 0 26 0 0 115 35.6255 1.548935
Jun 12th 12:42:41.935 UTC 3 11 1 203 197 523.226 886.0625 5 199.3869 21.54126 1 1 25 0 0 0 0 NaN
Jun 12th 12:41:46.525 UTC 2 15 39 288 279 781.1032 1102.52 0 255.3905 98.28624 0 0 26 0 0 115 35.6255 1.548935
Jun 12th 12:41:41.935 UTC 3 11 0 203 196 523.226 881.4322 5 199.3869 21.63886 1 1 25 0 0 0 0 NaN
Jun 12th 12:40:46.515 UTC 2 14 39 285 278 772.9057 1096.17 0 255.6991 98.86768 0 0 26 0 0 115 35.6255 1.548935
Jun 12th 12:40:41.944 UTC 3 8 0 200 196 518.456 881.4322 5 198.8016 21.88394 1 1 25 0 0 0 0 NaN
Jun 12th 12:39:44.547 UTC 2 15 39 283 276 768.0907 1090.576 0 256.1763 99.18381 0 0 24 0 0 115 35.6255 1.548935
Jun 12th 12:39:41.935 UTC 3 7 0 199 195 517.106 877.0923 5 198.5595 22.07778 1 1 25 0 0 0 0 NaN
Jun 12th 12:38:43.495 UTC 2 14 39 281 274 763.1257 1085.751 0 254.9341 99.40937 0 0 23 0 0 115 35.6255 1.548935
Jun 12th 12:38:41.139 UTC 3 6 0 198 195 514.451 877.0923 5 198.6404 22.16132 1 1 24 0 0 0 0 NaN
Jun 12th 12:37:43.505 UTC 2 15 36 276 272 755.1934 1080.84 0 255.7287 99.7178 0 0 23 0 0 115 35.6255 1.548935
Jun 12th 12:37:39.435 UTC 3 8 1 197 193 513.651 865.6202 5 198.0204 22.16132 1 1 22 0 0 0 0 NaN
Jun 12th 12:36:43.494 UTC 2 15 37 274 267 748.5109 1057.953 0 256.2265 101.144 0 0 23 0 0 115 35.6255 1.548935
Jun 12th 12:36:39.435 UTC 3 8 0 196 193 510.966 865.6202 5 198.1545 22.16132 1 1 22 0 0 0 0 NaN
Jun 12th 12:35:42.504 UTC 2 15 37 272 264 743.9808 1050.476 0 257.0886 100.3406 0 0 22 0 0 115 35.6255 1.548935
Jun 12th 12:35:39.425 UTC 3 8 1 196 190 510.966 845.8673 5 198.1545 22.45382 1 1 22 0 0 0 0 NaN
Jun 12th 12:34:42.493 UTC 2 15 40 271 261 740.2609 1034.217 0 257.4294 100.3531 0 0 22 0 0 100 31.3005 1.565025
Jun 12th 12:34:39.434 UTC 3 8 0 195 189 508.266 841.387 5 198.2437 22.53317 1 1 22 0 0 0 0 NaN
Jun 12th 12:33:42.494 UTC 2 15 39 267 258 731.4421 1023.384 0 259.4469 101.0031 0 0 22 0 0 95 31.3005 1.647395
Jun 12th 12:33:39.435 UTC 3 9 0 195 187 508.266 830.1925 5 198.2437 22.63853 1 1 22 0 0 0 0 NaN
Jun 12th 12:32:42.505 UTC 2 14 40 265 255 726.1545 1015.224 0 258.9008 102.3282 0 0 22 0 0 85 31.3005 1.841206
Jun 12th 12:32:39.435 UTC 3 8 0 193 187 504.9959 830.1925 5 198.0162 22.74471 1 1 22 0 0 0 0 NaN
Jun 12th 12:31:42.505 UTC 2 15 40 261 252 707.4121 1004.23 0 250.3996 102.7886 0 0 22 0 0 75 28.4685 1.8979
Jun 12th 12:31:39.425 UTC 3 7 0 192 187 503.1809 830.1925 5 198.0878 22.82686 1 1 22 0 0 0 0 NaN
Jun 12th 12:30:42.494 UTC 2 15 39 256 251 699.3896 998.3268 0 251.5279 102.9801 0 0 22 0 0 65 20.4135 1.570269
Jun 12th 12:30:39.445 UTC 3 9 0 190 184 498.5609 820.6638 5 197.8035 22.93534 1 1 22 0 0 0 0 NaN
Jun 12th 12:29:42.495 UTC 2 14 36 254 249 692.3782 990.9202 0 251.4237 103.993 0 0 22 0 0 65 20.4135 1.570269
Jun 12th 12:29:39.435 UTC 3 11 0 189 182 487.356 817.6674 5 197.0254 22.93534 1 1 22 0 0 0 0 NaN
Jun 12th 12:28:41.627 UTC 2 14 37 252 245 679.8232 974.7444 0 251.9065 104.5279 0 0 21 0 0 65 20.4135 1.570269
Jun 12th 12:28:39.435 UTC 3 11 1 185 181 478.4634 808.295 0 198.2774 23.13636 0 1 22 0 0 0 0 NaN
Jun 12th 12:27:41.618 UTC 2 15 38 251 241 678.6232 965.2955 0 251.9053 94.95354 0 0 21 0 0 65 20.4135 1.570269
Jun 12th 12:27:38.819 UTC 3 8 1 183 181 473.4984 808.295 0 199.0989 23.38074 0 1 21 0 0 0 0 NaN
Jun 12th 12:26:41.628 UTC 2 14 39 248 239 666.2886 955.5658 0 249.3419 95.31013 0 0 21 0 0 65 20.4135 1.570269
Jun 12th 12:26:38.811 UTC 3 9 0 183 178 473.4984 796.6921 0 199.0989 23.60382 0 1 21 0 0 0 0 NaN
Jun 12th 12:25:41.628 UTC 2 15 40 244 235 654.7571 942.0099 0 247.3322 96.0116 0 0 21 0 0 55 16.73475 1.521341
Jun 12th 12:25:38.821 UTC 3 8 0 182 178 471.6985 796.6921 0 199.0138 23.6928 0 1 21 0 0 0 0 NaN
Jun 12th 12:24:41.618 UTC 2 15 38 240 233 647.4622 933.1482 0 241.8319 96.48067 0 0 21 0 0 55 16.73475 1.521341
Jun 12th 12:24:38.820 UTC 3 5 1 181 178 469.0435 796.6921 0 199.466 24.01484 0 1 21 0 0 0 0 NaN
Jun 12th 12:23:41.624 UTC 2 15 40 238 230 645.5122 921.1974 0 242.3111 96.93732 0 0 21 0 0 40 15.35475 1.919344
Jun 12th 12:23:38.809 UTC 3 5 0 180 178 466.7335 796.6921 0 199.6615 24.01484 0 1 21 0 0 0 0 NaN
Jun 12th 12:22:41.626 UTC 2 13 39 236 230 642.6522 921.1974 0 242.6928 93.37009 0 0 21 0 0 30 10.3485 1.72475
Jun 12th 12:22:38.809 UTC 3 6 0 179 176 462.211 793.067 0 199.739 24.13023 0 1 21 0 0 0 0 NaN
Jun 12th 12:21:40.698 UTC 2 14 40 233 226 628.1422 904.712 0 242.9213 90.87242 0 0 20 0 0 30 10.3485 1.72475
Jun 12th 12:21:38.198 UTC 3 5 1 177 175 452.5585 786.8347 0 201.1696 24.33041 0 1 20 0 0 0 0 NaN
Jun 12th 12:20:40.689 UTC 2 15 39 230 223 612.8797 891.1179 0 243.9823 84.91025 0 0 20 0 0 30 10.3485 1.72475
Jun 12th 12:20:38.190 UTC 3 6 0 177 172 452.5585 778.6814 0 201.1696 24.53823 0 1 20 0 0 0 0 NaN
Jun 12th 12:19:40.699 UTC 2 15 39 229 221 611.7897 885.6163 0 244.5997 85.39789 0 0 20 0 0 25 10.0485 2.0097
Jun 12th 12:19:38.188 UTC 3 5 0 177 171 452.5585 776.4763 0 201.1696 24.76224 0 1 20 0 0 0 0 NaN
Jun 12th 12:18:40.697 UTC 2 14 38 226 218 601.3571 872.7274 0 245.6183 86.39853 0 0 20 0 0 25 10.0485 2.0097
Jun 12th 12:18:37.481 UTC 3 10 0 175 166 449.4435 752.2015 0 202.2341 24.76224 0 1 19 0 0 0 0 NaN
Jun 12th 12:17:38.841 UTC 2 15 40 223 213 597.4071 852.3776 0 239.1864 87.68504 0 0 18 0 0 25 10.0485 2.0097
Jun 12th 12:17:37.486 UTC 3 12 0 172 163 437.0535 744.0322 0 203.0693 24.849 0 1 19 0 0 0 0 NaN
Jun 12th 12:16:38.852 UTC 2 15 39 220 211 590.0323 844.8434 0 239.1865 88.22775 0 0 18 0 0 15 5.112 1.704
Jun 12th 12:16:37.487 UTC 3 11 0 171 163 431.4735 744.0322 0 203.8393 24.93751 0 1 19 0 0 0 0 NaN
Jun 12th 12:15:38.852 UTC 2 14 39 218 210 584.0308 841.4608 0 232.537 88.37836 0 0 18 0 0 15 5.112 1.704
Jun 12th 12:15:37.486 UTC 3 11 0 167 160 417.691 726.0152 0 205.5217 25.32575 0 1 19 0 0 0 0 NaN
Jun 12th 12:14:38.852 UTC 2 15 36 214 207 570.1533 833.9362 0 231.4809 88.95501 0 0 18 0 0 15 5.112 1.704
Jun 12th 12:14:37.476 UTC 3 10 0 165 160 413.626 726.0152 0 205.7542 25.46601 0 1 19 0 0 0 0 NaN
Jun 12th 12:13:38.842 UTC 2 14 36 211 206 560.8958 828.457 0 231.6469 81.26041 0 0 18 0 0 15 5.112 1.704
Jun 12th 12:13:37.485 UTC 3 11 0 165 156 413.626 714.4313 0 205.7542 25.84305 0 1 19 0 0 0 0 NaN
Jun 12th 12:12:38.007 UTC 2 14 37 207 203 546.1169 817.355 0 233.2647 75.05415 0 0 17 0 0 15 5.112 1.704
Jun 12th 12:12:36.629 UTC 3 10 1 162 155 399.7697 709.8521 0 205.716 26.13395 0 1 18 0 0 0 0 NaN
Jun 12th 12:11:37.993 UTC 2 14 38 207 198 546.1169 790.9039 0 233.2647 74.73305 0 0 17 0 0 15 5.112 1.704
Jun 12th 12:11:36.618 UTC 3 8 1 160 155 398.1697 709.8521 0 206.7152 26.36316 0 1 18 0 0 0 0 NaN
Jun 12th 12:10:38.005 UTC 2 15 40 206 195 544.9169 779.4381 0 233.8944 75.08427 0 0 17 0 0 0 0 NaN
Jun 12th 12:10:36.638 UTC 3 11 0 158 151 392.3872 696.7939 0 207.0788 26.46768 0 1 18 0 0 0 0 NaN
Jun 12th 12:09:38.008 UTC 2 14 38 203 192 535.9619 768.9521 0 234.6399 75.76793 0 0 17 0 0 0 0 NaN
Jun 12th 12:09:36.629 UTC 3 13 0 156 149 385.9522 690.5457 0 206.4798 26.46768 0 1 18 0 0 0 0 NaN
Jun 12th 12:08:37.996 UTC 2 15 37 200 189 530.9493 762.0657 0 235.2761 75.93871 0 0 17 0 0 0 0 NaN
Jun 12th 12:08:36.630 UTC 3 15 1 155 144 384.1523 669.5322 0 207.1912 26.73243 0 1 18 0 0 0 0 NaN
Jun 12th 12:07:38.007 UTC 2 15 36 194 187 505.6255 756.095 0 232.847 76.27618 0 0 17 0 0 0 0 NaN
Jun 12th 12:07:36.630 UTC 3 14 0 151 143 379.0523 664.6402 0 209.73 26.98385 0 1 18 0 0 0 0 NaN
Jun 12th 12:06:38.008 UTC 2 15 33 190 187 494.3092 756.095 0 231.557 76.27618 0 0 17 0 0 0 0 NaN
Jun 12th 12:06:36.630 UTC 3 12 1 148 142 369.3548 656.4423 0 211.024 27.44755 0 1 18 0 0 0 0 NaN
Jun 12th 12:05:37.998 UTC 2 15 34 189 184 492.7692 744.2432 0 231.6251 76.73468 0 0 17 0 0 0 0 NaN
Jun 12th 12:05:36.618 UTC 3 10 0 147 141 367.0448 651.3779 0 211.118 27.84443 0 1 18 0 0 0 0 NaN
Jun 12th 12:04:38.001 UTC 2 14 36 186 181 488.9542 734.6348 0 233.7313 75.45509 0 0 17 0 0 0 0 NaN
Jun 12th 12:04:36.618 UTC 3 8 1 145 139 361.8922 635.1735 0 211.2469 28.46547 0 1 18 0 0 0 0 NaN
Jun 12th 12:03:38.007 UTC 2 13 38 186 176 488.9542 712.7852 0 233.7313 74.80173 0 0 17 0 0 0 0 NaN
Jun 12th 12:03:35.780 UTC 3 10 0 144 137 359.1697 628.8391 0 210.9593 28.46547 0 1 17 0 0 0 0 NaN
Jun 12th 12:02:35.872 UTC 2 15 39 185 171 482.9805 693.9001 0 234.4652 74.72452 0 0 15 0 0 0 0 NaN
Jun 12th 12:02:35.770 UTC 3 11 0 143 135 356.7172 617.0128 0 212.0002 28.60716 0 1 17 0 0 0 0 NaN
Jun 12th 12:01:35.873 UTC 2 15 36 179 170 468.038 687.4668 0 236.6227 75.03736 0 0 15 0 0 0 0 NaN
Jun 12th 12:01:35.770 UTC 3 12 1 142 132 354.9472 607.3405 0 212.0543 28.96546 0 1 17 0 0 0 0 NaN
Jun 12th 12:00:35.862 UTC 2 15 34 178 168 466.688 678.3625 0 236.7123 75.44907 0 0 15 0 0 0 0 NaN
Jun 12th 12:00:35.770 UTC 3 12 0 137 131 339.2197 603.7664 0 212.7518 29.13439 0 1 17 0 0 0 0 NaN
Jun 12th 11:59:35.872 UTC 2 15 31 173 167 454.6745 675.3947 0 235.1212 75.58965 0 0 15 0 0 0 0 NaN
Jun 12th 11:59:35.779 UTC 3 12 1 136 129 335.541 600.0104 0 213.092 29.49364 0 1 17 0 0 0 0 NaN
Jun 12th 11:58:35.862 UTC 2 13 32 171 165 448.9857 667.6403 0 234.7114 76.555 0 0 15 0 0 0 0 NaN
Jun 12th 11:58:35.781 UTC 3 12 0 133 127 325.0658 586.512 0 212.8895 29.81309 0 1 17 0 0 0 0 NaN
Jun 12th 11:57:35.872 UTC 2 15 30 168 162 444.1058 652.3516 0 235.2461 76.89794 0 0 15 0 0 0 0 NaN
Jun 12th 11:57:35.097 UTC 3 12 0 131 126 321.7057 581.92 0 214.8735 30.00624 0 1 16 0 0 0 0 NaN
Jun 12th 11:56:35.863 UTC 2 14 32 167 159 440.1233 638.3107 0 235.1224 75.48263 0 0 15 0 0 0 0 NaN
Jun 12th 11:56:34.268 UTC 3 9 0 131 126 321.7057 581.92 0 214.8735 30.48908 0 1 15 0 0 0 0 NaN
Jun 12th 11:55:35.863 UTC 2 14 33 164 156 429.8595 626.1876 0 236.6882 76.06973 0 0 15 0 0 0 0 NaN
Jun 12th 11:55:34.259 UTC 3 8 1 130 123 315.732 563.153 0 212.2544 31.34757 0 1 15 0 0 0 0 NaN
Jun 12th 11:54:35.872 UTC 2 15 30 163 153 427.2645 616.3972 0 237.6344 76.2033 0 0 15 0 0 0 0 NaN
Jun 12th 11:54:34.263 UTC 3 13 0 129 118 314.382 540.2567 0 212.2302 31.34757 0 1 15 0 0 0 0 NaN
Jun 12th 11:53:35.873 UTC 2 15 28 160 150 418.052 606.4728 0 236.659 77.28228 0 0 15 0 0 0 0 NaN
Jun 12th 11:53:34.271 UTC 3 14 0 126 117 307.287 536.2518 0 209.4335 31.34757 0 1 15 0 0 0 0 NaN
Jun 12th 11:52:34.987 UTC 2 14 28 157 148 401.0532 600.9809 0 235.4695 78.48074 0 0 14 0 0 0 0 NaN
Jun 12th 11:52:34.262 UTC 3 14 0 124 116 306.0869 529.943 0 210.9117 31.5789 0 1 15 0 0 0 0 NaN
Jun 12th 11:51:34.975 UTC 2 14 25 152 146 388.172 595.3996 0 235.3951 78.76367 0 0 14 0 0 0 0 NaN
Jun 12th 11:51:34.263 UTC 3 15 1 123 113 298.6169 523.7203 0 210.9288 31.80472 0 1 15 0 0 0 0 NaN
Jun 12th 11:50:34.976 UTC 2 15 23 149 144 384.157 586.0592 0 235.4856 79.0714 0 0 14 0 0 0 0 NaN
Jun 12th 11:50:34.262 UTC 3 15 2 120 110 291.1132 500.7091 0 206.5629 31.79991 0 1 15 0 0 0 0 NaN
Jun 12th 11:49:34.985 UTC 2 14 22 146 142 380.266 576.2752 0 235.6203 80.49196 0 0 14 0 0 0 0 NaN
Jun 12th 11:49:34.264 UTC 3 14 3 115 108 278.2597 497.0297 0 204.7766 30.4263 0 1 15 0 0 0 0 NaN
Jun 12th 11:48:34.975 UTC 2 14 25 145 136 379.466 550.0761 0 235.8002 77.73817 0 0 14 0 0 0 0 NaN
Jun 12th 11:48:34.263 UTC 3 15 2 114 106 272.0497 484.1759 0 205.8556 30.23288 0 1 15 0 0 0 0 NaN
Jun 12th 11:47:33.579 UTC 3 15 3 112 102 266.2697 462.8178 0 204.4147 28.09259 0 1 14 0 0 0 0 NaN
Jun 12th 11:47:32.975 UTC 2 15 27 145 133 379.466 537.3755 0 235.8002 76.91228 0 0 12 0 0 0 0 NaN
Jun 12th 11:46:33.589 UTC 3 15 2 111 101 263.2547 458.8991 0 202.8062 27.91116 0 1 14 0 0 0 0 NaN
Jun 12th 11:46:32.975 UTC 2 15 27 142 130 369.9323 529.9593 0 237.5012 75.71363 0 0 12 0 0 0 0 NaN
Jun 12th 11:45:33.579 UTC 3 15 2 111 100 263.2547 453.1774 0 202.8062 25.87981 0 1 14 0 0 0 0 NaN
Jun 12th 11:45:32.966 UTC 2 15 23 137 129 357.3822 528.9381 0 238.7655 76.07387 0 0 12 0 0 0 0 NaN
Jun 12th 11:44:32.986 UTC 2 14 23 133 126 341.3419 515.0599 0 234.0261 77.05141 0 0 12 0 0 0 0 NaN
Jun 12th 11:44:32.732 UTC 3 15 5 107 97 250.6809 440.7193 0 193.9928 22.87988 0 1 13 0 0 0 0 NaN
Jun 12th 11:43:32.975 UTC 2 15 20 129 123 330.9145 505.6078 0 232.8043 77.9094 0 0 12 0 0 0 0 NaN
Jun 12th 11:43:32.741 UTC 3 15 5 104 96 245.7459 431.9725 0 192.4528 21.34777 0 1 13 0 0 0 0 NaN
Jun 12th 11:42:32.975 UTC 2 15 17 128 123 326.8307 505.6078 0 233.8462 77.9094 0 0 12 0 0 0 0 NaN
Jun 12th 11:42:32.730 UTC 3 15 5 101 94 240.4409 424.3202 0 190.228 19.38164 0 1 13 0 0 0 0 NaN
Jun 12th 11:41:32.964 UTC 2 15 17 126 120 319.957 492.1636 0 234.9615 77.45993 0 0 12 0 0 0 0 NaN
Jun 12th 11:41:32.733 UTC 3 15 4 100 93 237.7409 417.5454 0 187.764 19.55504 0 1 13 0 0 0 0 NaN
Jun 12th 11:40:32.987 UTC 2 14 21 123 115 311.307 462.7958 0 234.6258 72.2248 0 0 12 0 0 0 0 NaN
Jun 12th 11:40:32.722 UTC 3 15 3 97 90 229.2772 401.4813 0 187.263 18.32116 0 1 13 0 0 0 0 NaN
Jun 12th 11:39:32.975 UTC 2 15 22 122 112 310.407 448.4326 0 235.3293 72.78927 0 0 12 0 0 0 0 NaN
Jun 12th 11:39:32.732 UTC 3 13 1 96 90 226.6222 401.4813 0 187.0921 15.85705 0 1 13 0 0 0 0 NaN
Jun 12th 11:38:32.976 UTC 2 15 20 121 109 309.807 441.5525 0 235.1763 73.23086 0 0 12 0 0 0 0 NaN
Jun 12th 11:38:32.742 UTC 3 14 3 95 87 225.0822 381.8272 0 187.4235 13.29383 0 0 13 0 0 0 0 NaN
Jun 12th 11:37:32.986 UTC 2 14 17 118 109 302.4395 441.5525 0 232.9852 73.57542 0 0 12 0 0 0 0 NaN
Jun 12th 11:37:32.731 UTC 3 15 6 93 82 217.9722 355.5388 0 184.6353 9.267575 0 0 13 0 0 0 0 NaN
Jun 12th 11:36:32.733 UTC 3 14 5 91 81 210.1584 350.4968 0 183.204 8.791123 0 0 13 0 0 0 0 NaN
Jun 12th 11:36:32.059 UTC 2 15 17 113 106 291.1382 430.792 0 218.1777 74.23991 0 0 11 0 0 0 0 NaN
Jun 12th 11:35:32.731 UTC 3 15 4 90 80 207.8484 342.0978 0 183.6457 8.791123 0 0 13 0 0 0 0 NaN
Jun 12th 11:35:32.055 UTC 2 15 16 109 103 283.8757 417.8233 0 214.9491 75.08858 0 0 11 0 0 0 0 NaN
Jun 12th 11:34:32.742 UTC 3 15 2 86 79 203.6085 336.0507 0 181.0173 7.8272 0 0 13 0 0 0 0 NaN
Jun 12th 11:34:32.059 UTC 2 14 14 108 103 279.7357 417.8233 0 215.9423 75.50083 0 0 11 0 0 0 0 NaN
Jun 12th 11:33:32.734 UTC 3 15 3 83 77 189.6697 327.1602 0 178.956 6.597295 0 0 13 0 0 0 0 NaN
Jun 12th 11:33:32.058 UTC 2 14 12 106 101 272.8057 410.723 0 215.2446 76.63396 0 0 11 0 0 0 0 NaN
Jun 12th 11:32:32.740 UTC 3 14 1 82 77 188.4597 327.1602 0 178.6314 6.632063 0 0 13 0 0 0 0 NaN
Jun 12th 11:32:31.049 UTC 2 14 15 104 97 263.1532 394.0941 0 215.1497 57.47268 0 0 10 0 0 0 0 NaN
Jun 12th 11:31:32.731 UTC 3 11 1 81 77 187.5597 327.1602 0 176.5926 6.605266 0 0 13 0 0 0 0 NaN
Jun 12th 11:31:31.049 UTC 2 14 15 102 94 260.9032 380.6786 0 217.172 56.56323 0 0 10 0 0 0 0 NaN
Jun 12th 11:30:32.729 UTC 3 10 1 79 76 180.0222 324.2882 0 174.5086 6.702818 0 0 13 0 0 0 0 NaN
Jun 12th 11:30:31.058 UTC 2 15 16 100 89 256.8432 365.8717 0 214.1714 55.43667 0 0 10 0 0 0 0 NaN
Jun 12th 11:29:32.739 UTC 3 8 0 77 75 168.9672 318.3463 0 173.48 6.640451 0 0 13 0 0 0 0 NaN
Jun 12th 11:29:30.047 UTC 2 15 17 96 87 246.417 360.2394 0 215.6471 56.42849 0 0 9 0 0 0 0 NaN
Jun 12th 11:28:32.730 UTC 3 7 0 76 75 165.5022 318.3463 0 174.2158 6.704258 0 0 13 0 0 0 0 NaN
Jun 12th 11:28:30.037 UTC 2 14 15 90 86 233.4995 354.4283 0 217.5265 57.30028 0 0 9 0 0 0 0 NaN
Jun 12th 11:27:32.731 UTC 3 10 0 76 70 165.5022 299.8761 0 174.2158 6.749276 0 0 13 0 0 0 0 NaN
Jun 12th 11:27:30.057 UTC 2 15 13 89 83 231.7295 339.2323 0 218.518 54.85006 0 0 9 0 0 0 0 NaN
Jun 12th 11:26:32.743 UTC 3 14 0 75 65 162.8022 275.6491 0 175.4625 6.766558 0 0 13 0 0 0 0 NaN
Jun 12th 11:26:29.047 UTC 2 14 15 87 79 227.9195 322.8459 0 216.4914 57.09767 0 0 8 0 0 0 0 NaN
Jun 12th 11:25:32.733 UTC 3 14 0 72 63 151.896 265.5396 0 178.0216 6.801646 0 0 13 0 0 0 0 NaN
Jun 12th 11:25:29.046 UTC 2 14 14 86 76 226.5695 311.3323 0 218.0394 56.70514 0 0 8 0 0 0 0 NaN
Jun 12th 11:24:32.732 UTC 3 14 0 67 60 145.471 248.4895 0 181.0288 6.830143 0 0 13 0 0 0 0 NaN
Jun 12th 11:24:29.057 UTC 2 15 15 83 72 219.287 292.7185 0 218.5526 55.02116 0 0 8 0 0 0 0 NaN
Jun 12th 11:23:32.740 UTC 3 15 0 67 57 145.471 236.2132 0 181.0288 6.966715 0 0 13 0 0 0 0 NaN
Jun 12th 11:23:29.057 UTC 2 15 12 81 71 210.107 290.8676 0 215.6329 55.02293 0 0 8 0 0 0 0 NaN
Jun 12th 11:22:32.740 UTC 3 13 0 66 56 144.671 234.3943 0 178.7856 6.961814 0 0 13 0 0 0 0 NaN
Jun 12th 11:22:29.056 UTC 2 14 11 76 71 195.3595 290.8676 0 209.117 54.50675 0 0 8 0 0 0 0 NaN
Jun 12th 11:21:32.730 UTC 3 11 1 62 56 132.7035 234.3943 0 176.1701 7.024238 0 0 13 0 0 0 0 NaN
Jun 12th 11:21:28.089 UTC 2 15 11 74 67 189.8657 274.2706 0 209.1294 55.44526 0 0 7 0 0 0 0 NaN
Jun 12th 11:20:32.741 UTC 3 11 0 59 56 126.5285 234.3943 0 178.1635 7.024238 0 0 13 0 0 0 0 NaN
Jun 12th 11:20:28.089 UTC 2 14 8 70 66 183.1832 269.2159 0 208.5179 55.44704 0 0 7 0 0 0 0 NaN
Jun 12th 11:19:32.739 UTC 3 12 0 57 53 122.866 224.9517 0 174.589 7.090759 0 0 13 0 0 0 0 NaN
Jun 12th 11:19:28.097 UTC 2 15 8 70 62 183.1832 250.3436 0 208.5179 54.18417 0 0 7 0 0 0 0 NaN
Jun 12th 11:18:32.730 UTC 3 12 1 55 51 119.3865 216.9005 0 172.2589 7.145464 0 0 13 0 0 0 0 NaN
Jun 12th 11:18:28.098 UTC 2 15 7 69 59 181.8432 239.8575 0 208.4997 46.1702 0 0 7 0 0 0 0 NaN
Jun 12th 11:17:31.814 UTC 3 12 1 54 48 118.1865 203.3127 0 173.5272 7.251478 0 0 12 0 0 0 0 NaN
Jun 12th 11:17:28.088 UTC 2 15 7 66 57 175.2858 232.9008 0 208.2502 47.3036 0 0 7 0 0 0 0 NaN
Jun 12th 11:16:31.833 UTC 3 14 0 53 44 117.3865 182.0216 0 174.8333 7.346763 0 0 12 0 0 0 0 NaN
Jun 12th 11:16:28.099 UTC 2 15 7 64 54 169.2933 222.718 0 209.9248 47.32262 0 0 7 0 0 0 0 NaN
Jun 12th 11:15:31.822 UTC 3 15 1 50 40 110.209 161.6144 0 176.6706 7.232421 0 0 12 0 0 0 0 NaN
Jun 12th 11:15:28.088 UTC 2 15 6 59 52 149.149 214.1721 0 198.3621 48.06762 0 0 7 0 0 0 0 NaN
Jun 12th 11:14:30.905 UTC 3 14 2 48 39 105.544 156.3139 0 177.8497 7.223385 0 0 11 0 0 0 0 NaN
Jun 12th 11:14:27.150 UTC 2 15 6 56 50 141.9715 206.1752 0 194.3887 48.50519 0 0 6 0 0 0 0 NaN
Jun 12th 11:13:30.894 UTC 3 14 1 47 37 103.0915 151.8304 0 178.8887 7.213655 0 0 11 0 0 0 0 NaN
Jun 12th 11:13:27.148 UTC 2 15 7 54 46 138.1565 191.7769 0 192.6092 49.54821 0 0 6 0 0 0 0 NaN
Jun 12th 11:12:30.098 UTC 3 14 2 43 35 92.91399 148.8275 0 179.9632 5.88667 0 0 10 0 0 0 0 NaN
Jun 12th 11:12:27.138 UTC 2 15 5 50 45 123.959 188.5187 0 195.509 50.34309 0 0 6 0 0 0 0 NaN
Jun 12th 11:11:30.109 UTC 3 13 1 37 33 81.28149 134.7803 0 178.2445 5.312594 0 0 10 0 0 0 0 NaN
Jun 12th 11:11:27.148 UTC 2 15 8 49 40 120.494 170.9484 0 196.4731 32.40501 0 0 6 0 0 0 0 NaN
Jun 12th 11:10:30.098 UTC 3 11 1 36 32 78.9715 125.8356 0 177.1717 5.450538 0 0 10 0 0 0 0 NaN
Jun 12th 11:10:27.138 UTC 2 15 9 47 37 115.0453 158.6306 0 194.3874 31.97495 0 0 6 0 0 0 0 NaN
Jun 12th 11:09:30.096 UTC 3 10 0 35 31 77.5 123.9209 0 171.7744 5.317203 0 0 10 0 0 0 0 NaN
Jun 12th 11:09:27.139 UTC 2 15 9 43 34 104.8618 145.1226 0 195.7542 30.65578 0 0 6 0 0 0 0 NaN
Jun 12th 11:08:30.106 UTC 3 10 0 35 30 77.5 119.9607 0 171.7744 5.358187 0 0 10 0 0 0 0 NaN
Jun 12th 11:08:27.149 UTC 2 15 7 40 32 98.77176 136.2194 0 198.6067 31.56269 0 0 6 0 0 0 0 NaN
Jun 12th 11:07:27.985 UTC 3 10 1 33 28 74.89999 112.5892 0 173.2748 5.211919 0 0 8 0 0 0 0 NaN
Jun 12th 11:07:27.139 UTC 2 15 6 38 30 91.84176 126.9683 0 199.8712 31.30512 0 0 6 0 0 0 0 NaN
Jun 12th 11:06:27.996 UTC 3 12 0 33 25 74.89999 101.3916 0 173.2748 5.256518 0 0 8 0 0 0 0 NaN
Jun 12th 11:06:27.140 UTC 2 15 6 37 27 89.36176 106.8834 0 197.3703 30.28935 0 0 6 0 0 0 0 NaN
Jun 12th 11:05:27.999 UTC 3 12 0 30 23 70.0575 87.42405 0 169.1544 5.150452 0 0 8 0 0 0 0 NaN
Jun 12th 11:05:27.151 UTC 2 15 5 33 24 77.70625 92.31281 0 180.3933 27.55313 0 0 6 0 0 0 0 NaN
Jun 12th 11:04:27.141 UTC 2 14 5 30 23 69.39626 87.87715 0 182.0066 27.18523 0 0 6 0 0 0 0 NaN
Jun 12th 11:04:26.254 UTC 3 13 0 27 21 62.88375 81.12795 0 163.3183 5.225437 0 0 6 0 0 0 0 NaN
Jun 12th 11:03:27.140 UTC 2 15 2 28 20 66.17126 76.45293 0 179.292 26.97551 0 0 6 0 0 0 0 NaN
Jun 12th 11:03:25.194 UTC 3 14 2 25 18 56.87625 62.77265 0 163.5727 4.721789 0 0 5 0 0 0 0 NaN
Jun 12th 11:02:27.141 UTC 2 14 2 28 19 66.17126 71.16843 0 179.292 20.04259 0 0 6 0 0 0 0 NaN
Jun 12th 11:02:25.191 UTC 3 13 1 24 17 55.53625 57.77855 0 167.8355 4.884715 0 0 5 0 0 0 0 NaN
Jun 12th 11:01:27.138 UTC 2 15 4 25 15 61.52626 51.95151 0 178.3082 11.19436 0 0 6 0 0 0 0 NaN
Jun 12th 11:01:24.233 UTC 3 11 1 21 15 46.68625 47.40103 0 166.6043 4.591239 0 0 4 0 0 0 0 NaN
Jun 12th 11:00:24.234 UTC 3 12 1 21 13 46.68625 41.66976 0 166.6043 4.489593 0 0 4 0 0 0 0 NaN
Jun 12th 11:00:23.913 UTC 2 15 6 21 12 47.93626 37.40639 0 163.6181 5.82348 0 0 3 0 0 0 0 NaN
Jun 12th 10:59:24.233 UTC 3 12 0 18 12 34.65625 39.23492 0 156.7765 4.63248 0 0 4 0 0 0 0 NaN
Jun 12th 10:59:23.903 UTC 2 15 2 19 12 38.2425 37.40639 0 155.5954 5.82348 0 0 3 0 0 0 0 NaN
Jun 12th 10:58:24.225 UTC 3 12 0 16 9 31.29625 26.07473 0 157.0128 4.473032 0 0 4 0 0 0 0 NaN
Jun 12th 10:58:23.903 UTC 2 15 2 16 10 33.0725 25.67265 0 155.6912 5.459107 0 0 3 0 0 0 0 NaN
Jun 12th 10:57:23.914 UTC 2 15 1 15 9 32.1725 21.738 0 150.7784 5.400793 0 0 3 0 0 0 0 NaN
Jun 12th 10:57:23.261 UTC 3 13 0 14 6 27.89125 14.36969 0 161.3392 4.883716 0 0 3 0 0 0 0 NaN
Jun 12th 10:56:23.905 UTC 2 11 0 13 8 23.9375 20.99446 0 152.4065 5.281347 0 0 3 0 0 0 0 NaN
Jun 12th 10:56:23.252 UTC 3 13 1 11 5 22.2625 12.49649 0 134.003 4.706819 0 0 3 0 0 0 0 NaN
Jun 12th 10:55:23.905 UTC 2 11 0 11 6 21.7875 14.65369 0 136.3654 5.272176 0 0 3 0 0 0 0 NaN
Jun 12th 10:55:22.264 UTC 3 14 1 8 2 17.2525 3.111375 0 140.3319 4.596257 0 0 2 0 0 0 0 NaN
Jun 12th 10:54:23.895 UTC 2 10 0 8 5 15.33 11.06686 0 128.566 5.125774 0 0 3 0 0 0 0 NaN
Jun 12th 10:54:22.253 UTC 3 12 0 7 1 15.6175 1.879586 0 149.6801 4.563537 0 0 2 0 0 0 0 NaN
Jun 12th 10:53:23.916 UTC 2 10 0 7 3 13.02 5.316442 0 113.7516 5.015931 0 0 3 0 0 0 0 NaN
Jun 12th 10:53:22.274 UTC 3 9 1 4 0 10.19 0 0 162.4652 5.118434 0 0 2 0 0 0 0 NaN
Jun 12th 10:52:22.749 UTC 2 10 0 6 1 10.365 1.400921 0 101.1196 5.592064 0 0 2 0 0 0 0 NaN
Jun 12th 10:52:21.374 UTC 3 7 1 0 0 0 0 0 NaN 4.668567 0 0 1 0 0 0 0 NaN
Jun 12th 10:51:22.738 UTC 2 7 0 3 1 5.475 1.400921 0 104.832 5.115042 0 0 2 0 0 0 0 NaN
Jun 12th 10:51:21.364 UTC 3 5 1 0 0 0 0 0 NaN 4.9986 0 0 1 0 0 0 0 NaN
Jun 12th 10:50:22.750 UTC 2 5 0 1 0 2.025 0 0 59.80774 5.874671 0 0 2 0 0 0 0 NaN
Jun 12th 10:50:21.361 UTC 3 3 0 0 0 0 0 0 NaN 4.437837 0 0 1 0 0 0 0 NaN
Jun 12th 10:49:21.677 UTC 2 3 0 0 0 0 0 0 NaN 3.54548 0 0 1 0 0 0 0 NaN
Jun 12th 10:49:21.361 UTC 3 1 0 0 0 0 0 0 NaN 11.61145 0 0 1 0 0 0 0 NaN
Jun 12th 10:48:20.774 UTC 2 0 0 0 0 0 0 0 NaN NaN 0 0 0 0 0 0 0 NaN
Jun 12th 10:48:20.768 UTC 3 0 0 0 0 0 0 0 NaN NaN 0 0 0 0 0 0 0 NaN