dt1 dt2 dt3 dt4 controller drones queue deliveries fullTrips revenue costs penalties avgDelTime avgWaitTime fDel fRet fLaunch collisions unknown rejectionPenalties potentialLost avgPotentialLost
Jun 12th 16:49:27.326 UTC 3 8 0 621 615 1576.893 2840.372 5 195.911 11.05506 1 1 81 0 0 0 0 NaN
Jun 12th 16:49:19.478 UTC 2 15 39 867 860 2075.15 3748.442 0 973.728 803.3122 0 0 60 0 0 1500 769.8032 2.566011
Jun 12th 16:48:27.335 UTC 3 9 0 618 612 1572.003 2829.71 5 195.3447 11.08061 1 1 81 0 0 0 0 NaN
Jun 12th 16:48:19.471 UTC 2 15 39 866 857 2073.71 3730.438 0 973.782 803.0328 0 0 60 0 0 1500 769.8032 2.566011
Jun 12th 16:47:26.542 UTC 3 9 0 617 612 1569.55 2829.71 5 195.5806 11.08061 1 1 80 0 0 0 0 NaN
Jun 12th 16:47:19.468 UTC 2 13 40 862 855 2066.513 3717.198 0 973.5688 802.7595 0 0 60 0 0 1495 765.8207 2.561273
Jun 12th 16:46:26.531 UTC 3 9 1 614 610 1554.475 2822.335 5 195.8141 11.10034 1 1 80 0 0 0 0 NaN
Jun 12th 16:46:18.317 UTC 2 14 40 861 852 2065.423 3705.458 0 973.5858 802.5919 0 0 59 0 0 1490 763.3682 2.561638
Jun 12th 16:45:26.541 UTC 3 9 0 614 609 1554.475 2818.634 5 195.8141 11.10224 1 1 80 0 0 0 0 NaN
Jun 12th 16:45:18.306 UTC 2 15 40 859 851 2062.099 3699.985 0 973.4843 802.5919 0 0 59 0 0 1470 753.3707 2.562485
Jun 12th 16:44:26.541 UTC 3 7 1 612 608 1551.505 2816.837 5 195.806 11.137 1 1 80 0 0 0 0 NaN
Jun 12th 16:44:18.307 UTC 2 15 40 857 849 2058.932 3691.867 0 973.2397 802.5867 0 0 59 0 0 1465 749.692 2.558676
Jun 12th 16:43:26.531 UTC 3 10 0 610 604 1539.815 2796.918 5 196.038 11.13889 1 1 80 0 0 0 0 NaN
Jun 12th 16:43:18.297 UTC 2 13 40 854 847 2050.93 3680.433 0 972.8239 802.476 0 0 59 0 0 1465 749.692 2.558676
Jun 12th 16:42:26.532 UTC 3 10 0 609 603 1538.615 2794.202 5 196.1105 11.14894 1 1 80 0 0 0 0 NaN
Jun 12th 16:42:18.315 UTC 2 14 40 851 845 2040.283 3668.68 0 972.4774 802.4454 0 0 59 0 0 1445 740.3994 2.561936
Jun 12th 16:41:26.542 UTC 3 8 1 609 603 1538.615 2794.202 5 196.1105 11.16594 1 1 80 0 0 0 0 NaN
Jun 12th 16:41:18.304 UTC 2 14 38 850 844 2038.258 3664.178 0 972.3171 802.4717 0 0 59 0 0 1445 740.3994 2.561936
Jun 12th 16:40:25.839 UTC 3 11 0 608 599 1537.275 2772.267 5 196.1806 11.17449 1 1 79 0 0 0 0 NaN
Jun 12th 16:40:18.304 UTC 2 15 40 850 839 2038.258 3644.68 0 972.3171 802.1125 0 0 59 0 0 1435 733.2256 2.554793
Jun 12th 16:39:25.849 UTC 3 10 0 604 598 1529.657 2767.624 5 196.0593 11.20694 1 1 79 0 0 0 0 NaN
Jun 12th 16:39:18.306 UTC 2 15 39 845 838 2032.231 3638.4 0 971.4645 801.9733 0 0 59 0 0 1430 731.8757 2.559006
Jun 12th 16:38:25.848 UTC 3 13 1 604 593 1529.657 2741.316 5 196.0593 11.21506 1 1 79 0 0 0 0 NaN
Jun 12th 16:38:18.317 UTC 2 15 40 841 835 2027.086 3628.425 0 970.7838 801.6078 0 0 59 0 0 1420 727.6232 2.562053
Jun 12th 16:37:25.838 UTC 3 12 1 603 593 1527.632 2741.316 5 196.1449 11.22655 1 1 79 0 0 0 0 NaN
Jun 12th 16:37:18.307 UTC 2 15 36 840 835 2025.124 3628.425 0 970.8088 801.6078 0 0 59 0 0 1420 727.6232 2.562053
Jun 12th 16:36:24.826 UTC 3 11 1 601 593 1515.627 2741.316 5 196.2119 11.2331 1 1 78 0 0 0 0 NaN
Jun 12th 16:36:18.306 UTC 2 13 37 838 832 2022.462 3617.836 0 970.3736 801.2219 0 0 59 0 0 1420 727.6232 2.562053
Jun 12th 16:35:23.815 UTC 3 13 1 597 590 1506.569 2727.629 5 195.9692 11.24803 1 1 77 0 0 0 0 NaN
Jun 12th 16:35:17.234 UTC 2 15 38 835 826 2014.797 3594.229 0 969.4941 800.5672 0 0 58 0 0 1420 727.6232 2.562053
Jun 12th 16:34:23.817 UTC 3 15 1 596 586 1502.486 2707.101 5 195.8751 11.06536 1 1 77 0 0 0 0 NaN
Jun 12th 16:34:17.226 UTC 2 15 36 834 825 2012.787 3590.91 0 969.3148 800.2335 0 0 58 0 0 1420 727.6232 2.562053
Jun 12th 16:33:23.816 UTC 3 14 1 593 586 1492.717 2707.101 5 195.7403 11.07487 1 1 77 0 0 0 0 NaN
Jun 12th 16:33:17.216 UTC 2 14 36 830 822 2004.571 3582.941 0 968.202 799.0594 0 0 58 0 0 1420 727.6232 2.562053
Jun 12th 16:32:23.805 UTC 3 15 0 591 583 1487.537 2698.938 5 195.8989 11.03075 1 1 77 0 0 0 0 NaN
Jun 12th 16:32:17.234 UTC 2 14 34 826 821 1987.97 3576.802 0 967.158 798.8069 0 0 58 0 0 1420 727.6232 2.562053
Jun 12th 16:31:23.042 UTC 3 14 2 590 580 1484.072 2684.804 5 196.0915 11.02517 1 1 76 0 0 0 0 NaN
Jun 12th 16:31:17.225 UTC 2 14 33 823 819 1981.537 3563.307 0 966.251 798.3134 0 0 58 0 0 1420 727.6232 2.562053
Jun 12th 16:30:23.043 UTC 3 14 2 586 578 1473.895 2680.314 5 196.0383 10.96796 1 1 76 0 0 0 0 NaN
Jun 12th 16:30:16.224 UTC 2 13 35 822 816 1979.512 3554.566 0 966.0106 797.1671 0 0 57 0 0 1420 727.6232 2.562053
Jun 12th 16:29:23.032 UTC 3 12 0 583 577 1466.09 2674.742 5 196.1838 10.99554 1 1 76 0 0 0 0 NaN
Jun 12th 16:29:16.237 UTC 2 15 38 821 810 1977.795 3529.819 0 965.8392 795.9286 0 0 57 0 0 1420 727.6232 2.562053
Jun 12th 16:28:23.032 UTC 3 13 0 582 574 1464.455 2664.773 5 196.2482 11.0157 1 1 76 0 0 0 0 NaN
Jun 12th 16:28:16.232 UTC 2 14 39 818 807 1970.755 3512.137 0 965.0018 794.7145 0 0 57 0 0 1420 727.6232 2.562053
Jun 12th 16:27:23.031 UTC 3 11 1 578 574 1452.912 2664.773 5 196.5917 11.02924 1 1 76 0 0 0 0 NaN
Jun 12th 16:27:16.223 UTC 2 15 40 815 804 1962.002 3497.563 0 964.1719 793.9242 0 0 57 0 0 1405 723.2332 2.573783
Jun 12th 16:26:23.041 UTC 3 8 1 576 573 1448.907 2657.137 5 196.7188 11.09092 1 1 76 0 0 0 0 NaN
Jun 12th 16:26:16.225 UTC 2 15 40 812 803 1956.702 3492.135 0 963.4266 793.604 0 0 57 0 0 1405 723.2332 2.573783
Jun 12th 16:25:23.032 UTC 3 5 1 576 573 1448.907 2657.137 5 196.7188 11.11279 1 1 76 0 0 0 0 NaN
Jun 12th 16:25:16.234 UTC 2 15 40 810 803 1953.233 3492.135 0 962.8095 793.604 0 0 57 0 0 1390 712.4906 2.562916
Jun 12th 16:24:23.032 UTC 3 4 1 576 572 1448.907 2649.916 5 196.7188 11.14069 1 1 76 0 0 0 0 NaN
Jun 12th 16:24:16.224 UTC 2 15 38 806 802 1939.521 3485.434 0 961.6081 793.3784 0 0 57 0 0 1390 712.4906 2.562916
Jun 12th 16:23:21.886 UTC 3 8 0 575 568 1447.707 2630.785 5 196.6048 11.14069 1 1 75 0 0 0 0 NaN
Jun 12th 16:23:15.091 UTC 2 15 40 804 799 1931.861 3465.904 0 960.9915 792.7476 0 0 56 0 0 1380 707.2556 2.56252
Jun 12th 16:22:21.886 UTC 3 7 0 574 568 1446.807 2630.785 5 196.8358 11.15394 1 1 75 0 0 0 0 NaN
Jun 12th 16:22:15.102 UTC 2 14 39 803 797 1929.381 3453.746 0 960.7446 792.0419 0 0 56 0 0 1375 706.3555 2.568566
Jun 12th 16:21:21.092 UTC 3 7 0 573 567 1445.607 2627.801 5 196.6452 11.15818 1 1 74 0 0 0 0 NaN
Jun 12th 16:21:15.091 UTC 2 15 40 803 793 1929.381 3432.458 0 960.7446 791.243 0 0 56 0 0 1370 705.0056 2.573013
Jun 12th 16:20:21.112 UTC 3 7 0 572 567 1440.522 2627.801 5 196.7713 11.15818 1 1 74 0 0 0 0 NaN
Jun 12th 16:20:15.091 UTC 2 15 40 803 791 1929.381 3422.198 0 960.7446 790.7589 0 0 56 0 0 1350 693.0117 2.56671
Jun 12th 16:19:21.102 UTC 3 8 0 569 565 1431.669 2617.593 5 196.6603 11.16064 1 1 74 0 0 0 0 NaN
Jun 12th 16:19:15.101 UTC 2 15 39 799 790 1921.967 3417.45 0 960.1973 790.5314 0 0 56 0 0 1340 687.2292 2.564288
Jun 12th 16:18:20.112 UTC 3 7 1 569 565 1431.669 2617.593 5 196.6603 11.17532 1 1 73 0 0 0 0 NaN
Jun 12th 16:18:15.100 UTC 2 15 40 797 788 1919.597 3407.095 0 959.915 790.1407 0 0 56 0 0 1325 681.0942 2.570167
Jun 12th 16:17:20.122 UTC 3 8 0 569 563 1431.669 2608.693 5 196.6603 11.1813 1 1 73 0 0 0 0 NaN
Jun 12th 16:17:15.091 UTC 2 15 40 794 788 1906.867 3407.095 0 959.3115 790.1407 0 0 56 0 0 1305 667.6493 2.558043
Jun 12th 16:16:20.111 UTC 3 12 1 567 557 1427.446 2569.155 5 196.3505 11.19851 1 1 73 0 0 0 0 NaN
Jun 12th 16:16:15.090 UTC 2 15 39 791 786 1901.043 3398.077 0 958.7719 789.9779 0 0 56 0 0 1300 661.4393 2.543997
Jun 12th 16:15:19.244 UTC 3 15 1 566 553 1425.811 2541.663 5 196.5165 11.1798 1 1 72 0 0 0 0 NaN
Jun 12th 16:15:15.100 UTC 2 14 39 789 783 1897.868 3387.859 0 958.1433 789.6259 0 0 56 0 0 1300 661.4393 2.543997
Jun 12th 16:14:19.233 UTC 3 14 0 564 552 1421.328 2538.794 5 196.3065 11.20379 1 1 72 0 0 0 0 NaN
Jun 12th 16:14:15.100 UTC 2 15 40 788 781 1896.518 3376.955 0 957.7752 789.5088 0 0 56 0 0 1290 649.4918 2.51741
Jun 12th 16:13:19.236 UTC 3 14 0 562 552 1414.548 2538.794 5 196.4498 11.20379 1 1 72 0 0 0 0 NaN
Jun 12th 16:13:15.091 UTC 2 14 37 785 780 1884.332 3370.483 0 957.5776 789.4462 0 0 56 0 0 1285 645.5093 2.511709
Jun 12th 16:12:19.233 UTC 3 13 0 560 551 1406.87 2536.927 5 196.1899 11.22801 1 1 72 0 0 0 0 NaN
Jun 12th 16:12:15.091 UTC 2 14 40 784 774 1882.697 3341.954 0 957.323 788.4508 0 0 56 0 0 1285 645.5093 2.511709
Jun 12th 16:11:19.236 UTC 3 15 1 558 548 1400.435 2523.582 5 196.0813 11.10267 1 1 72 0 0 0 0 NaN
Jun 12th 16:11:12.940 UTC 2 14 39 782 772 1880.797 3337.828 0 957.0397 787.9892 0 0 54 0 0 1280 642.1193 2.508278
Jun 12th 16:10:19.235 UTC 3 13 4 554 547 1393.94 2515.911 5 195.133 10.7366 1 1 72 0 0 0 0 NaN
Jun 12th 16:10:12.930 UTC 2 15 40 780 769 1875.83 3325.587 0 956.4775 787.4053 0 0 54 0 0 1260 636.0142 2.523866
Jun 12th 16:09:19.244 UTC 3 15 3 552 544 1387.469 2497.958 5 194.3737 10.53813 1 1 72 0 0 0 0 NaN
Jun 12th 16:09:12.929 UTC 2 14 39 776 769 1865.543 3325.587 0 956.1351 787.2119 0 0 54 0 0 1250 630.3517 2.521407
Jun 12th 16:08:19.234 UTC 3 15 2 550 543 1383.644 2494.614 5 194.5583 10.40332 1 1 72 0 0 0 0 NaN
Jun 12th 16:08:12.940 UTC 2 15 39 772 765 1856.196 3307.477 0 955.2085 786.5875 0 0 54 0 0 1250 630.3517 2.521407
Jun 12th 16:07:19.235 UTC 3 15 1 549 542 1381.844 2489.521 5 194.7349 10.37359 1 1 72 0 0 0 0 NaN
Jun 12th 16:07:12.939 UTC 2 15 38 770 764 1849.223 3302.671 0 954.6946 786.3972 0 0 54 0 0 1245 627.8992 2.521683
Jun 12th 16:06:19.226 UTC 3 12 1 548 542 1380.494 2489.521 5 194.5748 10.40781 1 1 72 0 0 0 0 NaN
Jun 12th 16:06:12.927 UTC 2 15 38 769 762 1846.247 3291.132 0 954.6138 786.1501 0 0 54 0 0 1245 627.8992 2.521683
Jun 12th 16:05:19.236 UTC 3 12 1 546 539 1376.084 2476.699 5 194.5332 10.42778 1 1 72 0 0 0 0 NaN
Jun 12th 16:05:12.931 UTC 2 15 38 766 759 1838.489 3281.399 0 953.8823 785.6358 0 0 54 0 0 1245 627.8992 2.521683
Jun 12th 16:04:19.236 UTC 3 14 0 545 536 1372.694 2458.465 5 194.3109 10.43028 1 1 72 0 0 0 0 NaN
Jun 12th 16:04:12.930 UTC 2 15 38 765 756 1833.15 3273.779 0 953.6947 785.0238 0 0 54 0 0 1240 625.2142 2.521025
Jun 12th 16:03:17.247 UTC 3 13 1 542 535 1361.602 2456.754 5 194.1821 10.44618 1 1 70 0 0 0 0 NaN
Jun 12th 16:03:12.940 UTC 2 15 38 760 754 1819.102 3263.229 0 952.9406 784.6848 0 0 54 0 0 1240 625.2142 2.521025
Jun 12th 16:02:17.247 UTC 3 15 1 540 531 1358.482 2424.709 5 194.3979 10.34909 1 1 70 0 0 0 0 NaN
Jun 12th 16:02:12.929 UTC 2 15 37 757 751 1811.467 3246.836 0 952.3743 784.1854 0 0 54 0 0 1240 625.2142 2.521025
Jun 12th 16:01:16.279 UTC 3 14 1 538 530 1355.497 2421.949 5 194.2652 10.36664 1 1 69 0 0 0 0 NaN
Jun 12th 16:01:12.918 UTC 2 13 38 756 750 1809.577 3245.885 0 952.1133 783.6833 0 0 54 0 0 1240 625.2142 2.521025
Jun 12th 16:00:16.292 UTC 3 14 0 537 528 1354.897 2412.871 5 194.2811 10.38602 1 1 69 0 0 0 0 NaN
Jun 12th 16:00:12.940 UTC 2 14 39 754 745 1802.098 3220.95 0 951.8695 782.8721 0 0 54 0 0 1240 625.2142 2.521025
Jun 12th 15:59:15.380 UTC 3 15 2 536 525 1353.127 2392.384 5 194.4299 10.32791 1 1 68 0 0 0 0 NaN
Jun 12th 15:59:12.940 UTC 2 15 40 753 741 1801.298 3205.872 0 951.6243 782.0878 0 0 54 0 0 1230 622.0042 2.528472
Jun 12th 15:58:15.388 UTC 3 14 0 534 525 1350.267 2392.384 5 194.0561 10.34472 1 1 68 0 0 0 0 NaN
Jun 12th 15:58:12.930 UTC 2 15 40 749 739 1788.698 3196.873 0 950.8856 781.7183 0 0 54 0 0 1225 620.9141 2.534343
Jun 12th 15:57:15.388 UTC 3 12 0 533 523 1347.814 2385.351 5 194.104 10.38701 1 1 68 0 0 0 0 NaN
Jun 12th 15:57:12.929 UTC 2 15 40 745 739 1777.377 3196.873 0 949.9119 781.7183 0 0 54 0 0 1220 616.3916 2.526195
Jun 12th 15:56:15.380 UTC 3 14 0 529 521 1332.78 2374.434 5 193.2897 10.38701 1 1 68 0 0 0 0 NaN
Jun 12th 15:56:12.928 UTC 2 15 40 743 735 1773.372 3177.063 0 949.3846 780.8829 0 0 54 0 0 1210 612.4691 2.530864
Jun 12th 15:55:14.521 UTC 3 15 1 527 520 1326.792 2370.643 5 193.4588 10.38701 1 1 67 0 0 0 0 NaN
Jun 12th 15:55:12.939 UTC 2 15 38 740 734 1760.932 3171.121 0 948.713 780.692 0 0 54 0 0 1200 603.8403 2.516001
Jun 12th 15:54:14.511 UTC 3 14 0 526 519 1324.092 2368.904 5 193.2695 10.42107 1 1 67 0 0 0 0 NaN
Jun 12th 15:54:11.979 UTC 2 15 39 739 732 1759.074 3162.367 0 948.5063 780.2538 0 0 53 0 0 1195 595.4703 2.491508
Jun 12th 15:53:14.522 UTC 3 13 0 522 517 1317.441 2357.824 5 193.2691 10.43689 1 1 67 0 0 0 0 NaN
Jun 12th 15:53:11.988 UTC 2 14 40 738 730 1756.764 3155.216 0 948.3481 779.6477 0 0 53 0 0 1195 595.4703 2.491508
Jun 12th 15:52:14.511 UTC 3 15 1 521 514 1316.091 2345.072 5 193.3498 10.409 1 1 67 0 0 0 0 NaN
Jun 12th 15:52:11.980 UTC 2 14 37 734 728 1746.217 3143.801 0 947.7258 779.3452 0 0 53 0 0 1195 595.4703 2.491508
Jun 12th 15:51:14.511 UTC 3 13 0 520 513 1312.701 2341.868 5 193.1927 10.43808 1 1 67 0 0 0 0 NaN
Jun 12th 15:51:11.980 UTC 2 15 38 733 724 1744.009 3125.823 0 947.6108 778.7814 0 0 53 0 0 1195 595.4703 2.491508
Jun 12th 15:50:14.512 UTC 3 11 0 520 511 1312.701 2335.837 5 193.1927 10.4949 1 1 67 0 0 0 0 NaN
Jun 12th 15:50:11.979 UTC 2 15 40 731 722 1740.756 3111.095 0 947.0337 778.4352 0 0 53 0 0 1190 592.7703 2.490632
Jun 12th 15:49:13.735 UTC 3 11 0 515 510 1304.171 2334.133 5 193.4387 10.49872 1 1 66 0 0 0 0 NaN
Jun 12th 15:49:11.991 UTC 2 15 38 728 720 1735.698 3106.682 0 946.5729 778.0885 0 0 53 0 0 1190 592.7703 2.490632
Jun 12th 15:48:13.745 UTC 3 9 1 513 510 1300.696 2334.133 5 193.5455 10.51785 1 1 66 0 0 0 0 NaN
Jun 12th 15:48:11.981 UTC 2 14 37 726 718 1733.448 3100.265 0 946.1918 777.6577 0 0 53 0 0 1190 592.7703 2.490632
Jun 12th 15:47:13.726 UTC 3 9 0 511 506 1297.441 2322.891 5 193.8252 10.54916 1 1 66 0 0 0 0 NaN
Jun 12th 15:47:11.990 UTC 2 15 38 723 715 1724.739 3094.945 0 945.284 777.1928 0 0 53 0 0 1190 592.7703 2.490632
Jun 12th 15:46:13.735 UTC 3 9 0 510 505 1293.459 2316.575 5 194.0663 10.57276 1 0 66 0 0 0 0 NaN
Jun 12th 15:46:11.989 UTC 2 15 37 719 713 1714.197 3084.376 0 944.782 776.772 0 0 53 0 0 1190 592.7703 2.490632
Jun 12th 15:45:13.737 UTC 3 8 0 509 504 1292.119 2313.333 5 194.3059 10.5926 1 0 66 0 0 0 0 NaN
Jun 12th 15:45:10.947 UTC 2 15 38 717 709 1710.945 3067.773 0 944.4028 776.0396 0 0 52 0 0 1190 592.7703 2.490632
Jun 12th 15:44:12.938 UTC 3 5 0 507 504 1287.304 2313.333 5 194.4474 10.61976 1 0 65 0 0 0 0 NaN
Jun 12th 15:44:10.950 UTC 2 15 40 716 707 1709.145 3060.746 0 944.0076 775.5013 0 0 52 0 0 1185 589.3053 2.48652
Jun 12th 15:43:12.950 UTC 3 7 0 505 502 1277.394 2305.001 5 194.6575 10.61976 1 0 65 0 0 0 0 NaN
Jun 12th 15:43:10.948 UTC 2 14 39 712 704 1698.029 3043.44 0 943.2877 774.5439 0 0 52 0 0 1180 585.6265 2.481468
Jun 12th 15:42:12.948 UTC 3 7 0 504 501 1274.694 2299.126 5 194.6332 10.62548 1 0 65 0 0 0 0 NaN
Jun 12th 15:42:10.950 UTC 2 15 39 710 701 1692.506 3027.539 0 942.8422 773.9676 0 0 52 0 0 1170 582.9265 2.491139
Jun 12th 15:41:12.948 UTC 3 6 1 504 499 1274.694 2291.914 5 194.6332 10.67041 1 0 65 0 0 0 0 NaN
Jun 12th 15:41:10.958 UTC 2 15 40 708 700 1688.966 3022.497 0 942.3549 773.6782 0 0 52 0 0 1155 577.2265 2.498816
Jun 12th 15:40:12.154 UTC 3 7 1 502 498 1268.12 2288.618 5 194.7218 10.67041 1 0 64 0 0 0 0 NaN
Jun 12th 15:40:10.948 UTC 2 15 38 707 699 1686.311 3017.959 0 942.084 773.4959 0 0 52 0 0 1145 573.6865 2.505181
Jun 12th 15:39:11.275 UTC 3 9 1 501 496 1266.77 2277.36 5 194.8988 10.67041 1 0 63 0 0 0 0 NaN
Jun 12th 15:39:09.980 UTC 2 15 39 703 697 1677.943 3006.829 0 940.9871 773.1254 0 0 51 0 0 1135 567.9139 2.501823
Jun 12th 15:38:11.265 UTC 3 8 0 500 495 1264.93 2270.499 5 194.8048 10.68287 1 0 63 0 0 0 0 NaN
Jun 12th 15:38:09.969 UTC 2 14 38 700 696 1672.114 3002.77 0 939.952 772.8204 0 0 51 0 0 1135 567.9139 2.501823
Jun 12th 15:37:10.318 UTC 3 12 1 498 490 1262.33 2244.083 5 194.9017 10.69615 1 0 62 0 0 0 0 NaN
Jun 12th 15:37:09.981 UTC 2 14 38 699 692 1671.474 2994.029 0 939.8055 771.9744 0 0 51 0 0 1135 567.9139 2.501823
Jun 12th 15:36:09.978 UTC 2 14 37 695 690 1663.377 2983.75 0 939.3532 771.5486 0 0 51 0 0 1135 567.9139 2.501823
Jun 12th 15:36:08.819 UTC 3 12 1 498 489 1262.33 2242.059 5 194.9017 10.7034 1 0 60 0 0 0 0 NaN
Jun 12th 15:35:09.982 UTC 2 15 40 694 684 1662.817 2954.223 0 939.1294 770.3618 0 0 51 0 0 1130 565.8889 2.503933
Jun 12th 15:35:08.820 UTC 3 14 0 494 486 1254.87 2228.682 5 194.4481 10.71967 1 0 60 0 0 0 0 NaN
Jun 12th 15:34:09.991 UTC 2 15 39 692 682 1658.155 2941.615 0 938.7896 769.851 0 0 51 0 0 1125 564.2539 2.507795
Jun 12th 15:34:08.829 UTC 3 14 1 491 483 1242.889 2217.59 5 193.7905 10.60218 1 0 60 0 0 0 0 NaN
Jun 12th 15:33:09.980 UTC 2 15 39 690 680 1654.278 2929.609 0 938.3898 769.3416 0 0 51 0 0 1115 561.2539 2.516834
Jun 12th 15:33:08.820 UTC 3 15 1 490 481 1238.906 2205.116 5 193.7556 10.44534 1 0 60 0 0 0 0 NaN
Jun 12th 15:32:09.979 UTC 2 15 39 690 679 1654.278 2923.779 0 938.3898 769.1016 0 0 51 0 0 1095 547.8563 2.501627
Jun 12th 15:32:08.820 UTC 3 15 2 487 479 1230.379 2200.266 5 193.4172 9.933315 1 0 60 0 0 0 0 NaN
Jun 12th 15:31:09.980 UTC 2 15 38 684 677 1644.038 2912.269 0 937.0457 768.7568 0 0 51 0 0 1085 544.4013 2.508762
Jun 12th 15:31:08.812 UTC 3 14 6 484 476 1222.474 2180.847 5 192.7502 9.069801 1 0 60 0 0 0 0 NaN
Jun 12th 15:30:08.886 UTC 2 15 36 683 676 1642.767 2909.132 0 936.6736 768.5931 0 0 50 0 0 1085 544.4013 2.508762
Jun 12th 15:30:08.830 UTC 3 15 5 481 475 1216.505 2174.117 5 192.7461 9.069801 1 0 60 0 0 0 0 NaN
Jun 12th 15:29:08.877 UTC 2 15 35 680 676 1638.035 2909.132 0 935.752 768.5931 0 0 50 0 0 1085 544.4013 2.508762
Jun 12th 15:29:08.822 UTC 3 15 2 480 473 1215.705 2166.239 5 192.6918 8.862832 1 0 60 0 0 0 0 NaN
Jun 12th 15:28:08.877 UTC 2 14 37 678 673 1633.94 2895.209 0 935.316 768.1665 0 0 50 0 0 1085 544.4013 2.508762
Jun 12th 15:28:08.821 UTC 3 15 3 479 469 1209.495 2153.184 5 192.5114 8.322175 1 0 60 0 0 0 0 NaN
Jun 12th 15:27:08.887 UTC 2 14 34 676 671 1631.735 2890.445 0 934.745 767.7747 0 0 50 0 0 1085 544.4013 2.508762
Jun 12th 15:27:08.832 UTC 3 15 3 476 468 1203.146 2146.98 5 192.7667 8.211936 1 0 60 0 0 0 0 NaN
Jun 12th 15:26:08.867 UTC 2 14 37 674 668 1623.797 2873.36 0 934.5394 767.2347 0 0 50 0 0 1085 544.4013 2.508762
Jun 12th 15:26:08.821 UTC 3 14 0 472 467 1190.438 2142.005 5 192.6763 8.232708 1 0 60 0 0 0 0 NaN
Jun 12th 15:25:08.886 UTC 2 14 39 672 663 1621.682 2857.216 0 934.2202 766.0632 0 0 50 0 0 1085 544.4013 2.508762
Jun 12th 15:25:08.821 UTC 3 12 0 470 466 1187.323 2139.586 5 192.597 8.238149 1 0 60 0 0 0 0 NaN
Jun 12th 15:24:08.813 UTC 3 11 1 469 464 1184.623 2133.079 5 192.5496 8.257215 1 0 60 0 0 0 0 NaN
Jun 12th 15:24:07.673 UTC 2 15 38 671 661 1615.58 2849.248 0 934.1812 765.8062 0 0 49 0 0 1085 544.4013 2.508762
Jun 12th 15:23:08.827 UTC 3 10 1 467 463 1177.382 2132.01 5 192.6219 8.267205 1 0 60 0 0 0 0 NaN
Jun 12th 15:23:07.674 UTC 2 15 40 668 656 1605.814 2830.72 0 934.0521 764.7595 0 0 49 0 0 1085 544.4013 2.508762
Jun 12th 15:22:08.829 UTC 3 9 1 465 461 1174.397 2122.532 5 192.9255 8.282434 1 0 60 0 0 0 0 NaN
Jun 12th 15:22:07.675 UTC 2 15 39 664 656 1595.903 2830.72 0 933.1755 764.7595 0 0 49 0 0 1075 542.1663 2.521704
Jun 12th 15:21:08.820 UTC 3 10 0 463 458 1170.324 2109.315 5 193.2086 8.292675 1 0 60 0 0 0 0 NaN
Jun 12th 15:21:07.663 UTC 2 15 38 658 654 1584.438 2821.176 0 932.1085 764.5664 0 0 49 0 0 1075 542.1663 2.521704
Jun 12th 15:20:08.818 UTC 3 11 0 461 456 1167.149 2102.16 5 193.5192 8.302077 1 0 60 0 0 0 0 NaN
Jun 12th 15:20:07.672 UTC 2 15 38 658 650 1584.438 2809.365 0 932.1085 764.1195 0 0 49 0 0 1075 542.1663 2.521704
Jun 12th 15:19:08.827 UTC 3 8 1 460 455 1165.379 2097.884 5 193.7695 8.338189 1 0 60 0 0 0 0 NaN
Jun 12th 15:19:07.672 UTC 2 14 37 654 650 1570.552 2809.365 0 931.4841 763.9844 0 0 49 0 0 1075 542.1663 2.521704
Jun 12th 15:18:08.828 UTC 3 7 0 459 454 1162.679 2093.557 5 193.8462 8.340254 1 0 60 0 0 0 0 NaN
Jun 12th 15:18:07.684 UTC 2 14 39 654 645 1570.552 2791.118 0 931.4841 762.9078 0 0 49 0 0 1075 542.1663 2.521704
Jun 12th 15:17:08.818 UTC 3 8 0 458 452 1158.157 2087.8 5 193.6087 8.356477 1 0 60 0 0 0 0 NaN
Jun 12th 15:17:07.661 UTC 2 15 40 649 641 1553.675 2769.275 0 930.9247 762.1976 0 0 49 0 0 1065 538.9563 2.530311
Jun 12th 15:16:08.819 UTC 3 10 0 455 450 1154.247 2082.414 5 193.8347 8.356477 1 0 60 0 0 0 0 NaN
Jun 12th 15:16:07.682 UTC 2 14 40 648 639 1552.775 2758.177 0 930.7832 761.5391 0 0 49 0 0 1050 530.1588 2.524566
Jun 12th 15:15:08.830 UTC 3 10 0 453 449 1150.227 2078.98 5 193.6738 8.370574 1 0 60 0 0 0 0 NaN
Jun 12th 15:15:07.672 UTC 2 14 40 647 637 1546.801 2749.296 0 930.7042 761.1863 0 0 49 0 0 1040 524.1613 2.520006
Jun 12th 15:14:08.818 UTC 3 10 0 451 448 1142.194 2072.141 5 193.9741 8.373868 1 0 60 0 0 0 0 NaN
Jun 12th 15:14:07.674 UTC 2 14 40 644 635 1541.996 2739.732 0 930.3705 760.8669 0 0 49 0 0 1025 518.5688 2.529604
Jun 12th 15:13:08.041 UTC 3 10 1 449 445 1136.959 2059.022 5 194.2106 8.398187 1 0 59 0 0 0 0 NaN
Jun 12th 15:13:07.663 UTC 2 15 39 640 634 1531.106 2735.385 0 929.9277 760.8669 0 0 49 0 0 1020 516.7688 2.53318
Jun 12th 15:12:08.052 UTC 3 7 0 448 445 1134.259 2059.022 5 194.507 8.413394 1 0 59 0 0 0 0 NaN
Jun 12th 15:12:07.662 UTC 2 15 39 637 632 1526.722 2730.229 0 929.35 760.7324 0 0 49 0 0 1020 516.7688 2.53318
Jun 12th 15:11:08.052 UTC 3 5 1 448 444 1134.259 2055.065 5 194.507 8.43105 1 0 59 0 0 0 0 NaN
Jun 12th 15:11:07.672 UTC 2 15 38 636 630 1523.556 2721.753 0 929.0343 760.6808 0 0 49 0 0 1020 516.7688 2.53318
Jun 12th 15:10:08.042 UTC 3 6 0 447 442 1133.659 2038.953 5 194.5184 8.431787 1 0 59 0 0 0 0 NaN
Jun 12th 15:10:06.466 UTC 2 15 39 632 627 1517.124 2707.144 0 928.5156 760.4697 0 0 48 0 0 1015 513.3788 2.52896
Jun 12th 15:09:08.041 UTC 3 7 0 446 441 1130.959 2035.051 5 194.3263 8.431787 1 0 59 0 0 0 0 NaN
Jun 12th 15:09:06.459 UTC 2 15 39 631 623 1514.364 2691.313 0 928.5359 759.9765 0 0 48 0 0 1010 512.2888 2.536083
Jun 12th 15:08:08.051 UTC 3 9 0 444 439 1126.909 2022.637 5 194.2281 8.431787 1 0 59 0 0 0 0 NaN
Jun 12th 15:08:06.455 UTC 2 14 40 628 619 1505.172 2675.919 0 928.3503 759.2917 0 0 48 0 0 1005 507.0913 2.522842
Jun 12th 15:07:08.041 UTC 3 9 0 444 439 1126.909 2022.637 5 194.2281 8.431787 1 0 59 0 0 0 0 NaN
Jun 12th 15:07:06.449 UTC 2 14 39 625 615 1494.434 2662.797 0 928.0293 758.4901 0 0 48 0 0 1000 501.1175 2.505588
Jun 12th 15:06:07.192 UTC 3 11 1 443 436 1126.009 2005.587 5 194.3023 8.449905 1 0 58 0 0 0 0 NaN
Jun 12th 15:06:06.467 UTC 2 15 40 622 611 1487.255 2643.271 0 927.5541 757.7216 0 0 48 0 0 990 494.8325 2.499154
Jun 12th 15:05:07.205 UTC 3 13 0 442 432 1124.209 1977.665 5 194.0919 8.456558 1 0 58 0 0 0 0 NaN
Jun 12th 15:05:06.463 UTC 2 15 40 620 611 1484.328 2643.271 0 927.3114 757.7216 0 0 48 0 0 975 485.9675 2.492141
Jun 12th 15:04:07.194 UTC 3 14 0 441 430 1118.168 1967.651 5 193.7193 8.467782 1 0 58 0 0 0 0 NaN
Jun 12th 15:04:06.453 UTC 2 15 40 618 609 1479.2 2636.125 0 927.0101 757.2067 0 0 48 0 0 965 479.8025 2.486023
Jun 12th 15:03:06.448 UTC 2 15 38 614 609 1470.682 2636.125 0 926.2734 757.2067 0 0 48 0 0 960 479.2025 2.495846
Jun 12th 15:03:05.033 UTC 3 13 0 437 430 1107.848 1967.651 5 193.6413 8.470063 1 0 56 0 0 0 0 NaN
Jun 12th 15:02:06.459 UTC 2 14 37 610 607 1460.378 2628.658 0 925.9882 756.9153 0 0 48 0 0 960 479.2025 2.495846
Jun 12th 15:02:04.162 UTC 3 15 0 435 428 1102.493 1958.429 5 193.7082 8.470063 1 0 55 0 0 0 0 NaN
Jun 12th 15:01:06.454 UTC 2 15 34 609 604 1454.404 2614.512 0 925.7611 756.8299 0 0 48 0 0 960 479.2025 2.495846
Jun 12th 15:01:04.164 UTC 3 14 1 434 427 1098.51 1956.17 5 193.766 8.472428 1 0 55 0 0 0 0 NaN
Jun 12th 15:00:06.455 UTC 2 13 36 608 602 1453.054 2602.316 0 925.6473 756.8443 0 0 48 0 0 960 479.2025 2.495846
Jun 12th 15:00:04.164 UTC 3 12 0 432 427 1093.986 1956.17 5 193.2471 8.502204 1 0 55 0 0 0 0 NaN
Jun 12th 14:59:05.391 UTC 2 15 38 607 596 1451.964 2584.104 0 925.4129 756.3091 0 0 47 0 0 960 479.2025 2.495846
Jun 12th 14:59:04.154 UTC 3 10 0 429 426 1086.996 1951.057 5 193.1799 8.532405 1 0 55 0 0 0 0 NaN
Jun 12th 14:58:04.194 UTC 2 15 40 604 593 1447.078 2578.606 0 925.0004 755.6386 0 0 46 0 0 960 479.2025 2.495846
Jun 12th 14:58:04.153 UTC 3 7 0 427 426 1085.496 1951.057 5 192.6578 8.557867 1 0 55 0 0 0 0 NaN
Jun 12th 14:57:04.185 UTC 2 15 38 599 593 1434.41 2578.606 0 924.4794 755.6386 0 0 46 0 0 945 474.5425 2.510807
Jun 12th 14:57:04.163 UTC 3 9 0 427 424 1085.496 1939.078 5 192.6578 8.557867 1 0 55 0 0 0 0 NaN
Jun 12th 14:56:04.194 UTC 2 15 39 595 589 1423.631 2562.513 0 923.9372 754.9169 0 0 46 0 0 940 469.4575 2.497114
Jun 12th 14:56:04.163 UTC 3 8 0 427 423 1085.496 1935.845 5 192.6578 8.575822 1 0 55 0 0 0 0 NaN
Jun 12th 14:55:04.191 UTC 2 15 40 593 585 1420.872 2542.853 0 923.3732 754.1223 0 0 46 0 0 930 465.6625 2.503562
Jun 12th 14:55:04.151 UTC 3 9 0 426 422 1081.817 1929.103 5 192.6197 8.575822 1 0 55 0 0 0 0 NaN
Jun 12th 14:54:04.182 UTC 2 15 38 592 582 1417.686 2529.035 0 923.3549 753.4855 0 0 46 0 0 930 465.6625 2.503562
Jun 12th 14:54:04.163 UTC 3 8 1 425 421 1077.834 1926.547 5 192.6597 8.582256 1 0 55 0 0 0 0 NaN
Jun 12th 14:53:04.203 UTC 2 15 40 589 579 1413.966 2518.75 0 922.9437 752.8389 0 0 46 0 0 925 461.9425 2.496987
Jun 12th 14:53:03.132 UTC 3 9 0 424 419 1076.034 1919.749 5 192.8121 8.595999 1 0 54 0 0 0 0 NaN
Jun 12th 14:52:04.193 UTC 2 15 37 587 579 1404.977 2518.75 0 922.6677 752.8389 0 0 46 0 0 915 458.0875 2.503211
Jun 12th 14:52:03.132 UTC 3 8 1 421 418 1056.932 1914.267 5 193.0249 8.59324 1 0 54 0 0 0 0 NaN
Jun 12th 14:51:04.182 UTC 2 15 39 582 576 1394.655 2498.404 0 921.5205 752.3819 0 0 46 0 0 915 458.0875 2.503211
Jun 12th 14:51:03.143 UTC 3 6 0 421 417 1056.932 1908.383 5 193.0249 8.635169 1 0 54 0 0 0 0 NaN
Jun 12th 14:50:04.202 UTC 2 15 40 580 573 1390.867 2485.154 0 921.0681 751.8761 0 0 46 0 0 900 450.1375 2.500764
Jun 12th 14:50:03.144 UTC 3 7 0 419 415 1051.797 1900.012 5 192.8307 8.637487 1 0 54 0 0 0 0 NaN
Jun 12th 14:49:04.193 UTC 2 15 38 578 572 1387.705 2481.759 0 920.7104 751.6956 0 0 46 0 0 890 447.6975 2.515155
Jun 12th 14:49:03.134 UTC 3 11 0 418 411 1050.162 1880.007 5 193.0663 8.637487 1 0 54 0 0 0 0 NaN
Jun 12th 14:48:03.193 UTC 2 15 37 578 568 1387.705 2466.786 0 920.7104 750.9089 0 0 45 0 0 890 447.6975 2.515155
Jun 12th 14:48:03.144 UTC 3 13 0 417 409 1048.952 1870.919 5 192.9942 8.637487 1 0 54 0 0 0 0 NaN
Jun 12th 14:47:02.212 UTC 2 14 40 574 565 1375.511 2450.715 0 920.1409 749.9904 0 0 44 0 0 890 447.6975 2.515155
Jun 12th 14:47:02.164 UTC 3 13 0 416 407 1047.317 1857.529 5 192.8912 8.651485 1 0 53 0 0 0 0 NaN
Jun 12th 14:46:02.203 UTC 2 15 40 572 563 1368.608 2439.917 0 920.0773 749.757 0 0 44 0 0 880 440.8875 2.505043
Jun 12th 14:46:02.174 UTC 3 13 0 413 405 1038.917 1847.866 5 193.1053 8.667967 1 0 53 0 0 0 0 NaN
Jun 12th 14:45:02.203 UTC 2 15 40 570 561 1361.32 2435.324 0 919.3171 749.3314 0 0 44 0 0 865 434.08 2.509133
Jun 12th 14:45:02.165 UTC 3 14 0 410 403 1031.41 1837.466 5 192.8466 8.67269 1 0 53 0 0 0 0 NaN
Jun 12th 14:44:02.202 UTC 2 15 39 567 560 1351.195 2431.604 0 919.1236 749.2262 0 0 44 0 0 865 434.08 2.509133
Jun 12th 14:44:01.249 UTC 3 13 0 409 402 1030.06 1832.405 5 192.7313 8.686869 1 0 52 0 0 0 0 NaN
Jun 12th 14:43:02.202 UTC 2 15 40 562 556 1335.073 2418.252 0 917.9319 748.7961 0 0 44 0 0 855 429.7875 2.513377
Jun 12th 14:43:01.268 UTC 3 12 0 407 402 1025.176 1832.405 5 192.7574 8.693823 1 0 52 0 0 0 0 NaN
Jun 12th 14:42:02.203 UTC 2 15 37 561 555 1330.609 2412.556 0 917.9543 748.7434 0 0 44 0 0 855 429.7875 2.513377
Jun 12th 14:42:01.258 UTC 3 13 1 405 399 1020.103 1813.08 5 192.7424 8.71996 1 0 52 0 0 0 0 NaN
Jun 12th 14:41:02.213 UTC 2 14 37 558 553 1323.373 2406.317 0 917.4215 748.2314 0 0 44 0 0 855 429.7875 2.513377
Jun 12th 14:41:01.249 UTC 3 12 0 404 398 1014.906 1808.089 5 192.413 8.729381 1 0 52 0 0 0 0 NaN
Jun 12th 14:40:02.213 UTC 2 15 38 556 549 1318.148 2390.808 0 917.181 747.7335 0 0 44 0 0 855 429.7875 2.513377
Jun 12th 14:40:01.259 UTC 3 10 0 402 397 1001.305 1804.716 5 192.2727 8.77547 1 0 52 0 0 0 0 NaN
Jun 12th 14:39:02.213 UTC 2 12 38 554 547 1314.728 2379.364 0 916.8541 746.8593 0 0 44 0 0 855 429.7875 2.513377
Jun 12th 14:39:01.266 UTC 3 10 0 401 396 1000.404 1797.328 5 192.2826 8.775496 1 0 52 0 0 0 0 NaN
Jun 12th 14:38:01.142 UTC 2 15 40 553 542 1312.744 2355.354 0 916.7151 746.3566 0 0 43 0 0 845 422.79 2.501716
Jun 12th 14:37:59.276 UTC 3 11 1 400 394 994.4307 1784.092 5 192.2725 8.795194 1 0 50 0 0 0 0 NaN
Jun 12th 14:36:59.815 UTC 2 15 39 551 540 1308.546 2342.344 0 915.9661 745.863 0 0 42 0 0 845 422.79 2.501716
Jun 12th 14:36:59.278 UTC 3 12 0 398 392 991.9907 1778.864 5 192.1839 8.813966 1 0 50 0 0 0 0 NaN
Jun 12th 14:35:59.825 UTC 2 15 38 547 539 1300.783 2339.526 0 914.9724 745.6085 0 0 42 0 0 840 420.135 2.500804
Jun 12th 14:35:59.278 UTC 3 10 1 397 391 990.1507 1776.388 5 191.8835 8.843334 1 0 50 0 0 0 0 NaN
Jun 12th 14:34:59.814 UTC 2 15 40 545 537 1295.457 2331.478 0 914.2508 745.2688 0 0 42 0 0 830 414.88 2.499277
Jun 12th 14:34:58.370 UTC 3 9 0 396 390 988.3507 1773.778 5 192.1612 8.86117 1 0 49 0 0 0 0 NaN
Jun 12th 14:33:59.814 UTC 2 15 38 540 535 1280.449 2320.728 0 912.7971 744.6593 0 0 42 0 0 830 414.88 2.499277
Jun 12th 14:33:58.379 UTC 3 8 0 391 390 975.1007 1773.778 5 191.9303 8.870131 1 0 49 0 0 0 0 NaN
Jun 12th 14:32:59.814 UTC 2 15 36 539 533 1277.75 2313.206 0 912.2672 744.1458 0 0 42 0 0 830 414.88 2.499277
Jun 12th 14:32:58.379 UTC 3 9 0 390 388 969.127 1766.547 5 192.1409 8.891709 1 0 49 0 0 0 0 NaN
Jun 12th 14:31:59.824 UTC 2 15 36 538 530 1277.27 2302.841 0 912.0032 743.1601 0 0 42 0 0 830 414.88 2.499277
Jun 12th 14:31:57.365 UTC 3 12 1 390 382 969.127 1745.533 5 192.1409 8.921707 1 0 48 0 0 0 0 NaN
Jun 12th 14:30:59.825 UTC 2 15 36 535 527 1270.339 2293.708 0 910.5273 742.361 0 0 42 0 0 830 414.88 2.499277
Jun 12th 14:30:57.371 UTC 3 12 1 388 380 960.457 1737.785 5 192.8333 8.937632 1 0 48 0 0 0 0 NaN
Jun 12th 14:29:59.826 UTC 2 14 35 533 525 1262.374 2283.264 0 910.0551 741.4844 0 0 42 0 0 830 414.88 2.499277
Jun 12th 14:29:57.361 UTC 3 11 1 384 379 951.4569 1735.583 5 193.5676 8.943774 1 0 48 0 0 0 0 NaN
Jun 12th 14:28:58.909 UTC 2 15 38 529 520 1251.283 2264.943 0 908.1002 740.0031 0 0 41 0 0 830 414.88 2.499277
Jun 12th 14:28:57.368 UTC 3 8 1 383 379 950.2569 1735.583 5 193.8442 8.993232 1 0 48 0 0 0 0 NaN
Jun 12th 14:27:58.912 UTC 2 15 40 527 518 1247.75 2259.802 0 907.2774 738.9174 0 0 41 0 0 815 404.7513 2.483136
Jun 12th 14:27:57.369 UTC 3 9 0 380 376 944.7744 1728.049 5 194.0049 9.010474 1 0 48 0 0 0 0 NaN
Jun 12th 14:26:58.902 UTC 2 15 38 524 517 1240.461 2253.213 0 906.2086 738.47 0 0 41 0 0 815 404.7513 2.483136
Jun 12th 14:26:57.359 UTC 3 8 0 379 375 942.9744 1725.818 5 194.3095 9.053952 1 0 48 0 0 0 0 NaN
Jun 12th 14:25:57.941 UTC 2 15 37 520 515 1231.554 2243.939 0 904.0001 737.572 0 0 40 0 0 815 404.7513 2.483136
Jun 12th 14:25:57.360 UTC 3 8 0 377 373 937.2019 1716.813 5 194.2773 9.074339 1 0 48 0 0 0 0 NaN
Jun 12th 14:24:57.368 UTC 3 9 0 374 369 921.7556 1699.38 5 195.0007 9.113034 1 0 48 0 0 0 0 NaN
Jun 12th 14:24:56.821 UTC 2 15 39 518 512 1228.341 2230.671 0 902.7805 736.1302 0 0 39 0 0 815 404.7513 2.483136
Jun 12th 14:23:57.371 UTC 3 10 1 374 366 921.7556 1681.752 5 195.0007 9.149427 1 0 48 0 0 0 0 NaN
Jun 12th 14:23:56.808 UTC 2 15 39 517 508 1225.641 2207.254 0 902.287 734.2394 0 0 39 0 0 815 404.7513 2.483136
Jun 12th 14:22:56.817 UTC 2 15 39 516 506 1221.962 2198.131 0 901.96 733.1104 0 0 39 0 0 810 403.5512 2.491057
Jun 12th 14:22:55.972 UTC 3 10 1 373 365 919.4956 1674.773 5 195.1528 9.152788 1 0 46 0 0 0 0 NaN
Jun 12th 14:21:55.980 UTC 3 12 0 371 363 913.7206 1666.065 5 195.2414 9.152788 1 0 46 0 0 0 0 NaN
Jun 12th 14:21:55.744 UTC 2 15 40 514 503 1215.014 2184.032 0 901.2017 731.5269 0 0 38 0 0 805 400.2312 2.485908
Jun 12th 14:20:55.981 UTC 3 11 0 366 362 905.3517 1664.756 5 195.1969 9.156433 1 0 46 0 0 0 0 NaN
Jun 12th 14:20:55.734 UTC 2 15 40 512 501 1211.936 2173.527 0 900.5437 730.4404 0 0 38 0 0 795 395.1587 2.485275
Jun 12th 14:19:55.980 UTC 3 13 1 365 359 903.3417 1650.112 5 195.5686 9.167747 1 0 46 0 0 0 0 NaN
Jun 12th 14:19:55.745 UTC 2 15 40 509 501 1204.263 2173.527 0 899.1921 730.4404 0 0 38 0 0 770 381.9862 2.48043
Jun 12th 14:18:55.970 UTC 3 10 0 363 359 896.9067 1650.112 5 195.6332 9.182974 1 0 46 0 0 0 0 NaN
Jun 12th 14:18:55.746 UTC 2 15 39 504 500 1195.008 2167.694 0 896.9586 730.1425 0 0 38 0 0 770 381.9862 2.48043
Jun 12th 14:17:55.734 UTC 2 13 40 503 499 1192.998 2161.088 0 896.6188 729.3199 0 0 38 0 0 770 381.9862 2.48043
Jun 12th 14:17:55.021 UTC 3 8 1 362 358 895.8167 1645.246 5 195.4047 9.225491 1 0 45 0 0 0 0 NaN
Jun 12th 14:16:55.756 UTC 2 15 38 501 496 1186.068 2146.415 0 895.7529 728.9568 0 0 38 0 0 765 378.6662 2.474942
Jun 12th 14:16:55.021 UTC 3 8 0 361 357 894.0467 1642.275 5 195.2041 9.231549 1 0 45 0 0 0 0 NaN
Jun 12th 14:15:55.745 UTC 2 15 39 501 491 1186.068 2126.988 0 895.7529 727.1476 0 0 38 0 0 765 378.6662 2.474942
Jun 12th 14:15:54.071 UTC 3 9 1 360 355 889.5242 1628.499 5 195.1627 9.251394 1 0 44 0 0 0 0 NaN
Jun 12th 14:14:55.744 UTC 2 15 39 499 489 1181.598 2116.049 0 895.4703 726.3967 0 0 38 0 0 750 374.8112 2.498741
Jun 12th 14:14:54.082 UTC 3 10 0 358 354 880.6141 1625.643 5 194.8042 9.251394 1 0 44 0 0 0 0 NaN
Jun 12th 14:13:55.755 UTC 2 15 39 497 487 1173.172 2110.008 0 895.0823 725.6638 0 0 38 0 0 750 374.8112 2.498741
Jun 12th 14:13:53.388 UTC 3 9 0 357 353 875.4166 1622.206 5 195.0191 9.280787 1 0 43 0 0 0 0 NaN
Jun 12th 14:12:55.744 UTC 2 15 39 493 484 1164.634 2095.185 0 894.0114 724.7188 0 0 38 0 0 745 372.9962 2.50333
Jun 12th 14:12:53.377 UTC 3 7 0 356 353 873.3916 1622.206 5 195.2213 9.305312 1 0 43 0 0 0 0 NaN
Jun 12th 14:11:55.744 UTC 2 15 40 492 483 1161.016 2090.031 0 894.0375 724.4555 0 0 38 0 0 725 367.2912 2.533043
Jun 12th 14:11:53.377 UTC 3 8 1 354 350 870.6917 1607.447 5 195.296 9.335562 1 0 43 0 0 0 0 NaN
Jun 12th 14:10:55.734 UTC 2 14 40 486 481 1147.58 2083.502 0 891.3896 724.0269 0 0 38 0 0 725 367.2912 2.533043
Jun 12th 14:10:53.369 UTC 3 9 0 353 348 868.8917 1595.882 5 195.6938 9.335493 1 0 43 0 0 0 0 NaN
Jun 12th 14:09:55.735 UTC 2 15 38 486 479 1147.58 2077.107 0 891.3896 723.9077 0 0 38 0 0 715 359.6824 2.515262
Jun 12th 14:09:53.389 UTC 3 8 1 352 347 867.1017 1594.319 5 195.3298 9.36067 1 0 43 0 0 0 0 NaN
Jun 12th 14:08:55.745 UTC 2 13 38 482 478 1135.302 2074.325 0 890.1109 723.4211 0 0 38 0 0 715 359.6824 2.515262
Jun 12th 14:08:53.378 UTC 3 7 1 351 346 866.3017 1584.997 5 195.4708 9.38313 1 0 43 0 0 0 0 NaN
Jun 12th 14:07:55.746 UTC 2 14 38 481 473 1131.911 2050.771 0 889.7648 721.7214 0 0 38 0 0 710 358.1424 2.52213
Jun 12th 14:07:53.379 UTC 3 9 0 349 344 862.5067 1575.765 5 196.0719 9.38313 1 0 43 0 0 0 0 NaN
Jun 12th 14:06:55.735 UTC 2 15 40 480 469 1129.459 2034.496 0 889.358 720.3177 0 0 38 0 0 700 354.1499 2.529642
Jun 12th 14:06:53.389 UTC 3 7 1 349 343 862.5067 1573.337 5 196.0719 9.420378 1 0 43 0 0 0 0 NaN
Jun 12th 14:05:55.734 UTC 2 15 38 476 468 1121.206 2032.869 0 888.2788 719.9791 0 0 38 0 0 690 350.7149 2.541412
Jun 12th 14:05:53.378 UTC 3 9 1 348 340 860.7367 1558.53 5 196.4644 9.420549 1 0 43 0 0 0 0 NaN
Jun 12th 14:04:55.745 UTC 2 14 38 473 466 1110.797 2023.136 0 887.2726 719.1507 0 0 38 0 0 690 350.7149 2.541412
Jun 12th 14:04:53.387 UTC 3 10 0 345 338 851.1839 1551.867 5 195.2551 9.43764 1 0 43 0 0 0 0 NaN
Jun 12th 14:03:55.747 UTC 2 12 39 470 463 1102.109 2012.701 0 886.068 717.3519 0 0 38 0 0 690 350.7149 2.541412
Jun 12th 14:03:52.521 UTC 3 10 0 344 337 850.0939 1549.273 5 195.3686 9.443241 1 0 42 0 0 0 0 NaN
Jun 12th 14:02:54.657 UTC 2 15 40 467 458 1095.543 1988.669 0 884.8758 716.2758 0 0 37 0 0 680 348.1149 2.559669
Jun 12th 14:02:50.429 UTC 3 14 1 341 333 841.6326 1527.621 5 194.2844 9.443241 1 0 40 0 0 0 0 NaN
Jun 12th 14:01:54.667 UTC 2 15 39 466 458 1094.235 1988.669 0 884.6225 716.2758 0 0 37 0 0 670 345.6849 2.579738
Jun 12th 14:01:49.410 UTC 3 15 1 338 331 835.2039 1521.851 5 194.1237 9.382658 1 0 39 0 0 0 0 NaN
Jun 12th 14:00:54.664 UTC 2 15 40 463 454 1091.235 1969.343 0 883.6426 714.5863 0 0 37 0 0 665 340.5999 2.560902
Jun 12th 14:00:49.412 UTC 3 13 1 337 331 834.4039 1521.851 5 193.8355 9.324157 1 0 39 0 0 0 0 NaN
Jun 12th 13:59:54.654 UTC 2 15 38 459 453 1083.87 1967.502 0 881.3233 714.2437 0 0 37 0 0 665 340.5999 2.560902
Jun 12th 13:59:49.418 UTC 3 14 2 335 327 823.4689 1505.924 5 193.9885 9.048003 1 0 39 0 0 0 0 NaN
Jun 12th 13:58:54.664 UTC 2 14 34 457 453 1078.63 1967.502 0 880.2361 714.0476 0 0 37 0 0 665 340.5999 2.560902
Jun 12th 13:58:49.411 UTC 3 15 3 331 324 818.2338 1494.711 5 193.7732 8.571709 1 0 39 0 0 0 0 NaN
Jun 12th 13:57:54.653 UTC 2 15 35 456 448 1078.03 1945.707 0 880.0541 712.7339 0 0 37 0 0 665 340.5999 2.560902
Jun 12th 13:57:49.410 UTC 3 15 1 330 324 816.4188 1494.711 5 193.886 8.571709 1 0 39 0 0 0 0 NaN
Jun 12th 13:56:54.655 UTC 2 15 36 453 444 1073.425 1929.422 0 878.3177 711.2164 0 0 37 0 0 665 340.5999 2.560902
Jun 12th 13:56:49.411 UTC 3 14 0 327 323 812.4588 1488.259 5 194.4711 8.601664 1 0 39 0 0 0 0 NaN
Jun 12th 13:55:53.569 UTC 2 15 38 452 441 1072.281 1915.455 0 877.5909 709.4359 0 0 36 0 0 665 340.5999 2.560902
Jun 12th 13:55:49.398 UTC 3 10 0 324 323 806.5787 1488.259 5 194.5863 8.644166 1 0 39 0 0 0 0 NaN
Jun 12th 13:54:53.570 UTC 2 15 40 451 439 1071.027 1910.531 0 877.0809 707.9163 0 0 36 0 0 660 338.8 2.566666
Jun 12th 13:54:49.419 UTC 3 7 0 324 322 806.5787 1483.66 5 194.5863 8.699849 1 0 39 0 0 0 0 NaN
Jun 12th 13:53:53.580 UTC 2 15 39 444 439 1054.738 1910.531 0 872.3735 707.9163 0 0 36 0 0 650 335.345 2.579577
Jun 12th 13:53:49.408 UTC 3 6 0 324 321 806.5787 1478.615 5 194.5863 8.725119 1 0 39 0 0 0 0 NaN
Jun 12th 13:52:53.580 UTC 2 15 38 442 437 1053.238 1899.652 0 871.5259 706.7064 0 0 36 0 0 640 331.49 2.589765
Jun 12th 13:52:49.406 UTC 3 7 1 324 318 806.5787 1465.716 5 194.5863 8.741447 1 0 39 0 0 0 0 NaN
Jun 12th 13:51:53.580 UTC 2 15 40 439 433 1047.815 1878.218 0 869.5192 704.5287 0 0 36 0 0 640 331.49 2.589765
Jun 12th 13:51:48.642 UTC 3 10 0 322 314 803.9537 1451.254 5 194.4145 8.762665 1 0 38 0 0 0 0 NaN
Jun 12th 13:50:53.580 UTC 2 14 40 439 429 1047.815 1859.01 0 869.5192 701.2272 0 0 36 0 0 640 331.49 2.589765
Jun 12th 13:50:48.643 UTC 3 12 0 321 312 803.0537 1444.352 5 194.7439 8.762665 1 0 38 0 0 0 0 NaN
Jun 12th 13:49:52.479 UTC 2 14 40 438 427 1046.015 1851.929 0 868.8277 699.8162 0 0 35 0 0 630 327.1549 2.596468
Jun 12th 13:49:48.654 UTC 3 11 0 318 312 795.8912 1444.352 5 195.2565 8.780864 1 0 38 0 0 0 0 NaN
Jun 12th 13:48:52.492 UTC 2 15 40 435 424 1041.667 1833.654 0 867.4711 698.6109 0 0 35 0 0 620 316.49 2.552338
Jun 12th 13:48:48.644 UTC 3 12 0 314 309 785.1786 1434.022 5 195.646 8.77711 1 0 38 0 0 0 0 NaN
Jun 12th 13:47:52.481 UTC 2 15 38 431 424 1036.302 1833.654 0 864.6552 698.6109 0 0 35 0 0 615 305.285 2.481992
Jun 12th 13:47:47.725 UTC 3 12 1 313 307 783.4086 1423.44 5 195.492 8.813952 1 0 37 0 0 0 0 NaN
Jun 12th 13:46:52.472 UTC 2 14 40 429 422 1032.695 1826.71 0 863.1087 697.1115 0 0 35 0 0 615 305.285 2.481992
Jun 12th 13:46:47.733 UTC 3 11 0 311 305 779.5961 1415.319 5 195.8531 8.822056 1 0 37 0 0 0 0 NaN
Jun 12th 13:45:51.348 UTC 2 15 36 427 421 1027.423 1823.672 0 861.4344 697.1115 0 0 34 0 0 615 305.285 2.481992
Jun 12th 13:45:47.735 UTC 3 11 0 309 304 777.356 1413.516 5 196.095 8.83692 1 0 37 0 0 0 0 NaN
Jun 12th 13:44:51.335 UTC 2 13 37 424 420 1021.169 1818.062 0 859.4438 695.1987 0 0 34 0 0 615 305.285 2.481992
Jun 12th 13:44:46.776 UTC 3 11 0 307 302 774.9561 1403.732 5 196.3999 8.863713 1 0 36 0 0 0 0 NaN
Jun 12th 13:43:50.460 UTC 2 15 38 422 415 1018.279 1794.843 0 858.0017 693.2081 0 0 33 0 0 615 305.285 2.481992
Jun 12th 13:43:46.774 UTC 3 9 0 306 301 773.756 1397.353 5 196.8087 8.910229 1 0 36 0 0 0 0 NaN
Jun 12th 13:42:50.473 UTC 2 15 39 420 412 1014.315 1778.467 0 856.9731 690.9973 0 0 33 0 0 615 305.285 2.481992
Jun 12th 13:42:46.785 UTC 3 6 0 304 301 770.5911 1397.353 5 196.6227 8.98701 1 0 36 0 0 0 0 NaN
Jun 12th 13:41:50.468 UTC 2 14 40 420 409 1014.315 1760.804 0 856.9731 688.3935 0 0 33 0 0 610 301.82 2.473934
Jun 12th 13:41:46.083 UTC 3 7 0 303 299 767.8911 1382.677 5 196.6288 8.999879 1 0 35 0 0 0 0 NaN
Jun 12th 13:40:50.470 UTC 2 15 39 418 407 1009.518 1750.854 0 855.9365 687.8593 0 0 33 0 0 595 293.6862 2.467952
Jun 12th 13:40:46.073 UTC 3 6 1 302 299 766.551 1382.677 5 196.6292 9.018462 1 0 35 0 0 0 0 NaN
Jun 12th 13:39:50.459 UTC 2 15 40 413 405 993.1017 1739.043 0 852.6343 686.5569 0 0 33 0 0 580 289.0212 2.491562
Jun 12th 13:39:46.083 UTC 3 6 0 301 299 762.8723 1382.677 5 196.4479 9.018462 1 0 35 0 0 0 0 NaN
Jun 12th 13:38:50.469 UTC 2 15 40 412 404 991.3018 1736.647 0 852.0549 685.9357 0 0 33 0 0 560 280.5512 2.504922
Jun 12th 13:38:46.083 UTC 3 5 1 301 298 762.8723 1376.059 5 196.4479 9.052561 1 0 35 0 0 0 0 NaN
Jun 12th 13:37:50.469 UTC 2 15 40 410 404 987.0817 1736.647 0 850.5921 685.9357 0 0 33 0 0 545 275.0687 2.523566
Jun 12th 13:37:46.072 UTC 3 5 0 301 297 762.8723 1370.152 5 196.4479 9.061549 1 0 35 0 0 0 0 NaN
Jun 12th 13:36:50.468 UTC 2 14 40 406 401 978.3487 1718.199 0 848.0486 683.946 0 0 33 0 0 535 271.2887 2.535409
Jun 12th 13:36:46.072 UTC 3 5 0 299 297 759.4373 1370.152 5 195.7739 9.061549 1 0 35 0 0 0 0 NaN
Jun 12th 13:35:50.470 UTC 2 15 39 405 397 975.6937 1703.791 0 847.281 682.1019 0 0 33 0 0 530 267.3062 2.521757
Jun 12th 13:35:45.267 UTC 3 9 0 299 293 759.4373 1354.94 5 195.7739 9.061549 1 0 34 0 0 0 0 NaN
Jun 12th 13:34:50.460 UTC 2 14 40 404 395 973.8536 1696.477 0 846.9678 680.3923 0 0 33 0 0 525 265.2812 2.526488
Jun 12th 13:34:44.532 UTC 3 9 0 297 292 754.0598 1347.84 5 195.9935 9.089853 1 0 33 0 0 0 0 NaN
Jun 12th 13:33:50.469 UTC 2 15 40 402 392 970.9696 1684.096 0 845.8489 679.1885 0 0 33 0 0 515 255.5612 2.481177
Jun 12th 13:33:44.521 UTC 3 11 0 296 289 753.2598 1329.29 5 195.8419 9.100787 1 0 33 0 0 0 0 NaN
Jun 12th 13:32:50.469 UTC 2 14 36 398 391 961.2748 1680.177 0 844.121 678.0984 0 0 33 0 0 515 255.5612 2.481177
Jun 12th 13:32:44.532 UTC 3 13 0 294 287 750.8497 1321.468 5 196.1413 9.100787 1 0 33 0 0 0 0 NaN
Jun 12th 13:31:49.399 UTC 2 13 39 395 388 949.4432 1664.518 0 842.0881 675.6395 0 0 32 0 0 515 255.5612 2.481177
Jun 12th 13:31:43.603 UTC 3 13 0 293 285 749.6497 1307.657 5 195.9417 9.098502 1 0 32 0 0 0 0 NaN
Jun 12th 13:30:48.305 UTC 2 15 40 393 386 941.5981 1653.611 0 841.2012 675.6395 0 0 31 0 0 495 245.6875 2.481692
Jun 12th 13:30:43.602 UTC 3 13 0 291 283 745.6897 1295.725 5 196.4679 9.122622 1 0 32 0 0 0 0 NaN
Jun 12th 13:29:48.306 UTC 2 15 40 391 385 935.1631 1651.3 0 839.8913 675.1615 0 0 31 0 0 490 244.7875 2.497831
Jun 12th 13:29:43.613 UTC 3 11 0 290 282 742.0109 1294.181 5 196.1674 9.147528 1 0 32 0 0 0 0 NaN
Jun 12th 13:28:48.295 UTC 2 15 40 390 383 932.5591 1640.425 0 839.1731 674.5173 0 0 31 0 0 490 244.7875 2.497831
Jun 12th 13:28:41.870 UTC 3 12 0 285 280 726.0959 1285.459 5 196.1002 9.160653 1 0 30 0 0 0 0 NaN
Jun 12th 13:27:48.304 UTC 2 14 39 386 379 926.8284 1622.475 0 836.593 672.3018 0 0 31 0 0 490 244.7875 2.497831
Jun 12th 13:27:41.869 UTC 3 12 1 285 279 726.0959 1279.53 5 196.1002 9.184139 1 0 30 0 0 0 0 NaN
Jun 12th 13:26:48.305 UTC 2 15 40 385 376 925.4785 1607.662 0 835.8079 670.9868 0 0 31 0 0 485 242.9875 2.505025
Jun 12th 13:26:41.869 UTC 3 11 0 283 278 720.7858 1277.932 5 196.1087 9.221272 1 0 30 0 0 0 0 NaN
Jun 12th 13:25:48.295 UTC 2 15 36 382 374 916.6299 1598.203 0 834.3203 669.7867 0 0 31 0 0 485 242.9875 2.505025
Jun 12th 13:25:41.880 UTC 3 12 0 281 277 713.5446 1271.738 5 196.1089 9.221272 1 0 30 0 0 0 0 NaN
Jun 12th 13:24:48.314 UTC 2 15 37 381 371 914.668 1589.571 0 833.7587 667.921 0 0 31 0 0 485 242.9875 2.505025
Jun 12th 13:24:40.296 UTC 3 9 1 280 277 709.8658 1271.738 5 196.134 9.259017 1 0 28 0 0 0 0 NaN
Jun 12th 13:23:47.194 UTC 2 15 40 378 369 908.5699 1579.117 0 831.9449 666.5906 0 0 30 0 0 480 241.4475 2.515078
Jun 12th 13:23:40.295 UTC 3 7 1 278 275 702.2045 1263.313 5 195.3854 9.328684 1 0 28 0 0 0 0 NaN
Jun 12th 13:22:47.204 UTC 2 15 40 375 366 905.6259 1564.655 0 830.5875 664.7329 0 0 30 0 0 475 240.6475 2.533131
Jun 12th 13:22:40.288 UTC 3 7 0 278 275 702.2045 1263.313 5 195.3854 9.328684 1 0 28 0 0 0 0 NaN
Jun 12th 13:21:47.205 UTC 2 15 39 372 365 900.0459 1559.224 0 828.9176 664.1326 0 0 30 0 0 460 235.2625 2.557201
Jun 12th 13:21:40.308 UTC 3 8 0 277 273 700.3645 1255.214 5 195.1944 9.351777 1 0 28 0 0 0 0 NaN
Jun 12th 13:20:46.174 UTC 2 15 39 370 364 893.6619 1556.961 0 828.0848 663.6056 0 0 29 0 0 450 228.3212 2.536902
Jun 12th 13:20:40.286 UTC 3 10 0 274 270 691.3608 1233.416 5 195.7655 9.349766 1 0 28 0 0 0 0 NaN
Jun 12th 13:19:46.172 UTC 2 15 38 368 361 884.8839 1545.645 0 827.11 662.3433 0 0 29 0 0 450 228.3212 2.536902
Jun 12th 13:19:39.705 UTC 3 11 1 274 267 691.3608 1222.952 5 195.7655 9.380629 1 0 27 0 0 0 0 NaN
Jun 12th 13:18:46.182 UTC 2 14 40 366 358 881.5339 1531.687 0 826.3531 660.4078 0 0 29 0 0 445 226.7812 2.548104
Jun 12th 13:18:39.695 UTC 3 12 0 274 265 691.3608 1215.759 5 195.7655 9.381179 1 0 27 0 0 0 0 NaN
Jun 12th 13:17:46.173 UTC 2 15 40 362 355 872.8347 1520.751 0 824.5995 659.4676 0 0 29 0 0 440 224.3287 2.54919
Jun 12th 13:17:39.694 UTC 3 9 1 272 265 687.8508 1215.759 5 195.6941 9.429844 1 0 27 0 0 0 0 NaN
Jun 12th 13:16:46.174 UTC 2 15 39 360 352 870.7946 1507.677 0 824.0909 658.2955 0 0 29 0 0 435 221.6737 2.547974
Jun 12th 13:16:39.713 UTC 3 11 0 268 263 680.2607 1208.927 5 196.4203 9.429844 1 0 27 0 0 0 0 NaN
Jun 12th 13:15:46.174 UTC 2 14 38 359 350 869.9946 1499.435 0 823.8564 657.082 0 0 29 0 0 435 221.6737 2.547974
Jun 12th 13:15:39.703 UTC 3 10 0 268 263 680.2607 1208.927 5 196.4203 9.445152 1 0 27 0 0 0 0 NaN
Jun 12th 13:14:45.266 UTC 2 15 40 354 345 863.9646 1474.975 0 821.9807 655.2707 0 0 28 0 0 430 219.6637 2.554229
Jun 12th 13:14:39.704 UTC 3 9 0 264 262 665.9733 1202.194 5 196.1983 9.509912 1 0 27 0 0 0 0 NaN
Jun 12th 13:13:45.255 UTC 2 15 40 354 342 863.9646 1463.184 0 821.9807 653.8708 0 0 28 0 0 430 219.6637 2.554229
Jun 12th 13:13:39.693 UTC 3 6 0 263 262 663.2133 1202.194 5 195.5836 9.525009 1 0 27 0 0 0 0 NaN
Jun 12th 13:12:45.257 UTC 2 15 40 350 342 853.8596 1463.184 0 820.9523 653.8708 0 0 28 0 0 410 212.17 2.587439
Jun 12th 13:12:39.703 UTC 3 6 0 263 261 663.2133 1196.849 5 195.5836 9.544972 1 0 27 0 0 0 0 NaN
Jun 12th 13:11:45.267 UTC 2 14 40 347 341 847.5488 1457.162 0 820.2935 653.2906 0 0 28 0 0 400 205.45 2.568125
Jun 12th 13:11:39.705 UTC 3 12 0 263 254 663.2133 1158.986 5 195.5836 9.550196 1 0 27 0 0 0 0 NaN
Jun 12th 13:10:45.266 UTC 2 15 40 344 338 844.9688 1446.555 0 819.1624 652.5934 0 0 28 0 0 385 195.58 2.54
Jun 12th 13:10:39.694 UTC 3 12 0 263 253 663.2133 1151.599 5 195.5836 9.570404 1 0 27 0 0 0 0 NaN
Jun 12th 13:09:45.257 UTC 2 15 38 342 337 834.9922 1440.574 0 818.3919 652.3909 0 0 28 0 0 375 191.0012 2.546683
Jun 12th 13:09:39.695 UTC 3 15 0 261 250 648.0258 1142.016 5 195.6538 9.570404 1 0 27 0 0 0 0 NaN
Jun 12th 13:08:45.265 UTC 2 14 40 340 333 831.9323 1427.51 0 817.4443 651.2546 0 0 28 0 0 370 188.5487 2.547956
Jun 12th 13:08:39.702 UTC 3 13 0 258 250 639.9032 1142.016 5 195.7754 9.607374 1 0 27 0 0 0 0 NaN
Jun 12th 13:07:45.267 UTC 2 15 38 338 330 829.5623 1418.269 0 816.5876 650.7092 0 0 28 0 0 370 188.5487 2.547956
Jun 12th 13:07:39.693 UTC 3 12 1 254 249 627.8356 1137.593 5 196.4908 9.671845 1 0 27 0 0 0 0 NaN
Jun 12th 13:06:45.266 UTC 2 15 38 335 327 824.2072 1408.861 0 815.4103 649.9153 0 0 28 0 0 370 188.5487 2.547956
Jun 12th 13:06:39.703 UTC 3 12 1 253 247 627.0356 1128.275 5 196.2509 9.695012 1 0 27 0 0 0 0 NaN
Jun 12th 13:05:44.202 UTC 2 14 39 331 324 816.4593 1393.336 0 813.4901 648.1497 0 0 27 0 0 370 188.5487 2.547956
Jun 12th 13:05:39.704 UTC 3 12 1 252 245 625.6857 1122.176 5 195.9607 9.7414 1 0 27 0 0 0 0 NaN
Jun 12th 13:04:43.326 UTC 2 15 39 330 322 811.2618 1384.848 0 812.687 647.6431 0 0 26 0 0 370 188.5487 2.547956
Jun 12th 13:04:39.694 UTC 3 12 0 249 243 618.8781 1110.439 5 193.8139 9.761593 1 0 27 0 0 0 0 NaN
Jun 12th 13:03:43.325 UTC 2 14 39 327 318 804.2861 1363.901 0 810.7194 644.5676 0 0 26 0 0 370 188.5487 2.547956
Jun 12th 13:03:39.083 UTC 3 14 0 246 241 613.2231 1102.647 5 193.9582 9.761593 1 0 26 0 0 0 0 NaN
Jun 12th 13:02:41.376 UTC 2 15 40 325 316 800.5361 1356.871 0 809.3747 643.9293 0 0 24 0 0 365 185.8487 2.545873
Jun 12th 13:02:39.072 UTC 3 14 0 245 239 604.8531 1091.679 5 193.744 9.803626 1 0 26 0 0 0 0 NaN
Jun 12th 13:01:41.387 UTC 2 14 38 322 315 797.4996 1352.12 0 806.5137 642.6409 0 0 24 0 0 365 185.8487 2.545873
Jun 12th 13:01:39.072 UTC 3 15 2 244 234 603.1231 1073.796 5 193.8308 9.293776 1 0 26 0 0 0 0 NaN
Jun 12th 13:00:41.386 UTC 2 15 38 320 311 786.3283 1332.194 0 805.3699 640.4366 0 0 24 0 0 365 185.8487 2.545873
Jun 12th 13:00:39.083 UTC 3 14 2 243 233 598.9831 1072.676 5 193.7539 9.123281 1 0 26 0 0 0 0 NaN
Jun 12th 12:59:41.377 UTC 2 15 36 318 309 784.6283 1323.259 0 803.1263 639.1437 0 0 24 0 0 365 185.8487 2.545873
Jun 12th 12:59:39.082 UTC 3 15 2 237 230 576.723 1056.928 5 195.167 8.750857 1 0 26 0 0 0 0 NaN
Jun 12th 12:58:41.377 UTC 2 15 35 317 308 778.4183 1321.172 0 801.7496 638.544 0 0 24 0 0 365 185.8487 2.545873
Jun 12th 12:58:39.071 UTC 3 15 1 235 228 573.548 1050.293 5 195.2375 8.716803 1 0 26 0 0 0 0 NaN
Jun 12th 12:57:39.358 UTC 2 14 38 313 306 765.8115 1313.469 0 796.705 635.8036 0 0 22 0 0 365 185.8487 2.545873
Jun 12th 12:57:39.071 UTC 3 13 0 234 227 565.9205 1041.323 5 195.0717 8.7532 1 0 26 0 0 0 0 NaN
Jun 12th 12:56:39.358 UTC 2 15 34 308 305 757.5468 1307.971 0 790.6769 635.8036 0 0 22 0 0 365 185.8487 2.545873
Jun 12th 12:56:39.081 UTC 3 15 0 230 224 555.8354 1027.244 5 195.3211 8.767031 1 0 26 0 0 0 0 NaN
Jun 12th 12:55:39.346 UTC 2 14 37 307 301 755.0668 1289.953 0 789.1066 630.9202 0 0 22 0 0 365 185.8487 2.545873
Jun 12th 12:55:39.072 UTC 3 13 1 229 222 553.3829 1018.612 5 195.4878 8.814782 1 0 26 0 0 0 0 NaN
Jun 12th 12:54:39.083 UTC 3 12 1 227 220 549.1679 1012.555 5 195.5274 8.818781 1 0 26 0 0 0 0 NaN
Jun 12th 12:54:38.306 UTC 2 15 40 306 295 753.9767 1258.92 0 788.0276 624.3921 0 0 21 0 0 365 185.8487 2.545873
Jun 12th 12:53:39.073 UTC 3 11 1 225 219 545.0579 1009.342 5 195.7689 8.864866 1 0 26 0 0 0 0 NaN
Jun 12th 12:53:38.306 UTC 2 15 39 304 294 752.6567 1255.036 0 785.0602 622.9698 0 0 21 0 0 360 184.4987 2.562482
Jun 12th 12:52:39.072 UTC 3 12 0 224 216 542.4029 995.9612 5 196.1443 8.885573 1 0 26 0 0 0 0 NaN
Jun 12th 12:52:38.306 UTC 2 14 40 302 292 751.4667 1247.215 0 782.6927 618.6437 0 0 21 0 0 355 182.0462 2.564031
Jun 12th 12:51:39.063 UTC 3 15 1 222 212 540.4029 979.6514 5 196.3091 8.808362 1 0 26 0 0 0 0 NaN
Jun 12th 12:51:38.308 UTC 2 15 39 301 290 750.3767 1242.881 0 781.1495 617.2561 0 0 21 0 0 340 167.8412 2.468253
Jun 12th 12:50:39.084 UTC 3 15 0 217 209 532.2553 968.1602 5 196.2785 8.799461 1 0 26 0 0 0 0 NaN
Jun 12th 12:50:38.306 UTC 2 15 38 296 289 736.1124 1241.618 0 773.9585 615.9515 0 0 21 0 0 340 167.8412 2.468253
Jun 12th 12:49:39.073 UTC 3 14 1 215 208 528.4303 959.1899 5 196.5363 8.838191 1 0 26 0 0 0 0 NaN
Jun 12th 12:49:38.306 UTC 2 15 37 290 286 724.0325 1223.984 0 765.9331 612.0057 0 0 21 0 0 340 167.8412 2.468253
Jun 12th 12:48:39.074 UTC 3 13 0 213 207 523.9153 952.5556 5 196.804 8.836689 1 0 26 0 0 0 0 NaN
Jun 12th 12:48:37.379 UTC 2 14 38 289 284 722.2325 1209.043 0 764.1887 608.242 0 0 20 0 0 340 167.8412 2.468253
Jun 12th 12:47:39.082 UTC 3 13 1 210 204 509.279 944.6926 5 196.8207 8.865353 1 0 26 0 0 0 0 NaN
Jun 12th 12:47:37.367 UTC 2 15 40 289 279 722.2325 1183.807 0 764.1887 602.5297 0 0 20 0 0 335 166.0712 2.478675
Jun 12th 12:46:39.073 UTC 3 14 1 209 202 507.254 937.9338 5 196.7019 8.890155 1 0 26 0 0 0 0 NaN
Jun 12th 12:46:37.377 UTC 2 14 39 288 278 721.6326 1178.469 0 762.9732 599.5751 0 0 20 0 0 330 163.3487 2.474981
Jun 12th 12:45:39.083 UTC 3 13 1 207 200 497.084 925.9895 5 197.6662 8.915124 1 0 26 0 0 0 0 NaN
Jun 12th 12:45:37.367 UTC 2 15 37 287 276 715.4225 1171.164 0 761.4768 598.0552 0 0 20 0 0 330 163.3487 2.474981
Jun 12th 12:44:39.073 UTC 3 11 0 206 199 492.104 918.5606 5 198.1195 9.007176 1 0 26 0 0 0 0 NaN
Jun 12th 12:44:37.376 UTC 2 14 40 282 273 702.2435 1154.258 0 754.7138 592.5215 0 0 20 0 0 330 163.3487 2.474981
Jun 12th 12:43:39.072 UTC 3 11 0 203 197 486.724 899.7936 5 197.7125 9.017272 1 0 26 0 0 0 0 NaN
Jun 12th 12:43:37.365 UTC 2 15 40 280 271 700.2521 1139.531 0 751.7617 590.7966 0 0 20 0 0 315 157.465 2.499444
Jun 12th 12:42:38.175 UTC 3 11 1 201 195 482.869 890.7563 5 197.0079 9.085586 1 0 25 0 0 0 0 NaN
Jun 12th 12:42:37.364 UTC 2 15 39 278 271 693.9982 1139.531 0 748.7123 590.7966 0 0 20 0 0 305 154.655 2.535327
Jun 12th 12:41:38.165 UTC 3 12 0 201 193 482.869 883.4806 5 197.0079 9.083529 1 0 25 0 0 0 0 NaN
Jun 12th 12:41:37.375 UTC 2 15 40 275 269 688.3132 1132.743 0 744.6046 588.0639 0 0 20 0 0 290 145.745 2.512844
Jun 12th 12:40:38.168 UTC 3 11 1 200 193 480.844 883.4806 5 196.5207 9.100848 1 0 25 0 0 0 0 NaN
Jun 12th 12:40:37.365 UTC 2 14 37 274 269 686.3512 1132.743 0 743.3867 586.8845 0 0 20 0 0 285 144.845 2.54114
Jun 12th 12:39:38.164 UTC 3 11 0 196 191 470.6778 874.7944 5 196.5228 9.180149 1 0 25 0 0 0 0 NaN
Jun 12th 12:39:36.333 UTC 2 14 39 272 265 682.9087 1117.119 0 741.1071 582.0283 0 0 19 0 0 285 144.845 2.54114
Jun 12th 12:38:38.175 UTC 3 14 0 195 188 468.8628 859.6398 5 195.5753 9.180149 1 0 25 0 0 0 0 NaN
Jun 12th 12:38:36.345 UTC 2 15 40 270 262 676.9702 1100.643 0 738.6548 579.5493 0 0 19 0 0 265 132.275 2.495754
Jun 12th 12:37:37.373 UTC 3 13 1 194 187 467.0538 850.9982 5 194.7008 9.22021 1 0 24 0 0 0 0 NaN
Jun 12th 12:37:36.335 UTC 2 14 39 267 261 670.7262 1096.552 0 734.9359 577.4561 0 0 19 0 0 265 132.275 2.495754
Jun 12th 12:36:37.381 UTC 3 12 1 191 186 456.8 847.1146 5 193.8961 9.244779 1 0 24 0 0 0 0 NaN
Jun 12th 12:36:36.336 UTC 2 14 39 266 259 668.6022 1087.786 0 734.0285 575.2188 0 0 19 0 0 255 123.365 2.418921
Jun 12th 12:35:37.381 UTC 3 11 0 189 186 452.23 847.1146 5 194.2201 9.24202 1 0 24 0 0 0 0 NaN
Jun 12th 12:35:36.347 UTC 2 15 39 263 256 656.3827 1075.475 0 731.4615 572.9891 0 0 19 0 0 245 117.5112 2.398188
Jun 12th 12:34:37.371 UTC 3 10 0 189 186 452.23 847.1146 5 194.2201 9.254365 1 0 24 0 0 0 0 NaN
Jun 12th 12:34:36.337 UTC 2 15 40 260 253 649.5306 1062.911 0 726.3727 569.9083 0 0 19 0 0 235 114.3962 2.433962
Jun 12th 12:33:37.369 UTC 3 11 0 187 182 445.795 830.8207 5 193.9459 9.323864 1 0 24 0 0 0 0 NaN
Jun 12th 12:33:36.336 UTC 2 15 39 259 252 648.1807 1058.182 0 724.9931 569.0208 0 0 19 0 0 235 114.3962 2.433962
Jun 12th 12:32:37.379 UTC 3 12 0 187 180 445.795 823.4747 5 193.9459 9.347624 1 0 24 0 0 0 0 NaN
Jun 12th 12:32:36.336 UTC 2 12 37 257 252 647.0607 1058.182 0 721.733 566.4772 0 0 19 0 0 235 114.3962 2.433962
Jun 12th 12:31:37.379 UTC 3 10 1 185 179 439.2475 819.4922 5 195.1906 9.4252 1 0 24 0 0 0 0 NaN
Jun 12th 12:31:34.358 UTC 2 14 39 253 247 635.888 1030.317 0 716.1378 562.308 0 0 17 0 0 235 114.3962 2.433962
Jun 12th 12:30:37.370 UTC 3 7 1 183 179 425.7825 819.4922 5 194.7784 9.473377 1 0 24 0 0 0 0 NaN
Jun 12th 12:30:34.348 UTC 2 14 39 252 245 633.233 1020.709 0 714.6693 559.2574 0 0 17 0 0 235 114.3962 2.433962
Jun 12th 12:29:36.447 UTC 3 6 1 181 179 421.1175 819.4922 5 194.9272 9.487612 1 0 23 0 0 0 0 NaN
Jun 12th 12:29:34.346 UTC 2 15 39 252 242 633.233 1011.311 0 714.6693 556.2529 0 0 17 0 0 225 110.3462 2.452138
Jun 12th 12:28:36.447 UTC 3 6 0 180 178 419.4825 816.2341 5 195.1114 9.491166 1 0 23 0 0 0 0 NaN
Jun 12th 12:28:33.428 UTC 2 14 39 250 240 630.263 1002.778 0 712.2227 552.2774 0 0 16 0 0 225 110.3462 2.452138
Jun 12th 12:27:36.438 UTC 3 6 1 179 177 418.6825 811.7537 5 194.286 9.4953 1 0 23 0 0 0 0 NaN
Jun 12th 12:27:33.419 UTC 2 15 39 245 237 620.0544 987.0426 0 705.0768 549.2848 0 0 16 0 0 210 101.8237 2.424374
Jun 12th 12:26:36.437 UTC 3 5 0 179 177 418.6825 811.7537 5 194.286 9.537771 1 0 23 0 0 0 0 NaN
Jun 12th 12:26:33.418 UTC 2 15 40 241 236 608.5479 981.9432 0 700.009 547.8801 0 0 16 0 0 190 93.38123 2.457401
Jun 12th 12:25:36.436 UTC 3 3 0 178 177 416.3725 811.7537 5 194.6131 9.568246 1 0 23 0 0 0 0 NaN
Jun 12th 12:25:33.428 UTC 2 15 40 241 233 608.5479 971.1668 0 700.009 544.4087 0 0 16 0 0 190 93.38123 2.457401
Jun 12th 12:24:36.447 UTC 3 6 0 177 174 415.0225 804.6343 5 194.6753 9.568246 1 0 23 0 0 0 0 NaN
Jun 12th 12:24:33.430 UTC 2 15 38 239 231 598.7619 968.3171 0 696.8834 541.8724 0 0 16 0 0 180 88.35248 2.454236
Jun 12th 12:23:36.449 UTC 3 5 0 176 174 411.3438 804.6343 5 195.4679 9.578513 1 0 23 0 0 0 0 NaN
Jun 12th 12:23:33.421 UTC 2 15 38 234 227 588.9449 953.1879 0 687.8752 536.5502 0 0 16 0 0 180 88.35248 2.454236
Jun 12th 12:22:35.397 UTC 3 6 1 175 171 409.5438 786.9588 5 196.1776 9.632212 1 0 22 0 0 0 0 NaN
Jun 12th 12:22:32.381 UTC 2 15 39 232 224 585.8924 934.9443 0 684.9359 532.1404 0 0 15 0 0 180 88.35248 2.454236
Jun 12th 12:21:35.397 UTC 3 5 0 174 170 406.0788 783.2827 5 196.3306 9.659305 1 0 22 0 0 0 0 NaN
Jun 12th 12:21:32.371 UTC 2 15 38 229 223 571.8186 930.0523 0 679.6078 530.5996 0 0 15 0 0 175 83.82998 2.395142
Jun 12th 12:20:34.501 UTC 3 7 1 174 168 406.0788 774.6124 5 196.3306 9.659305 1 0 21 0 0 0 0 NaN
Jun 12th 12:20:31.337 UTC 2 14 39 228 219 570.7406 911.8533 0 677.7736 522.1349 0 0 14 0 0 175 83.82998 2.395142
Jun 12th 12:19:34.501 UTC 3 8 0 173 167 402.6138 770.6745 5 196.4919 9.659305 1 0 21 0 0 0 0 NaN
Jun 12th 12:19:31.326 UTC 2 15 40 227 215 568.9706 889.5028 0 676.0704 515.7125 0 0 14 0 0 160 76.72749 2.397734
Jun 12th 12:18:34.511 UTC 3 10 0 172 164 401.5238 754.8434 5 196.7388 9.686574 1 0 21 0 0 0 0 NaN
Jun 12th 12:18:31.347 UTC 2 15 40 223 215 559.1374 889.5028 0 669.6388 515.7125 0 0 14 0 0 140 65.62498 2.34375
Jun 12th 12:17:34.511 UTC 3 11 0 169 163 389.7863 753.1329 5 195.781 9.686574 1 0 21 0 0 0 0 NaN
Jun 12th 12:17:31.336 UTC 2 14 40 221 213 555.7249 880.9952 0 666.6558 510.3801 0 0 14 0 0 125 58.10249 2.3241
Jun 12th 12:16:34.501 UTC 3 9 1 166 163 379.9276 753.1329 5 196.3312 9.707201 1 0 21 0 0 0 0 NaN
Jun 12th 12:16:31.337 UTC 2 15 40 220 212 554.3749 878.2987 0 665.081 510.3801 0 0 14 0 0 105 49.37499 2.35119
Jun 12th 12:15:34.511 UTC 3 13 0 164 157 377.9876 715.9755 5 196.0918 9.746137 1 0 21 0 0 0 0 NaN
Jun 12th 12:15:31.349 UTC 2 15 40 215 210 540.6109 869.3285 0 655.2598 507.5491 0 0 14 0 0 100 46.61499 2.33075
Jun 12th 12:14:34.511 UTC 3 13 0 163 156 376.2176 711.4697 5 195.5602 9.756983 1 0 21 0 0 0 0 NaN
Jun 12th 12:14:31.330 UTC 2 15 38 213 208 537.9409 862.6718 0 652.5864 504.7791 0 0 14 0 0 100 46.61499 2.33075
Jun 12th 12:13:34.501 UTC 3 13 2 162 153 372.5388 698.2457 5 195.9904 9.41808 1 0 21 0 0 0 0 NaN
Jun 12th 12:13:31.339 UTC 2 14 37 211 205 535.3589 850.5646 0 649.0363 499.0197 0 0 14 0 0 100 46.61499 2.33075
Jun 12th 12:12:33.594 UTC 3 15 1 161 150 371.9388 688.5063 5 195.9948 9.034712 1 0 20 0 0 0 0 NaN
Jun 12th 12:12:31.347 UTC 2 14 39 210 201 533.7389 831.7402 0 647.8154 492.7719 0 0 14 0 0 100 46.61499 2.33075
Jun 12th 12:11:33.603 UTC 3 14 1 157 149 361.4626 683.3527 5 197.4432 8.846186 1 0 20 0 0 0 0 NaN
Jun 12th 12:11:31.347 UTC 2 14 39 209 198 530.7959 817.3898 0 646.3801 487.3794 0 0 14 0 0 100 46.61499 2.33075
Jun 12th 12:10:32.583 UTC 3 13 1 155 148 358.6176 679.2202 5 196.9723 8.862956 1 0 19 0 0 0 0 NaN
Jun 12th 12:10:31.326 UTC 2 15 38 205 195 520.8934 806.6357 0 640.5244 483.8938 0 0 14 0 0 100 46.61499 2.33075
Jun 12th 12:09:31.740 UTC 3 15 1 150 144 336.5451 661.0883 5 194.9649 8.690661 1 0 18 0 0 0 0 NaN
Jun 12th 12:09:31.346 UTC 2 15 36 202 195 516.4414 806.6357 0 636.3928 483.8938 0 0 14 0 0 100 46.61499 2.33075
Jun 12th 12:08:31.738 UTC 3 15 0 149 143 334.0926 660.0256 5 194.8735 8.625083 1 0 18 0 0 0 0 NaN
Jun 12th 12:08:31.338 UTC 2 15 33 198 194 503.5654 801.7533 0 630.5869 482.4777 0 0 14 0 0 100 46.61499 2.33075
Jun 12th 12:07:31.337 UTC 2 14 36 196 190 501.3309 786.5922 0 625.9203 475.7475 0 0 14 0 0 100 46.61499 2.33075
Jun 12th 12:07:30.633 UTC 3 14 0 146 142 328.9138 658.9278 5 196.6152 8.721129 1 0 17 0 0 0 0 NaN
Jun 12th 12:06:31.347 UTC 2 15 37 195 186 494.6349 770.6238 0 623.651 471.3568 0 0 14 0 0 100 46.61499 2.33075
Jun 12th 12:06:30.625 UTC 3 14 0 144 138 326.2139 632.3395 5 197.8243 8.759216 1 0 17 0 0 0 0 NaN
Jun 12th 12:05:31.337 UTC 2 14 38 191 185 486.0682 765.4446 0 617.3563 468.603 0 0 14 0 0 100 46.61499 2.33075
Jun 12th 12:05:30.625 UTC 3 11 0 143 137 324.4139 630.4025 5 197.9976 8.927 1 0 17 0 0 0 0 NaN
Jun 12th 12:04:31.337 UTC 2 13 39 191 181 486.0682 749.8336 0 617.3563 459.2407 0 0 14 0 0 100 46.61499 2.33075
Jun 12th 12:04:30.634 UTC 3 13 0 142 133 322.3889 607.136 5 197.5225 8.945767 1 0 17 0 0 0 0 NaN
Jun 12th 12:03:31.351 UTC 2 15 40 186 177 470.4427 732.241 0 608.1743 454.8957 0 0 14 0 0 90 39.2575 2.180972
Jun 12th 12:03:30.632 UTC 3 10 1 140 133 317.8989 607.136 5 198.3678 9.041467 1 0 17 0 0 0 0 NaN
Jun 12th 12:02:31.340 UTC 2 14 37 184 177 468.3727 732.241 0 603.9689 453.0426 0 0 14 0 0 90 39.2575 2.180972
Jun 12th 12:02:30.623 UTC 3 13 0 138 129 314.4939 593.778 5 199.1875 9.048736 1 0 17 0 0 0 0 NaN
Jun 12th 12:01:31.347 UTC 2 15 36 181 173 457.8412 712.4816 0 597.918 446.7423 0 0 14 0 0 90 39.2575 2.180972
Jun 12th 12:01:30.634 UTC 3 14 0 136 127 309.0451 583.442 5 198.4891 9.084108 1 0 17 0 0 0 0 NaN
Jun 12th 12:00:31.340 UTC 2 15 34 179 173 452.0396 712.4816 0 592.5335 446.7423 0 0 14 0 0 90 39.2575 2.180972
Jun 12th 12:00:29.011 UTC 3 12 0 134 127 306.4951 583.442 5 200.091 9.143723 1 0 15 0 0 0 0 NaN
Jun 12th 11:59:31.336 UTC 2 15 33 175 170 441.0153 708.1033 0 582.4424 441.5079 0 0 14 0 0 90 39.2575 2.180972
Jun 12th 11:59:29.012 UTC 3 12 1 130 125 291.2161 574.5771 5 199.032 9.205291 1 0 15 0 0 0 0 NaN
Jun 12th 11:58:31.336 UTC 2 12 36 173 167 435.9933 702.2029 0 578.6396 428.965 0 0 14 0 0 90 39.2575 2.180972
Jun 12th 11:58:27.903 UTC 3 12 0 127 124 283.4911 569.6947 5 198.8025 9.218551 1 0 14 0 0 0 0 NaN
Jun 12th 11:57:30.283 UTC 2 15 39 169 161 424.2833 682.6669 0 568.9079 421.1715 0 0 13 0 0 90 39.2575 2.180972
Jun 12th 11:57:26.919 UTC 3 8 1 127 124 283.4911 569.6947 5 198.8025 9.357906 1 0 13 0 0 0 0 NaN
Jun 12th 11:56:30.275 UTC 2 14 40 167 158 421.3033 671.1055 0 564.5929 410.4636 0 0 13 0 0 90 39.2575 2.180972
Jun 12th 11:56:26.921 UTC 3 9 0 127 122 283.4911 558.3599 5 198.8025 9.372951 1 0 13 0 0 0 0 NaN
Jun 12th 11:55:30.270 UTC 2 14 39 163 155 408.0823 658.5548 0 552.4341 402.1665 0 0 13 0 0 85 37.9175 2.230441
Jun 12th 11:55:26.930 UTC 3 10 0 125 120 280.6011 551.4798 5 197.9797 9.418699 1 0 13 0 0 0 0 NaN
Jun 12th 11:54:29.090 UTC 2 15 38 161 152 398.7943 643.314 0 546.2574 396.4279 0 0 12 0 0 85 37.9175 2.230441
Jun 12th 11:54:26.930 UTC 3 12 0 122 117 274.2711 542.6755 5 199.1858 9.486816 1 0 13 0 0 0 0 NaN
Jun 12th 11:53:27.979 UTC 2 15 39 158 149 395.6873 628.8391 0 536.9579 387.1941 0 0 11 0 0 85 37.9175 2.230441
Jun 12th 11:53:26.921 UTC 3 10 0 121 116 270.1311 538.9482 5 200.3245 9.539097 1 0 13 0 0 0 0 NaN
Jun 12th 11:52:27.971 UTC 2 15 39 155 147 392.2652 616.5756 0 527.8298 380.476 0 0 11 0 0 80 35.465 2.216562
Jun 12th 11:52:26.929 UTC 3 8 1 120 115 263.9211 531.6119 5 201.4626 9.689185 1 0 13 0 0 0 0 NaN
Jun 12th 11:51:27.971 UTC 2 15 40 154 145 386.0552 605.5759 0 524.4984 374.1212 0 0 11 0 0 65 29.11 2.239231
Jun 12th 11:51:26.929 UTC 3 9 0 119 113 262.7211 525.7593 5 201.1898 9.713678 1 0 13 0 0 0 0 NaN
Jun 12th 11:50:27.982 UTC 2 15 40 151 144 381.7412 602.9814 0 515.6628 371.0159 0 0 11 0 0 50 21.985 2.1985
Jun 12th 11:50:26.930 UTC 3 11 0 116 110 251.6961 507.219 5 200.1546 9.770656 1 0 13 0 0 0 0 NaN
Jun 12th 11:49:27.982 UTC 2 15 38 150 143 380.1062 594.3973 0 512.6205 368.1181 0 0 11 0 0 45 21.185 2.353889
Jun 12th 11:49:26.931 UTC 3 11 0 115 109 248.9961 502.0143 5 201.3698 9.779181 1 0 13 0 0 0 0 NaN
Jun 12th 11:48:27.970 UTC 2 14 40 145 139 368.4422 575.2953 0 498.4621 353.6493 0 0 11 0 0 40 19.175 2.396875
Jun 12th 11:48:26.931 UTC 3 11 0 113 107 245.2011 488.8062 5 202.1982 9.882144 1 0 13 0 0 0 0 NaN
Jun 12th 11:47:27.979 UTC 2 15 38 145 138 368.4422 569.2864 0 498.4621 353.6493 0 0 11 0 0 30 16.475 2.745833
Jun 12th 11:47:26.921 UTC 3 14 0 112 103 244.4011 471.3062 5 201.3678 9.892465 1 0 13 0 0 0 0 NaN
Jun 12th 11:46:26.923 UTC 3 13 0 111 102 241.9486 469.7042 5 201.2673 9.955912 1 0 13 0 0 0 0 NaN
Jun 12th 11:46:26.868 UTC 2 13 38 143 137 364.6272 567.1611 0 492.8346 345.733 0 0 10 0 0 30 16.475 2.745833
Jun 12th 11:45:26.929 UTC 3 12 0 107 101 233.1836 465.1281 5 191.3034 10.09903 1 0 13 0 0 0 0 NaN
Jun 12th 11:45:26.872 UTC 2 15 40 142 132 358.5252 545.436 0 490.2042 337.1998 0 0 10 0 0 20 10.5575 2.639375
Jun 12th 11:44:26.928 UTC 3 13 0 106 99 230.5286 457.9896 5 191.5594 10.1107 1 0 13 0 0 0 0 NaN
Jun 12th 11:44:26.878 UTC 2 13 40 138 131 350.2615 541.7152 0 481.5544 329.36 0 0 10 0 0 10 3.555 1.7775
Jun 12th 11:43:26.879 UTC 2 15 39 135 128 342.7705 535.7701 0 471.6219 326.909 0 0 10 0 0 5 0.9 0.9
Jun 12th 11:43:25.788 UTC 3 13 0 102 98 221.3686 452.7498 5 189.7435 10.16828 1 0 12 0 0 0 0 NaN
Jun 12th 11:42:26.869 UTC 2 13 39 133 126 337.8025 527.4445 0 466.7737 316.4577 0 0 10 0 0 5 0.9 0.9
Jun 12th 11:42:25.807 UTC 3 13 0 101 96 220.1686 446.1282 5 190.3704 10.214 1 0 12 0 0 0 0 NaN
Jun 12th 11:41:25.796 UTC 3 12 0 99 96 217.2586 446.1282 5 190.6721 10.27214 1 0 12 0 0 0 0 NaN
Jun 12th 11:41:25.642 UTC 2 15 37 129 123 333.1575 516.4543 0 457.0348 313.7591 0 0 9 0 0 5 0.9 0.9
Jun 12th 11:40:25.795 UTC 3 11 1 97 94 213.4636 430.5396 5 191.8467 10.46195 1 0 12 0 0 0 0 NaN
Jun 12th 11:40:25.642 UTC 2 15 36 127 121 329.3985 509.1211 0 450.7697 309.3972 0 0 9 0 0 5 0.9 0.9
Jun 12th 11:39:25.795 UTC 3 10 0 96 92 211.4386 420.6024 5 191.6954 10.61483 1 0 12 0 0 0 0 NaN
Jun 12th 11:39:25.642 UTC 2 14 40 125 116 322.2165 494.1675 0 445.6279 293.3754 0 0 9 0 0 5 0.9 0.9
Jun 12th 11:38:25.805 UTC 3 10 0 95 89 210.6386 411.5013 5 193.0994 10.72667 1 0 12 0 0 0 0 NaN
Jun 12th 11:38:25.633 UTC 2 14 40 122 114 315.3415 479.7277 0 437.7939 287.3755 0 0 9 0 0 5 0.9 0.9
Jun 12th 11:37:25.805 UTC 3 11 0 95 86 210.6386 398.188 5 193.0994 10.84601 1 0 12 0 0 0 0 NaN
Jun 12th 11:37:25.643 UTC 2 14 39 119 111 304.6217 467.9461 0 429.7887 278.4358 0 0 9 0 0 5 0.9 0.9
Jun 12th 11:36:25.796 UTC 3 11 0 93 84 207.8987 389.2401 5 195.3928 11.02227 1 0 12 0 0 0 0 NaN
Jun 12th 11:36:25.632 UTC 2 15 40 117 107 300.2417 448.5728 0 424.2076 269.3022 0 0 9 0 0 0 0 NaN
Jun 12th 11:35:25.634 UTC 2 15 36 114 106 294.0857 441.9544 0 416.9738 266.2562 0 0 9 0 0 0 0 NaN
Jun 12th 11:35:24.133 UTC 3 13 1 91 82 202.9662 379.4306 5 195.3712 11.02227 1 0 10 0 0 0 0 NaN
Jun 12th 11:34:25.641 UTC 2 15 34 111 105 284.3252 439.6472 0 407.9373 263.3928 0 0 9 0 0 0 0 NaN
Jun 12th 11:34:24.134 UTC 3 12 0 87 82 192.1924 379.4306 5 194.5497 11.11493 1 0 10 0 0 0 0 NaN
Jun 12th 11:33:24.124 UTC 3 12 0 85 81 190.0924 374.5546 5 192.4959 11.16585 1 0 10 0 0 0 0 NaN
Jun 12th 11:33:23.296 UTC 2 14 35 111 102 284.3252 423.2576 0 407.9373 252.7127 0 0 7 0 0 0 0 NaN
Jun 12th 11:32:24.124 UTC 3 13 0 82 79 183.9699 357.0513 5 191.512 11.21448 1 0 10 0 0 0 0 NaN
Jun 12th 11:32:22.204 UTC 2 15 34 107 99 276.0775 405.933 0 395.2491 246.9994 0 0 6 0 0 0 0 NaN
Jun 12th 11:31:24.123 UTC 3 12 0 82 77 183.9699 348.3013 5 191.512 11.36618 1 0 10 0 0 0 0 NaN
Jun 12th 11:31:22.214 UTC 2 15 34 106 96 274.6375 397.6744 0 391.6758 238.7327 0 0 6 0 0 0 0 NaN
Jun 12th 11:30:24.133 UTC 3 13 0 81 76 177.9962 344.3506 5 191.4589 11.36618 1 0 10 0 0 0 0 NaN
Jun 12th 11:30:22.214 UTC 2 15 30 104 95 268.4695 395.8172 0 386.0814 235.8497 0 0 6 0 0 0 0 NaN
Jun 12th 11:29:24.132 UTC 3 11 1 81 75 177.9962 342.7965 5 191.4589 11.67812 1 0 10 0 0 0 0 NaN
Jun 12th 11:29:22.204 UTC 2 15 29 99 93 257.176 384.1664 0 373.7484 231.1552 0 0 6 0 0 0 0 NaN
Jun 12th 11:28:23.338 UTC 3 11 0 78 73 172.3837 335.8463 5 193.5692 11.80809 1 0 9 0 0 0 0 NaN
Jun 12th 11:28:22.204 UTC 2 15 31 97 89 249.3089 370.0776 0 366.8378 219.609 0 0 6 0 0 0 0 NaN
Jun 12th 11:27:23.349 UTC 3 11 0 76 70 166.4987 319.2621 5 192.1832 12.07507 1 0 9 0 0 0 0 NaN
Jun 12th 11:27:22.204 UTC 2 15 30 95 88 244.8539 364.8569 0 360.2145 216.5869 0 0 6 0 0 0 0 NaN
Jun 12th 11:26:23.340 UTC 3 12 0 74 69 158.5112 312.8128 5 190.8751 12.07507 1 0 9 0 0 0 0 NaN
Jun 12th 11:26:22.215 UTC 2 15 26 93 86 239.4561 361.2765 0 356.8569 211.621 0 0 6 0 0 0 0 NaN
Jun 12th 11:25:23.339 UTC 3 9 0 73 69 156.4862 312.8128 5 191.1834 12.43778 1 0 9 0 0 0 0 NaN
Jun 12th 11:25:22.214 UTC 2 15 27 92 83 237.4312 347.36 0 354.2492 204.0324 0 0 6 0 0 0 0 NaN
Jun 12th 11:24:23.332 UTC 3 13 0 72 64 154.4612 284.1119 5 191.0935 12.52205 1 0 9 0 0 0 0 NaN
Jun 12th 11:24:22.202 UTC 2 13 26 86 81 224.5916 339.8449 0 338.2982 193.0401 0 0 6 0 0 0 0 NaN
Jun 12th 11:23:23.344 UTC 3 15 1 69 61 145.1874 274.7491 5 191.556 12.46565 1 0 9 0 0 0 0 NaN
Jun 12th 11:23:22.204 UTC 2 15 24 85 76 221.1266 321.7736 0 336.7534 184.5954 0 0 6 0 0 0 0 NaN
Jun 12th 11:22:23.339 UTC 3 14 0 67 61 141.6174 274.7491 5 192.0677 12.52613 1 0 9 0 0 0 0 NaN
Jun 12th 11:22:22.212 UTC 2 15 21 83 75 218.5766 314.7978 0 332.8151 182.2146 0 0 6 0 0 0 0 NaN
Jun 12th 11:21:23.338 UTC 3 13 0 65 59 139.4374 266.6597 5 194.4894 12.89526 1 0 9 0 0 0 0 NaN
Jun 12th 11:21:22.213 UTC 2 15 21 80 73 211.1441 308.1379 0 324.9692 177.9387 0 0 6 0 0 0 0 NaN
Jun 12th 11:20:23.351 UTC 3 14 1 64 56 138.0974 251.9932 0 195.1202 13.18203 0 0 9 0 0 0 0 NaN
Jun 12th 11:20:22.202 UTC 2 14 23 77 69 199.1346 291.209 0 316.3637 164.4138 0 0 6 0 0 0 0 NaN
Jun 12th 11:19:23.338 UTC 3 11 0 61 56 132.0675 251.9932 0 196.8688 13.60018 0 0 9 0 0 0 0 NaN
Jun 12th 11:19:22.200 UTC 2 15 22 74 67 194.0261 282.6313 0 309.6088 161.5061 0 0 6 0 0 0 0 NaN
Jun 12th 11:18:23.339 UTC 3 12 1 58 54 125.6375 240.3935 0 190.092 13.76282 0 0 9 0 0 0 0 NaN
Jun 12th 11:18:22.213 UTC 2 14 21 73 64 190.9076 269.0945 0 307.2945 150.6676 0 0 6 0 0 0 0 NaN
Jun 12th 11:17:23.338 UTC 3 11 0 57 52 124.4275 230.0224 0 189.7188 14.18756 0 0 9 0 0 0 0 NaN
Jun 12th 11:17:22.204 UTC 2 15 21 71 61 186.6956 258.9946 0 300.5763 144.8599 0 0 6 0 0 0 0 NaN
Jun 12th 11:16:23.348 UTC 3 13 0 55 50 116.6425 222.4435 0 188.4018 14.18756 0 0 9 0 0 0 0 NaN
Jun 12th 11:16:22.214 UTC 2 15 18 66 59 171.6309 251.1476 0 284.2749 139.9 0 0 6 0 0 0 0 NaN
Jun 12th 11:15:22.369 UTC 3 13 1 54 48 115.8425 215.2858 0 189.4568 14.42759 0 0 8 0 0 0 0 NaN
Jun 12th 11:15:22.215 UTC 2 15 16 64 57 162.5386 244.4782 0 278.1559 135.082 0 0 6 0 0 0 0 NaN
Jun 12th 11:14:22.378 UTC 3 12 0 53 47 113.8325 206.4113 0 190.9527 14.73347 0 0 8 0 0 0 0 NaN
Jun 12th 11:14:22.205 UTC 2 15 17 60 54 149.2343 231.3818 0 265.5156 126.2079 0 0 6 0 0 0 0 NaN
Jun 12th 11:13:21.592 UTC 3 13 3 51 42 110.0075 187.2103 0 189.0322 13.65812 0 0 7 0 0 0 0 NaN
Jun 12th 11:13:21.145 UTC 2 14 18 59 51 147.4253 218.0429 0 261.9546 112.5059 0 0 5 0 0 0 0 NaN
Jun 12th 11:12:21.154 UTC 2 14 20 56 47 140.9769 202.7064 0 252.953 96.35069 0 0 5 0 0 0 0 NaN
Jun 12th 11:12:20.646 UTC 3 15 3 48 38 105.6625 169.1773 0 185.8843 9.579631 0 0 6 0 0 0 0 NaN
Jun 12th 11:11:21.152 UTC 2 15 16 54 44 135.8919 185.1552 0 245.57 88.31638 0 0 5 0 0 0 0 NaN
Jun 12th 11:11:20.645 UTC 3 14 5 46 37 100.9375 163.8768 0 184.4993 6.594545 0 0 6 0 0 0 0 NaN
Jun 12th 11:10:21.141 UTC 2 15 15 52 43 132.2409 178.3422 0 238.9171 84.41034 0 0 5 0 0 0 0 NaN
Jun 12th 11:10:20.635 UTC 3 15 3 44 35 95.78497 148.869 0 187.9148 4.962417 0 0 6 0 0 0 0 NaN
Jun 12th 11:09:21.151 UTC 2 14 15 47 43 115.3669 178.3422 0 218.822 81.75305 0 0 5 0 0 0 0 NaN
Jun 12th 11:09:20.632 UTC 3 13 0 42 35 92.27498 148.869 0 188.031 4.973147 0 0 6 0 0 0 0 NaN
Jun 12th 11:08:21.154 UTC 2 15 15 47 39 115.3669 158.1137 0 218.822 71.02563 0 0 5 0 0 0 0 NaN
Jun 12th 11:08:20.645 UTC 3 11 0 38 35 81.59248 148.869 0 180.0884 5.093208 0 0 6 0 0 0 0 NaN
Jun 12th 11:07:21.143 UTC 2 15 13 45 36 109.3781 151.1826 0 210.723 61.33066 0 0 5 0 0 0 0 NaN
Jun 12th 11:07:20.644 UTC 3 12 0 37 33 79.28249 135.5461 0 179.1845 5.179885 0 0 6 0 0 0 0 NaN
Jun 12th 11:06:21.164 UTC 2 13 13 43 36 104.4934 151.1826 0 205.5585 55.73796 0 0 5 0 0 0 0 NaN
Jun 12th 11:06:20.654 UTC 3 11 0 36 31 75.81749 119.0353 0 176.86 5.269708 0 0 6 0 0 0 0 NaN
Jun 12th 11:05:21.152 UTC 2 15 10 37 32 87.855 134.7898 0 190.8495 49.35063 0 0 5 0 0 0 0 NaN
Jun 12th 11:05:20.643 UTC 3 11 1 36 30 75.81749 116.1601 0 176.86 5.344497 0 0 6 0 0 0 0 NaN
Jun 12th 11:04:21.153 UTC 2 15 11 36 30 83.8275 121.0552 0 187.7411 44.92835 0 0 5 0 0 0 0 NaN
Jun 12th 11:04:19.594 UTC 3 10 0 34 28 72.07249 108.3036 0 172.2721 5.356628 0 0 5 0 0 0 0 NaN
Jun 12th 11:03:21.152 UTC 2 15 10 35 26 79.845 96.40067 0 184.0713 31.90738 0 0 5 0 0 0 0 NaN
Jun 12th 11:03:19.604 UTC 3 12 0 34 26 72.07249 102.818 0 172.2721 5.356628 0 0 5 0 0 0 0 NaN
Jun 12th 11:02:21.153 UTC 2 15 7 33 24 73.69501 88.02078 0 181.3752 25.37182 0 0 5 0 0 0 0 NaN
Jun 12th 11:02:19.604 UTC 3 13 1 31 23 67.91249 84.65736 0 179.9564 5.283771 0 0 5 0 0 0 0 NaN
Jun 12th 11:01:20.133 UTC 2 15 9 32 21 72.895 76.5423 0 177.7819 16.24921 0 0 4 0 0 0 0 NaN
Jun 12th 11:01:19.597 UTC 3 10 1 29 23 66.71249 84.65736 0 177.0606 5.534187 0 0 5 0 0 0 0 NaN
Jun 12th 11:00:20.123 UTC 2 15 5 28 21 60.63626 76.5423 0 172.0359 16.24921 0 0 4 0 0 0 0 NaN
Jun 12th 11:00:19.593 UTC 3 12 0 27 20 60.13874 67.51468 0 167.9959 5.545087 0 0 5 0 0 0 0 NaN
Jun 12th 10:59:20.122 UTC 2 15 2 27 20 57.17126 71.20676 0 171.9283 15.80373 0 0 4 0 0 0 0 NaN
Jun 12th 10:59:19.604 UTC 3 13 0 25 18 56.47874 61.0686 0 160.3969 5.621355 0 0 5 0 0 0 0 NaN
Jun 12th 10:58:19.604 UTC 3 15 0 22 15 47.28625 47.4138 0 166.072 5.602203 0 0 5 0 0 0 0 NaN
Jun 12th 10:58:18.889 UTC 2 15 2 25 16 53.22626 53.70026 0 170.0506 11.95741 0 0 3 0 0 0 0 NaN
Jun 12th 10:57:18.887 UTC 2 15 4 22 13 47.96125 39.18067 0 156.4922 7.074581 0 0 3 0 0 0 0 NaN
Jun 12th 10:57:18.820 UTC 3 14 0 22 13 47.28625 41.64423 0 166.072 5.717242 0 0 4 0 0 0 0 NaN
Jun 12th 10:56:18.897 UTC 2 15 1 20 12 40.8975 37.5085 0 151.6128 5.230792 0 0 3 0 0 0 0 NaN
Jun 12th 10:56:18.829 UTC 3 13 0 19 12 35.25625 39.20939 0 156.2076 5.440319 0 0 4 0 0 0 0 NaN
Jun 12th 10:55:18.897 UTC 2 14 0 16 10 33.0725 25.74924 0 155.8267 5.110151 0 0 3 0 0 0 0 NaN
Jun 12th 10:55:18.819 UTC 3 14 1 16 9 31.29625 26.0875 0 157.4649 5.375005 0 0 4 0 0 0 0 NaN
Jun 12th 10:54:18.887 UTC 2 13 1 15 9 32.1725 21.80182 0 150.8567 5.133434 0 0 3 0 0 0 0 NaN
Jun 12th 10:54:17.859 UTC 3 15 0 14 6 27.89125 14.38245 0 161.8306 4.964695 0 0 3 0 0 0 0 NaN
Jun 12th 10:53:18.885 UTC 2 11 0 13 8 23.9375 21.08381 0 152.5721 5.282182 0 0 3 0 0 0 0 NaN
Jun 12th 10:53:17.858 UTC 3 13 1 11 5 22.2625 12.49649 0 134.7748 5.007466 0 0 3 0 0 0 0 NaN
Jun 12th 10:52:18.895 UTC 2 11 0 11 6 21.7875 14.71751 0 136.7449 5.27116 0 0 3 0 0 0 0 NaN
Jun 12th 10:52:16.980 UTC 3 14 1 8 2 17.2525 3.09861 0 140.233 4.983069 0 0 2 0 0 0 0 NaN
Jun 12th 10:51:18.895 UTC 2 10 0 8 5 15.33 11.09239 0 128.9574 5.126872 0 0 3 0 0 0 0 NaN
Jun 12th 10:51:16.980 UTC 3 12 0 7 1 15.6175 1.879586 0 149.4678 5.0995 0 0 2 0 0 0 0 NaN
Jun 12th 10:50:18.886 UTC 2 10 0 7 3 13.02 5.329206 0 114.1942 5.015926 0 0 3 0 0 0 0 NaN
Jun 12th 10:50:16.980 UTC 3 9 1 4 0 10.19 0 0 162.4962 4.892447 0 0 2 0 0 0 0 NaN
Jun 12th 10:49:17.684 UTC 2 10 0 6 1 10.365 1.388156 0 101.4675 5.589048 0 0 2 0 0 0 0 NaN
Jun 12th 10:49:16.072 UTC 3 7 1 0 0 0 0 0 NaN 4.44429 0 0 1 0 0 0 0 NaN
Jun 12th 10:48:17.673 UTC 2 7 0 3 1 5.475 1.388156 0 105.202 5.115043 0 0 2 0 0 0 0 NaN
Jun 12th 10:48:16.062 UTC 3 5 1 0 0 0 0 0 NaN 4.780703 0 0 1 0 0 0 0 NaN
Jun 12th 10:47:17.672 UTC 2 5 0 1 0 2.025 0 0 58.79718 5.868054 0 0 2 0 0 0 0 NaN
Jun 12th 10:47:16.062 UTC 3 3 0 0 0 0 0 0 NaN 4.24034 0 0 1 0 0 0 0 NaN
Jun 12th 10:46:16.486 UTC 2 3 0 0 0 0 0 0 NaN 3.539976 0 0 1 0 0 0 0 NaN
Jun 12th 10:46:16.062 UTC 3 1 0 0 0 0 0 0 NaN 11.51441 0 0 1 0 0 0 0 NaN
Jun 12th 10:45:15.514 UTC 2 0 0 0 0 0 0 0 NaN NaN 0 0 0 0 0 0 0 NaN
Jun 12th 10:45:15.410 UTC 3 0 0 0 0 0 0 0 NaN NaN 0 0 0 0 0 0 0 NaN