dt1 dt2 dt3 dt4 controller drones queue deliveries fullTrips revenue costs penalties avgDelTime avgWaitTime fDel fRet fLaunch collisions unknown penalties rejecValue avgRejecValue potentialLost avgPotentialLost
Jun 16th 23:29:54.621 UTC 3 14 0 624 615 1638.421 2840.519 5 196.6386 13.38442 1 0 93 0 0 0 0 NaN 0 NaN
Jun 16th 23:29:42.804 UTC 2 15 39 859 850 1941.434 3764.632 0 996.9393 822.5832 0 0 58 0 0 1530 0 0 809.0406 2.643924
Jun 16th 23:28:54.631 UTC 3 13 0 622 615 1632.939 2840.519 5 196.8434 13.39524 1 0 93 0 0 0 0 NaN 0 NaN
Jun 16th 23:28:41.771 UTC 2 15 39 857 848 1938.261 3756.737 0 996.9375 822.5234 0 0 57 0 0 1525 0 0 804.5181 2.637764
Jun 16th 23:27:54.630 UTC 3 13 0 618 613 1618.095 2835.059 5 196.9498 13.43451 1 0 93 0 0 0 0 NaN 0 NaN
Jun 16th 23:27:41.770 UTC 2 15 40 854 846 1932.967 3746.177 0 996.6808 822.4982 0 0 57 0 0 1515 0 0 799.4481 2.638443
Jun 16th 23:26:54.621 UTC 3 12 0 616 611 1616.295 2823.476 5 196.848 13.46907 1 0 93 0 0 0 0 NaN 0 NaN
Jun 16th 23:26:41.781 UTC 2 14 39 853 845 1931.659 3740.568 0 996.7242 822.5056 0 0 57 0 0 1515 0 0 799.4481 2.638443
Jun 16th 23:25:54.011 UTC 3 14 0 615 608 1614.525 2810.191 5 197.0434 13.48814 1 0 92 0 0 0 0 NaN 0 NaN
Jun 16th 23:25:41.772 UTC 2 15 39 849 843 1923.153 3727.723 0 996.3624 822.4877 0 0 57 0 0 1505 0 0 793.7593 2.637074
Jun 16th 23:24:54.001 UTC 3 11 0 612 607 1606.845 2805.139 5 196.8017 13.52865 1 0 92 0 0 0 0 NaN 0 NaN
Jun 16th 23:24:41.773 UTC 2 15 40 847 841 1915.491 3721.37 0 996.1627 822.488 0 0 57 0 0 1500 0 0 792.4193 2.641398
Jun 16th 23:23:54.001 UTC 3 11 0 612 605 1606.845 2797.819 5 196.8017 13.56455 1 0 92 0 0 0 0 NaN 0 NaN
Jun 16th 23:23:41.762 UTC 2 15 38 845 840 1912.841 3718.893 0 996.2183 822.5156 0 0 57 0 0 1500 0 0 792.4193 2.641398
Jun 16th 23:22:54.011 UTC 3 10 0 609 604 1602.285 2793.715 5 196.4641 13.58281 1 0 92 0 0 0 0 NaN 0 NaN
Jun 16th 23:22:41.772 UTC 2 13 38 844 839 1910.831 3716.998 0 995.9647 822.6318 0 0 57 0 0 1500 0 0 792.4193 2.641398
Jun 16th 23:21:53.379 UTC 3 12 0 607 601 1597.502 2775.271 5 196.3358 13.60274 1 0 91 0 0 0 0 NaN 0 NaN
Jun 16th 23:21:41.771 UTC 2 14 40 839 832 1904.339 3689.675 0 995.2986 822.4266 0 0 57 0 0 1500 0 0 792.4193 2.641398
Jun 16th 23:20:53.378 UTC 3 15 0 606 598 1596.602 2756.414 5 195.9271 13.60274 1 0 91 0 0 0 0 NaN 0 NaN
Jun 16th 23:20:41.763 UTC 2 15 38 837 831 1899.722 3687.588 0 995.3569 822.4266 0 0 57 0 0 1485 0 0 786.7142 2.64887
Jun 16th 23:19:53.388 UTC 3 13 1 604 597 1589.245 2751.232 5 195.5631 13.65156 1 0 91 0 0 0 0 NaN 0 NaN
Jun 16th 23:19:41.782 UTC 2 15 39 835 827 1898.042 3669.626 0 995.1889 822.2108 0 0 57 0 0 1485 0 0 786.7142 2.64887
Jun 16th 23:18:53.379 UTC 3 13 3 603 594 1588.445 2742.759 5 195.4433 12.9277 1 0 91 0 0 0 0 NaN 0 NaN
Jun 16th 23:18:41.774 UTC 2 15 39 835 823 1898.042 3652.649 0 995.1889 821.4952 0 0 57 0 0 1475 0 0 777.7518 2.636447
Jun 16th 23:17:53.388 UTC 3 15 3 601 592 1580.971 2734.982 5 194.987 12.9277 1 0 91 0 0 0 0 NaN 0 NaN
Jun 16th 23:17:41.784 UTC 2 15 37 831 821 1885.319 3642.16 0 994.5958 821.0876 0 0 57 0 0 1470 0 0 773.2292 2.630031
Jun 16th 23:16:52.714 UTC 3 14 7 598 589 1571.881 2716.126 5 194.5831 12.05757 1 0 90 0 0 0 0 NaN 0 NaN
Jun 16th 23:16:41.773 UTC 2 15 34 828 819 1879.206 3634.166 0 993.9595 820.6637 0 0 57 0 0 1470 0 0 773.2292 2.630031
Jun 16th 23:15:51.878 UTC 3 14 8 594 587 1558.758 2706.805 5 194.1237 11.62006 1 0 89 0 0 0 0 NaN 0 NaN
Jun 16th 23:15:41.761 UTC 2 15 31 825 819 1875.406 3634.166 0 993.1825 820.6637 0 0 57 0 0 1470 0 0 773.2292 2.630031
Jun 16th 23:14:51.899 UTC 3 15 5 592 586 1553.043 2702.293 5 193.8287 11.62006 1 0 89 0 0 0 0 NaN 0 NaN
Jun 16th 23:14:41.781 UTC 2 13 32 822 818 1866.714 3628.215 0 992.31 820.3223 0 0 57 0 0 1470 0 0 773.2292 2.630031
Jun 16th 23:13:51.888 UTC 3 15 6 591 582 1545.415 2680.328 5 193.897 11.02172 1 0 89 0 0 0 0 NaN 0 NaN
Jun 16th 23:13:40.866 UTC 2 13 33 820 815 1858.869 3616.593 0 991.5538 819.7177 0 0 56 0 0 1470 0 0 773.2292 2.630031
Jun 16th 23:12:51.899 UTC 3 14 4 591 581 1545.415 2678.895 5 193.897 10.78692 1 0 89 0 0 0 0 NaN 0 NaN
Jun 16th 23:12:39.093 UTC 2 15 38 818 809 1855.024 3596.906 0 990.9587 818.7339 0 0 54 0 0 1470 0 0 773.2292 2.630031
Jun 16th 23:11:51.889 UTC 3 15 2 585 579 1534.04 2669.96 5 193.7911 10.7 1 0 89 0 0 0 0 NaN 0 NaN
Jun 16th 23:11:39.111 UTC 2 15 38 818 807 1855.024 3587.875 0 990.9587 818.0864 0 0 54 0 0 1470 0 0 773.2292 2.630031
Jun 16th 23:10:51.888 UTC 3 14 1 585 577 1534.04 2660.99 5 193.7911 10.72783 1 0 89 0 0 0 0 NaN 0 NaN
Jun 16th 23:10:39.098 UTC 2 13 40 814 806 1847.853 3583.143 0 989.9976 817.108 0 0 54 0 0 1470 0 0 773.2292 2.630031
Jun 16th 23:09:51.889 UTC 3 13 0 581 577 1520.488 2660.99 5 193.8309 10.72982 1 0 89 0 0 0 0 NaN 0 NaN
Jun 16th 23:09:39.101 UTC 2 14 39 810 802 1841.443 3560.212 0 988.5511 816.088 0 0 54 0 0 1465 0 0 767.2555 2.618619
Jun 16th 23:08:51.898 UTC 3 11 1 579 576 1516.483 2653.759 5 193.9507 10.75471 1 0 89 0 0 0 0 NaN 0 NaN
Jun 16th 23:08:39.110 UTC 2 15 38 808 800 1834.835 3548.312 0 987.6124 815.7202 0 0 54 0 0 1465 0 0 767.2555 2.618619
Jun 16th 23:07:51.889 UTC 3 10 0 578 574 1515.683 2643.837 5 193.829 10.77665 1 0 89 0 0 0 0 NaN 0 NaN
Jun 16th 23:07:38.203 UTC 2 15 39 806 799 1827.908 3542.223 0 986.723 815.3834 0 0 53 0 0 1460 0 0 761.2817 2.607129
Jun 16th 23:06:51.888 UTC 3 9 1 578 572 1515.683 2632.372 5 193.829 10.7973 1 0 89 0 0 0 0 NaN 0 NaN
Jun 16th 23:06:38.193 UTC 2 14 38 805 798 1825.883 3536.636 0 986.3354 814.7812 0 0 53 0 0 1460 0 0 761.2817 2.607129
Jun 16th 23:05:51.150 UTC 3 10 0 577 569 1510.103 2622.335 5 193.698 10.82708 1 0 88 0 0 0 0 NaN 0 NaN
Jun 16th 23:05:38.204 UTC 2 14 39 802 794 1822.453 3512.154 0 985.1207 813.2324 0 0 53 0 0 1460 0 0 761.2817 2.607129
Jun 16th 23:04:49.979 UTC 3 14 0 575 565 1507.433 2596.248 5 193.9962 10.82708 1 0 86 0 0 0 0 NaN 0 NaN
Jun 16th 23:04:38.203 UTC 2 14 40 800 792 1813.266 3500.758 0 984.2786 812.3065 0 0 53 0 0 1450 0 0 757.2767 2.611299
Jun 16th 23:03:49.071 UTC 3 14 0 572 564 1499.173 2594.356 5 193.937 10.8448 1 0 85 0 0 0 0 NaN 0 NaN
Jun 16th 23:03:38.192 UTC 2 15 40 799 790 1812.176 3487.869 0 983.8926 811.9021 0 0 53 0 0 1440 0 0 753.8967 2.617697
Jun 16th 23:02:49.073 UTC 3 14 0 571 563 1497.148 2590.906 5 193.844 10.85734 1 0 85 0 0 0 0 NaN 0 NaN
Jun 16th 23:02:38.202 UTC 2 15 38 797 790 1808.082 3487.869 0 983.1846 811.9021 0 0 53 0 0 1425 0 0 743.1793 2.607646
Jun 16th 23:01:49.062 UTC 3 11 1 567 563 1486.36 2590.906 5 193.2991 10.90223 1 0 85 0 0 0 0 NaN 0 NaN
Jun 16th 23:01:38.203 UTC 2 14 39 794 788 1802.994 3478.934 0 982.1033 810.967 0 0 53 0 0 1425 0 0 743.1793 2.607646
Jun 16th 23:00:48.479 UTC 3 10 1 566 562 1484.335 2588.104 5 193.3298 10.91571 1 0 84 0 0 0 0 NaN 0 NaN
Jun 16th 23:00:37.283 UTC 2 15 40 792 785 1798.925 3461.154 0 981.2763 810.2585 0 0 52 0 0 1420 0 0 737.5992 2.59718
Jun 16th 22:59:47.827 UTC 3 13 1 565 558 1481.635 2568.839 5 193.4301 10.90811 1 0 83 0 0 0 0 NaN 0 NaN
Jun 16th 22:59:37.282 UTC 2 15 38 791 784 1797.847 3454.81 0 980.8034 809.9549 0 0 52 0 0 1415 0 0 733.0767 2.590377
Jun 16th 22:58:47.827 UTC 3 14 0 562 554 1475.59 2547.733 5 192.7733 10.871 1 0 83 0 0 0 0 NaN 0 NaN
Jun 16th 22:58:37.289 UTC 2 15 40 788 781 1791.377 3437.542 0 979.7454 809.0394 0 0 52 0 0 1410 0 0 730.6242 2.590866
Jun 16th 22:57:47.826 UTC 3 14 0 559 552 1467.415 2540.416 5 193.3181 10.89958 1 0 83 0 0 0 0 NaN 0 NaN
Jun 16th 22:57:37.294 UTC 2 15 39 788 780 1791.377 3434.926 0 979.7454 808.7729 0 0 52 0 0 1405 0 0 728.5992 2.59288
Jun 16th 22:56:47.837 UTC 3 12 0 559 552 1467.415 2540.416 5 193.3181 10.91075 1 0 83 0 0 0 0 NaN 0 NaN
Jun 16th 22:56:37.282 UTC 2 15 38 785 778 1782.418 3424.245 0 978.7346 808.1459 0 0 52 0 0 1405 0 0 728.5992 2.59288
Jun 16th 22:55:47.103 UTC 3 11 1 556 551 1459.695 2536.829 5 193.3635 10.9415 1 0 82 0 0 0 0 NaN 0 NaN
Jun 16th 22:55:36.396 UTC 2 14 39 784 776 1779.823 3413.446 0 978.5215 807.2431 0 0 51 0 0 1405 0 0 728.5992 2.59288
Jun 16th 22:54:47.091 UTC 3 13 0 555 549 1456.23 2525.568 5 193.4137 10.9415 1 0 82 0 0 0 0 NaN 0 NaN
Jun 16th 22:54:36.396 UTC 2 15 40 781 773 1774.02 3402.823 0 977.5626 806.5244 0 0 51 0 0 1380 0 0 722.3892 2.617352
Jun 16th 22:53:47.104 UTC 3 14 0 552 547 1449.99 2518.42 5 191.944 10.94953 1 0 82 0 0 0 0 NaN 0 NaN
Jun 16th 22:53:36.385 UTC 2 15 38 779 772 1772.79 3396.466 0 976.9684 806.2228 0 0 51 0 0 1375 0 0 717.3041 2.608379
Jun 16th 22:52:46.235 UTC 3 13 0 551 546 1447.965 2509.81 5 192.0318 10.97046 1 0 81 0 0 0 0 NaN 0 NaN
Jun 16th 22:52:36.397 UTC 2 15 38 776 770 1758.673 3382.563 0 976.2838 805.6645 0 0 51 0 0 1375 0 0 717.3041 2.608379
Jun 16th 22:51:46.245 UTC 3 12 1 550 544 1446.165 2495.227 5 192.2044 11.00113 1 0 81 0 0 0 0 NaN 0 NaN
Jun 16th 22:51:36.396 UTC 2 15 37 774 768 1754.988 3373.251 0 975.6428 805.2004 0 0 51 0 0 1375 0 0 717.3041 2.608379
Jun 16th 22:50:46.243 UTC 3 11 1 548 542 1440.008 2491.599 5 192.0811 11.03765 1 0 81 0 0 0 0 NaN 0 NaN
Jun 16th 22:50:36.396 UTC 2 14 40 772 764 1747.128 3352.084 0 975.1609 803.9377 0 0 51 0 0 1375 0 0 717.3041 2.608379
Jun 16th 22:49:46.254 UTC 3 11 0 545 541 1429.198 2484.032 5 192.5245 11.04386 1 0 81 0 0 0 0 NaN 0 NaN
Jun 16th 22:49:36.385 UTC 2 14 40 772 762 1747.128 3341.607 0 975.1609 803.3695 0 0 51 0 0 1360 0 0 708.6791 2.605438
Jun 16th 22:48:46.244 UTC 3 9 1 545 540 1429.198 2478.939 5 192.5245 11.09184 1 0 81 0 0 0 0 NaN 0 NaN
Jun 16th 22:48:36.395 UTC 2 15 40 770 759 1744.293 3330.441 0 974.576 802.8295 0 0 51 0 0 1360 0 0 708.6791 2.605438
Jun 16th 22:47:46.244 UTC 3 9 0 545 539 1429.198 2476.403 5 192.5245 11.10188 1 0 81 0 0 0 0 NaN 0 NaN
Jun 16th 22:47:36.398 UTC 2 15 40 767 757 1739.335 3317.246 0 973.9851 802.3098 0 0 51 0 0 1345 0 0 704.2291 2.617952
Jun 16th 22:46:46.243 UTC 3 7 1 543 539 1424.243 2476.403 5 192.1132 11.13302 1 0 81 0 0 0 0 NaN 0 NaN
Jun 16th 22:46:36.395 UTC 2 15 40 763 756 1729.201 3312.935 0 972.7316 802.0418 0 0 51 0 0 1335 0 0 698.2216 2.615062
Jun 16th 22:45:46.255 UTC 3 10 0 541 536 1418.198 2467.585 5 192.0569 11.13302 1 0 81 0 0 0 0 NaN 0 NaN
Jun 16th 22:45:36.395 UTC 2 15 40 760 755 1722.013 3309.622 0 972.0443 801.8226 0 0 51 0 0 1310 0 0 680.0541 2.595627
Jun 16th 22:44:46.244 UTC 3 9 1 540 536 1414.215 2467.585 5 192.029 11.14322 1 0 81 0 0 0 0 NaN 0 NaN
Jun 16th 22:44:36.385 UTC 2 15 39 759 752 1716.04 3292.904 0 971.6859 801.1379 0 0 51 0 0 1310 0 0 680.0541 2.595627
Jun 16th 22:43:46.243 UTC 3 9 0 537 536 1409.895 2467.585 5 192.2067 11.14322 1 0 81 0 0 0 0 NaN 0 NaN
Jun 16th 22:43:36.396 UTC 2 15 37 758 751 1714.458 3287.144 0 971.4089 800.8902 0 0 51 0 0 1300 0 0 676.9341 2.603593
Jun 16th 22:42:44.828 UTC 3 8 1 536 534 1408.095 2460.415 5 192.2278 11.1818 1 0 79 0 0 0 0 NaN 0 NaN
Jun 16th 22:42:36.386 UTC 2 15 39 755 748 1708.489 3275.691 0 970.5498 800.3423 0 0 51 0 0 1300 0 0 676.9341 2.603593
Jun 16th 22:41:44.823 UTC 3 9 0 536 532 1408.095 2452.485 5 192.2278 11.18737 1 0 79 0 0 0 0 NaN 0 NaN
Jun 16th 22:41:36.396 UTC 2 15 38 753 745 1701.01 3264.931 0 970.2512 799.7507 0 0 51 0 0 1300 0 0 676.9341 2.603593
Jun 16th 22:40:43.990 UTC 3 8 1 536 530 1408.095 2440.726 5 192.2278 11.23155 1 0 78 0 0 0 0 NaN 0 NaN
Jun 16th 22:40:36.386 UTC 2 15 39 753 742 1701.01 3255.571 0 970.2512 798.93 0 0 51 0 0 1300 0 0 676.9341 2.603593
Jun 16th 22:39:43.990 UTC 3 9 0 533 528 1400.903 2430.955 5 192.5465 11.23697 1 0 78 0 0 0 0 NaN 0 NaN
Jun 16th 22:39:36.386 UTC 2 15 40 748 740 1690.311 3248.49 0 969.1395 798.4547 0 0 51 0 0 1285 0 0 671.2142 2.611728
Jun 16th 22:38:43.981 UTC 3 9 1 533 526 1400.903 2417.986 5 192.5465 11.26462 1 0 78 0 0 0 0 NaN 0 NaN
Jun 16th 22:38:36.395 UTC 2 14 40 744 738 1682.397 3237.701 0 968.392 797.8347 0 0 51 0 0 1280 0 0 667.8942 2.608962
Jun 16th 22:37:43.981 UTC 3 10 0 530 524 1394.3 2413.018 5 192.6342 11.28512 1 0 78 0 0 0 0 NaN 0 NaN
Jun 16th 22:37:36.395 UTC 2 14 39 741 737 1674.744 3232.321 0 967.5236 797.6988 0 0 51 0 0 1270 0 0 657.7017 2.589377
Jun 16th 22:36:43.337 UTC 3 11 0 529 522 1388.259 2408.429 5 192.8836 11.29751 1 0 77 0 0 0 0 NaN 0 NaN
Jun 16th 22:36:36.386 UTC 2 15 39 741 733 1674.744 3220.357 0 967.5236 797.0873 0 0 51 0 0 1265 0 0 654.0229 2.585071
Jun 16th 22:35:43.327 UTC 3 11 0 526 521 1381.082 2403.731 5 192.8299 11.3156 1 0 77 0 0 0 0 NaN 0 NaN
Jun 16th 22:35:36.386 UTC 2 15 40 738 728 1661.871 3195.518 0 966.739 795.8612 0 0 51 0 0 1265 0 0 654.0229 2.585071
Jun 16th 22:34:43.324 UTC 3 10 1 523 518 1374.003 2387.071 5 193.063 11.35832 1 0 77 0 0 0 0 NaN 0 NaN
Jun 16th 22:34:36.395 UTC 2 14 40 734 727 1653.562 3190.058 0 965.5649 795.3403 0 0 51 0 0 1265 0 0 654.0229 2.585071
Jun 16th 22:33:42.409 UTC 3 14 0 523 514 1374.003 2364.104 5 193.063 11.35832 1 0 76 0 0 0 0 NaN 0 NaN
Jun 16th 22:33:36.395 UTC 2 15 40 732 724 1648.538 3174.383 0 964.9981 794.7015 0 0 51 0 0 1255 0 0 650.1578 2.59027
Jun 16th 22:32:42.409 UTC 3 13 0 521 513 1371.333 2360.913 5 192.9533 11.37772 1 0 76 0 0 0 0 NaN 0 NaN
Jun 16th 22:32:36.385 UTC 2 15 39 731 722 1642.564 3162.41 0 964.6429 794.1027 0 0 51 0 0 1250 0 0 648.3578 2.593431
Jun 16th 22:31:42.399 UTC 3 10 1 520 513 1368.88 2360.913 5 192.9613 11.43287 1 0 76 0 0 0 0 NaN 0 NaN
Jun 16th 22:31:36.384 UTC 2 15 40 730 719 1641.764 3142.948 0 964.3649 793.0383 0 0 51 0 0 1250 0 0 648.3578 2.593431
Jun 16th 22:30:42.418 UTC 3 9 0 518 513 1366.255 2360.913 5 193.08 11.44184 1 0 76 0 0 0 0 NaN 0 NaN
Jun 16th 22:30:36.395 UTC 2 15 40 725 717 1629.023 3133.033 0 962.9276 792.368 0 0 51 0 0 1240 0 0 641.2941 2.585863
Jun 16th 22:29:42.408 UTC 3 9 0 514 513 1355.155 2360.913 5 192.61 11.44184 1 0 76 0 0 0 0 NaN 0 NaN
Jun 16th 22:29:36.395 UTC 2 15 40 723 715 1623.951 3128.814 0 962.1555 791.7953 0 0 51 0 0 1220 0 0 629.8453 2.581333
Jun 16th 22:28:41.775 UTC 3 9 1 513 511 1353.52 2357.913 5 192.4835 11.45911 1 0 75 0 0 0 0 NaN 0 NaN
Jun 16th 22:28:36.396 UTC 2 15 38 722 715 1620.312 3128.814 0 961.8389 791.7953 0 0 51 0 0 1215 0 0 623.8715 2.567373
Jun 16th 22:27:41.785 UTC 3 8 1 512 510 1348.435 2351.805 5 192.747 11.49301 1 0 75 0 0 0 0 NaN 0 NaN
Jun 16th 22:27:36.385 UTC 2 15 37 718 713 1613.308 3118.076 0 960.9187 791.3706 0 0 51 0 0 1215 0 0 623.8715 2.567373
Jun 16th 22:26:41.776 UTC 3 9 0 511 508 1344.453 2343.537 5 192.9884 11.50151 1 0 75 0 0 0 0 NaN 0 NaN
Jun 16th 22:26:36.395 UTC 2 12 38 717 711 1612.108 3110.098 0 960.6879 789.9343 0 0 51 0 0 1215 0 0 623.8715 2.567373
Jun 16th 22:25:41.774 UTC 3 5 0 511 508 1344.453 2343.537 5 192.9884 11.57462 1 0 75 0 0 0 0 NaN 0 NaN
Jun 16th 22:25:36.397 UTC 2 15 40 716 706 1609.656 3095.371 0 960.2715 789.2896 0 0 51 0 0 1205 0 0 622.0715 2.581209
Jun 16th 22:24:41.775 UTC 3 4 0 511 507 1344.453 2336.341 5 192.9884 11.5861 1 0 75 0 0 0 0 NaN 0 NaN
Jun 16th 22:24:36.388 UTC 2 14 40 711 705 1603.206 3090.955 0 959.3549 788.8442 0 0 51 0 0 1200 0 0 620.8715 2.586964
Jun 16th 22:23:41.143 UTC 3 10 0 508 501 1335.667 2305.751 5 192.9954 11.5861 1 0 74 0 0 0 0 NaN 0 NaN
Jun 16th 22:23:36.387 UTC 2 14 39 709 701 1598.133 3076.276 0 959.1202 787.9951 0 0 51 0 0 1200 0 0 620.8715 2.586964
Jun 16th 22:22:41.155 UTC 3 12 0 508 499 1335.667 2298.951 5 192.9954 11.5861 1 0 74 0 0 0 0 NaN 0 NaN
Jun 16th 22:22:36.397 UTC 2 15 39 706 697 1592.076 3052.757 0 958.5586 787.3102 0 0 51 0 0 1190 0 0 615.989 2.588189
Jun 16th 22:21:41.145 UTC 3 12 0 507 498 1335.067 2294.317 5 193.1169 11.60197 1 0 74 0 0 0 0 NaN 0 NaN
Jun 16th 22:21:36.397 UTC 2 15 40 703 695 1583.031 3044.604 0 957.765 786.8566 0 0 51 0 0 1170 0 0 607.8465 2.597635
Jun 16th 22:20:41.144 UTC 3 12 0 504 497 1325.904 2291.034 5 193.3688 11.6218 1 0 74 0 0 0 0 NaN 0 NaN
Jun 16th 22:20:36.386 UTC 2 15 39 701 694 1581.391 3039.712 0 957.4893 786.662 0 0 51 0 0 1160 0 0 604.7065 2.606494
Jun 16th 22:19:40.554 UTC 3 14 1 501 493 1316.212 2268.555 5 193.1743 11.64237 1 0 73 0 0 0 0 NaN 0 NaN
Jun 16th 22:19:36.397 UTC 2 15 38 700 692 1580.971 3033.594 0 957.1716 786.3503 0 0 51 0 0 1160 0 0 604.7065 2.606494
Jun 16th 22:18:39.767 UTC 3 14 1 497 491 1309.156 2257.428 5 193.4694 11.64498 1 0 72 0 0 0 0 NaN 0 NaN
Jun 16th 22:18:36.397 UTC 2 15 39 697 688 1576.834 3012.571 0 956.3824 785.5237 0 0 51 0 0 1160 0 0 604.7065 2.606494
Jun 16th 22:17:38.604 UTC 3 12 1 496 490 1304.072 2256.493 5 193.2445 11.68808 1 0 71 0 0 0 0 NaN 0 NaN
Jun 16th 22:17:36.386 UTC 2 15 39 695 687 1573.121 3008.975 0 955.8768 785.2697 0 0 51 0 0 1160 0 0 604.7065 2.606494
Jun 16th 22:16:38.623 UTC 3 13 0 495 488 1298.098 2247.14 5 193.5435 11.69153 1 0 71 0 0 0 0 NaN 0 NaN
Jun 16th 22:16:36.386 UTC 2 15 39 693 685 1569.658 3000.276 0 955.2558 784.798 0 0 51 0 0 1150 0 0 598.4328 2.601882
Jun 16th 22:15:38.612 UTC 3 10 1 492 487 1290.319 2245.203 5 193.7467 11.74562 1 0 71 0 0 0 0 NaN 0 NaN
Jun 16th 22:15:36.385 UTC 2 14 40 690 683 1565.616 2989.187 0 954.731 784.0918 0 0 51 0 0 1150 0 0 598.4328 2.601882
Jun 16th 22:14:38.612 UTC 3 11 0 491 485 1284.345 2237.308 5 193.5781 11.75122 1 0 71 0 0 0 0 NaN 0 NaN
Jun 16th 22:14:36.385 UTC 2 15 40 687 681 1561.876 2977.086 0 954.0283 783.9183 0 0 51 0 0 1135 0 0 592.2427 2.608999
Jun 16th 22:13:38.603 UTC 3 11 0 488 484 1275.465 2232.99 5 193.1568 11.76697 1 0 71 0 0 0 0 NaN 0 NaN
Jun 16th 22:13:36.397 UTC 2 14 39 686 679 1561.036 2968.604 0 953.7809 783.3066 0 0 51 0 0 1135 0 0 592.2427 2.608999
Jun 16th 22:12:38.623 UTC 3 10 0 487 482 1274.375 2227.945 5 193.3385 11.79623 1 0 71 0 0 0 0 NaN 0 NaN
Jun 16th 22:12:36.397 UTC 2 14 40 686 676 1561.036 2954.288 0 953.7809 782.5563 0 0 51 0 0 1130 0 0 589.7902 2.609691
Jun 16th 22:11:38.613 UTC 3 9 1 485 480 1270.56 2215.49 5 193.5697 11.81983 1 0 71 0 0 0 0 NaN 0 NaN
Jun 16th 22:11:36.386 UTC 2 15 40 682 673 1550.054 2940.563 0 953.2398 782.0598 0 0 51 0 0 1125 0 0 587.5302 2.611245
Jun 16th 22:10:38.614 UTC 3 12 0 483 476 1268.13 2186.578 5 193.1947 11.83797 1 0 71 0 0 0 0 NaN 0 NaN
Jun 16th 22:10:36.396 UTC 2 15 40 679 671 1543.751 2933.917 0 952.902 781.744 0 0 51 0 0 1115 0 0 579.0102 2.596458
Jun 16th 22:09:38.625 UTC 3 14 0 482 474 1264.148 2180.595 5 193.1415 11.83797 1 0 71 0 0 0 0 NaN 0 NaN
Jun 16th 22:09:36.386 UTC 2 15 38 678 670 1541.726 2931.507 0 952.9344 781.6197 0 0 51 0 0 1105 0 0 572.5752 2.590838
Jun 16th 22:08:38.614 UTC 3 15 2 482 471 1264.148 2164.441 5 193.1415 11.69165 1 0 71 0 0 0 0 NaN 0 NaN
Jun 16th 22:08:36.396 UTC 2 15 36 674 667 1534.204 2922.061 0 952.3581 781.3649 0 0 51 0 0 1105 0 0 572.5752 2.590838
Jun 16th 22:07:38.043 UTC 3 15 2 481 469 1263.248 2151.249 5 193.2532 11.57016 1 0 70 0 0 0 0 NaN 0 NaN
Jun 16th 22:07:36.385 UTC 2 14 36 671 665 1528.016 2915.529 0 951.6985 781.0917 0 0 51 0 0 1105 0 0 572.5752 2.590838
Jun 16th 22:06:38.042 UTC 3 15 3 476 467 1248.803 2143.891 5 193.3648 11.40104 1 0 70 0 0 0 0 NaN 0 NaN
Jun 16th 22:06:36.388 UTC 2 15 34 669 662 1521.435 2900.113 0 951.4664 780.9269 0 0 51 0 0 1105 0 0 572.5752 2.590838
Jun 16th 22:05:38.053 UTC 3 14 0 475 466 1246.778 2141.816 5 193.1244 11.40736 1 0 70 0 0 0 0 NaN 0 NaN
Jun 16th 22:05:36.396 UTC 2 15 36 666 659 1507.85 2889.997 0 951.0178 780.678 0 0 51 0 0 1105 0 0 572.5752 2.590838
Jun 16th 22:04:37.260 UTC 3 13 1 471 465 1237.883 2139.27 5 192.7351 11.43818 1 0 69 0 0 0 0 NaN 0 NaN
Jun 16th 22:04:35.276 UTC 2 13 38 665 657 1506.978 2881.125 0 950.825 779.9797 0 0 50 0 0 1105 0 0 572.5752 2.590838
Jun 16th 22:03:37.257 UTC 3 11 0 469 465 1230.752 2139.27 5 192.8428 11.4622 1 0 69 0 0 0 0 NaN 0 NaN
Jun 16th 22:03:35.270 UTC 2 15 40 662 650 1497.901 2852.038 0 950.4663 778.6725 0 0 50 0 0 1105 0 0 572.5752 2.590838
Jun 16th 22:02:37.269 UTC 3 10 0 465 464 1211.102 2134.863 5 192.5073 11.48856 1 0 69 0 0 0 0 NaN 0 NaN
Jun 16th 22:02:35.287 UTC 2 15 40 659 650 1492.841 2852.038 0 950.1517 778.6725 0 0 50 0 0 1090 0 0 567.0402 2.601102
Jun 16th 22:01:37.260 UTC 3 12 0 465 462 1211.102 2120.774 5 192.5073 11.48856 1 0 69 0 0 0 0 NaN 0 NaN
Jun 16th 22:01:35.287 UTC 2 14 39 657 649 1487.505 2845.813 0 950.1451 778.3205 0 0 50 0 0 1075 0 0 562.1802 2.614792
Jun 16th 22:00:37.258 UTC 3 11 1 465 460 1211.102 2111.395 5 192.5073 11.51686 1 0 69 0 0 0 0 NaN 0 NaN
Jun 16th 22:00:35.277 UTC 2 15 39 653 646 1477.674 2831.385 0 949.9432 777.9603 0 0 50 0 0 1070 0 0 561.5802 2.624207
Jun 16th 21:59:37.258 UTC 3 12 1 464 457 1209.562 2094.25 5 192.5376 11.53732 1 0 69 0 0 0 0 NaN 0 NaN
Jun 16th 21:59:35.284 UTC 2 15 39 651 643 1473.072 2818.331 0 949.8205 777.7236 0 0 50 0 0 1070 0 0 561.5802 2.624207
Jun 16th 21:58:37.265 UTC 3 11 0 464 456 1209.562 2089.951 5 192.5376 11.56007 1 0 69 0 0 0 0 NaN 0 NaN
Jun 16th 21:58:35.285 UTC 2 15 40 650 641 1468.55 2810.031 0 949.7208 777.554 0 0 50 0 0 1060 0 0 556.0901 2.623067
Jun 16th 21:57:37.254 UTC 3 9 0 463 456 1206.862 2089.951 5 192.6027 11.60441 1 0 69 0 0 0 0 NaN 0 NaN
Jun 16th 21:57:35.283 UTC 2 15 40 648 639 1461.376 2800.026 0 949.8137 777.4964 0 0 50 0 0 1055 0 0 553.6376 2.623875
Jun 16th 21:56:37.257 UTC 3 10 0 459 454 1197.798 2085.193 5 192.5486 11.61712 1 0 69 0 0 0 0 NaN 0 NaN
Jun 16th 21:56:35.274 UTC 2 15 40 644 636 1453.942 2788.041 0 949.6806 777.4962 0 0 50 0 0 1045 0 0 547.6401 2.620288
Jun 16th 21:55:37.265 UTC 3 10 0 456 454 1192.035 2085.193 5 192.5962 11.61712 1 0 69 0 0 0 0 NaN 0 NaN
Jun 16th 21:55:35.272 UTC 2 15 35 642 636 1447.168 2788.041 0 949.6194 777.4962 0 0 50 0 0 1045 0 0 547.6401 2.620288
Jun 16th 21:54:36.684 UTC 3 8 0 455 454 1183.665 2085.193 5 192.7508 11.65041 1 0 68 0 0 0 0 NaN 0 NaN
Jun 16th 21:54:35.281 UTC 2 15 36 638 632 1442.062 2772.666 0 949.2952 777.5806 0 0 50 0 0 1045 0 0 547.6401 2.620288
Jun 16th 21:53:36.674 UTC 3 7 1 454 452 1181.865 2077.043 5 192.3731 11.70388 1 0 68 0 0 0 0 NaN 0 NaN
Jun 16th 21:53:35.281 UTC 2 15 35 638 630 1442.062 2765.045 0 949.2952 777.5782 0 0 50 0 0 1045 0 0 547.6401 2.620288
Jun 16th 21:52:36.693 UTC 3 6 0 453 450 1179.165 2068.912 5 192.6628 11.74261 1 0 68 0 0 0 0 NaN 0 NaN
Jun 16th 21:52:35.281 UTC 2 12 39 635 627 1437.569 2758.484 0 948.8774 777.1716 0 0 50 0 0 1045 0 0 547.6401 2.620288
Jun 16th 21:51:36.681 UTC 3 6 1 452 448 1177.325 2054.616 5 192.9638 11.76146 1 0 68 0 0 0 0 NaN 0 NaN
Jun 16th 21:51:34.447 UTC 2 15 38 631 623 1433.624 2736.976 0 948.3447 777.0123 0 0 49 0 0 1040 0 0 545.6151 2.62315
Jun 16th 21:50:36.683 UTC 3 7 0 452 446 1177.325 2041.571 5 192.9638 11.78528 1 0 68 0 0 0 0 NaN 0 NaN
Jun 16th 21:50:34.447 UTC 2 15 40 629 620 1429.774 2729.723 0 948.1436 776.4682 0 0 49 0 0 1025 0 0 541.9551 2.643684
Jun 16th 21:49:36.676 UTC 3 7 0 451 446 1174.625 2041.571 5 192.8043 11.78528 1 0 68 0 0 0 0 NaN 0 NaN
Jun 16th 21:49:34.448 UTC 2 15 40 626 618 1424.17 2719.332 0 947.9479 776.1495 0 0 49 0 0 1010 0 0 538.8551 2.667599
Jun 16th 21:48:36.061 UTC 3 9 0 451 444 1174.625 2031.196 5 192.8043 11.78528 1 0 67 0 0 0 0 NaN 0 NaN
Jun 16th 21:48:34.437 UTC 2 15 39 623 616 1419.94 2715.656 0 947.3593 775.9144 0 0 49 0 0 1000 0 0 535.3 2.6765
Jun 16th 21:47:36.062 UTC 3 9 0 449 443 1167.302 2027.427 5 192.4357 11.79289 1 0 67 0 0 0 0 NaN 0 NaN
Jun 16th 21:47:34.447 UTC 2 15 39 620 612 1415.712 2704.503 0 946.1991 775.175 0 0 49 0 0 1000 0 0 535.3 2.6765
Jun 16th 21:46:36.052 UTC 3 13 0 448 439 1165.667 2004.34 5 192.3188 11.79289 1 0 67 0 0 0 0 NaN 0 NaN
Jun 16th 21:46:34.447 UTC 2 14 39 616 611 1406.221 2699.104 0 944.8201 774.8961 0 0 49 0 0 985 0 0 527.9263 2.679829
Jun 16th 21:45:36.051 UTC 3 13 0 446 439 1163.977 2004.34 5 192.1897 11.79289 1 0 67 0 0 0 0 NaN 0 NaN
Jun 16th 21:45:34.437 UTC 2 14 39 614 605 1397.251 2670.76 0 943.965 772.6573 0 0 49 0 0 985 0 0 527.9263 2.679829
Jun 16th 21:44:34.457 UTC 2 15 38 611 602 1389.138 2663.516 0 942.9932 771.7037 0 0 49 0 0 980 0 0 525.2263 2.679726
Jun 16th 21:44:34.450 UTC 3 15 3 442 436 1150.39 1985.595 0 191.9081 11.68988 0 0 65 0 0 0 0 NaN 0 NaN
Jun 16th 21:43:34.452 UTC 3 14 1 441 436 1148.85 1985.595 0 192.0023 11.69424 0 0 65 0 0 0 0 NaN 0 NaN
Jun 16th 21:43:34.447 UTC 2 15 36 609 601 1385.93 2657.488 0 942.3104 771.2944 0 0 49 0 0 980 0 0 525.2263 2.679726
Jun 16th 21:42:34.449 UTC 3 11 0 441 436 1148.85 1985.595 0 192.0023 11.75446 0 0 65 0 0 0 0 NaN 0 NaN
Jun 16th 21:42:34.447 UTC 2 14 39 605 598 1378.57 2644.835 0 940.7853 769.8169 0 0 49 0 0 980 0 0 525.2263 2.679726
Jun 16th 21:41:34.440 UTC 3 10 0 440 435 1147.08 1983.234 0 191.8358 11.7704 0 0 65 0 0 0 0 NaN 0 NaN
Jun 16th 21:41:34.437 UTC 2 15 40 604 593 1376.56 2628.998 0 940.3862 767.8939 0 0 49 0 0 975 0 0 524.4263 2.689366
Jun 16th 21:40:34.457 UTC 2 15 40 600 592 1367.506 2624.236 0 939.0698 767.4772 0 0 49 0 0 965 0 0 519.4075 2.691231
Jun 16th 21:40:34.450 UTC 3 8 0 437 435 1141.956 1983.234 0 191.3291 11.81351 0 0 65 0 0 0 0 NaN 0 NaN
Jun 16th 21:39:34.447 UTC 2 15 39 598 589 1364.002 2610.46 0 938.0215 766.2336 0 0 49 0 0 965 0 0 519.4075 2.691231
Jun 16th 21:39:34.440 UTC 3 8 0 435 433 1134.958 1975.297 0 191.4445 11.84776 0 0 65 0 0 0 0 NaN 0 NaN
Jun 16th 21:38:34.444 UTC 2 15 39 594 587 1357.032 2601.598 0 935.8502 765.4127 0 0 49 0 0 955 0 0 513.8851 2.690498
Jun 16th 21:38:33.632 UTC 3 11 0 435 430 1134.958 1958.566 0 191.4445 11.84776 0 0 64 0 0 0 0 NaN 0 NaN
Jun 16th 21:37:34.436 UTC 2 15 38 592 586 1352.385 2597.839 0 935.0317 765.0875 0 0 49 0 0 955 0 0 513.8851 2.690498
Jun 16th 21:37:33.039 UTC 3 12 0 435 426 1134.958 1938.401 0 191.4445 11.87274 0 0 63 0 0 0 0 NaN 0 NaN
Jun 16th 21:36:34.446 UTC 2 15 40 590 582 1344.817 2575.69 0 934.2029 763.1879 0 0 49 0 0 950 0 0 508.8001 2.677895
Jun 16th 21:36:33.029 UTC 3 10 0 432 426 1129.393 1938.401 0 191.6698 11.91197 0 0 63 0 0 0 0 NaN 0 NaN
Jun 16th 21:35:34.436 UTC 2 15 40 588 579 1337.555 2555.781 0 932.97 761.6812 0 0 49 0 0 945 0 0 507.2601 2.683916
Jun 16th 21:35:31.520 UTC 3 12 0 432 424 1129.393 1928.806 0 191.6698 11.91197 0 0 61 0 0 0 0 NaN 0 NaN
Jun 16th 21:34:34.457 UTC 2 15 37 586 579 1334.027 2555.781 0 932.0111 761.6812 0 0 49 0 0 940 0 0 501.2863 2.666417
Jun 16th 21:34:31.520 UTC 3 11 1 428 423 1118.734 1926.993 0 191.5793 11.94239 0 0 61 0 0 0 0 NaN 0 NaN
Jun 16th 21:33:34.446 UTC 2 15 40 585 576 1332.882 2538.734 0 931.5847 760.391 0 0 49 0 0 930 0 0 499.7863 2.687023
Jun 16th 21:33:31.531 UTC 3 12 0 427 420 1114.707 1909.882 0 191.3961 11.96381 0 0 61 0 0 0 0 NaN 0 NaN
Jun 16th 21:32:33.396 UTC 2 14 37 584 575 1331.532 2534.346 0 931.0943 759.459 0 0 48 0 0 930 0 0 499.7863 2.687023
Jun 16th 21:32:31.521 UTC 3 12 1 424 419 1104.053 1903.411 0 191.7095 11.97339 0 0 61 0 0 0 0 NaN 0 NaN
Jun 16th 21:31:33.406 UTC 2 13 40 581 572 1328.298 2520.484 0 929.5814 757.513 0 0 48 0 0 930 0 0 499.7863 2.687023
Jun 16th 21:31:31.520 UTC 3 11 0 423 417 1102.963 1890.898 0 191.918 12.03038 0 0 61 0 0 0 0 NaN 0 NaN
Jun 16th 21:30:33.407 UTC 2 15 40 580 570 1327.098 2510.732 0 929.0545 757.513 0 0 48 0 0 915 0 0 491.8813 2.687876
Jun 16th 21:30:30.685 UTC 3 11 0 422 415 1100.308 1878.163 0 191.7116 12.06147 0 0 60 0 0 0 0 NaN 0 NaN
Jun 16th 21:29:33.396 UTC 2 15 40 574 569 1316.297 2506.184 0 925.786 757.098 0 0 48 0 0 900 0 0 477.4701 2.652611
Jun 16th 21:29:30.687 UTC 3 10 1 421 414 1098.673 1874.873 0 191.5416 12.08993 0 0 60 0 0 0 0 NaN 0 NaN
Jun 16th 21:28:33.395 UTC 2 15 39 573 568 1307.927 2504.231 0 925.4221 756.7142 0 0 48 0 0 890 0 0 472.5913 2.655007
Jun 16th 21:28:30.686 UTC 3 12 0 421 411 1098.673 1865.855 0 191.5416 12.10433 0 0 60 0 0 0 0 NaN 0 NaN
Jun 16th 21:27:33.405 UTC 2 14 40 571 566 1302.342 2494.093 0 924.2852 755.5237 0 0 48 0 0 880 0 0 469.4713 2.667451
Jun 16th 21:27:29.940 UTC 3 12 0 417 411 1088.318 1865.855 0 191.2071 12.10433 0 0 59 0 0 0 0 NaN 0 NaN
Jun 16th 21:26:33.396 UTC 2 15 40 569 561 1295.853 2468.453 0 923.3141 753.7315 0 0 48 0 0 880 0 0 469.4713 2.667451
Jun 16th 21:26:29.940 UTC 3 14 0 413 407 1079.588 1843.105 0 191.2964 12.13205 0 0 59 0 0 0 0 NaN 0 NaN
Jun 16th 21:25:33.396 UTC 2 15 40 568 558 1294.593 2457.025 0 922.8356 752.12 0 0 48 0 0 870 0 0 467.3213 2.685755
Jun 16th 21:25:29.950 UTC 3 15 1 412 405 1077.788 1836.126 0 191.0555 12.10074 0 0 59 0 0 0 0 NaN 0 NaN
Jun 16th 21:24:33.406 UTC 2 15 40 567 557 1292.018 2455.577 0 922.4063 751.5977 0 0 48 0 0 865 0 0 465.5213 2.690875
Jun 16th 21:24:29.940 UTC 3 13 0 411 405 1075.088 1836.126 0 191.0427 12.12388 0 0 59 0 0 0 0 NaN 0 NaN
Jun 16th 21:23:33.407 UTC 2 15 37 563 555 1283.972 2445.917 0 920.7589 750.6827 0 0 48 0 0 865 0 0 465.5213 2.690875
Jun 16th 21:23:29.940 UTC 3 13 1 409 403 1071.968 1826.786 0 191.0797 12.16393 0 0 59 0 0 0 0 NaN 0 NaN
Jun 16th 21:22:33.396 UTC 2 15 39 560 551 1273.672 2427.01 0 919.7644 748.7928 0 0 48 0 0 865 0 0 465.5213 2.690875
Jun 16th 21:22:29.950 UTC 3 13 0 407 401 1062.012 1818.39 0 191.3194 12.18755 0 0 59 0 0 0 0 NaN 0 NaN
Jun 16th 21:21:33.406 UTC 2 15 39 557 548 1264.128 2410.03 0 918.6653 747.3734 0 0 48 0 0 865 0 0 465.5213 2.690875
Jun 16th 21:21:29.287 UTC 3 14 1 404 397 1057.562 1792.271 0 191.1476 12.24772 0 0 58 0 0 0 0 NaN 0 NaN
Jun 16th 21:20:33.406 UTC 2 15 40 556 547 1262.712 2403.973 0 918.4592 746.9526 0 0 48 0 0 855 0 0 458.0738 2.678794
Jun 16th 21:20:29.296 UTC 3 13 0 404 395 1057.562 1776.289 0 191.1476 12.30121 0 0 58 0 0 0 0 NaN 0 NaN
Jun 16th 21:19:33.397 UTC 2 14 39 554 546 1259.822 2397.961 0 917.7512 746.269 0 0 48 0 0 855 0 0 458.0738 2.678794
Jun 16th 21:19:29.305 UTC 3 11 0 402 395 1052.093 1776.289 0 191.2512 12.34401 0 0 58 0 0 0 0 NaN 0 NaN
Jun 16th 21:18:33.396 UTC 2 15 39 550 544 1252.875 2391.196 0 916.1494 745.903 0 0 48 0 0 835 0 0 443.5951 2.656258
Jun 16th 21:18:29.304 UTC 3 11 0 400 395 1045.319 1776.289 0 191.0188 12.34401 0 0 58 0 0 0 0 NaN 0 NaN
Jun 16th 21:17:33.406 UTC 2 15 37 548 542 1248.467 2379.839 0 915.5669 745.449 0 0 48 0 0 835 0 0 443.5951 2.656258
Jun 16th 21:17:28.631 UTC 3 11 0 400 394 1045.319 1769.872 0 191.0188 12.36799 0 0 57 0 0 0 0 NaN 0 NaN
Jun 16th 21:16:32.304 UTC 2 15 40 546 538 1244.624 2352.973 0 914.5261 744.2037 0 0 47 0 0 835 0 0 443.5951 2.656258
Jun 16th 21:16:28.631 UTC 3 10 0 397 392 1041.984 1760.88 0 190.3281 12.408 0 0 57 0 0 0 0 NaN 0 NaN
Jun 16th 21:15:32.294 UTC 2 14 40 545 537 1241.609 2348.4 0 914.0639 743.5316 0 0 47 0 0 830 0 0 437.5538 2.635866
Jun 16th 21:15:27.080 UTC 3 9 0 396 392 1040.144 1760.88 0 190.0283 12.42271 0 0 55 0 0 0 0 NaN 0 NaN
Jun 16th 21:14:31.457 UTC 2 15 39 544 534 1240.202 2335.131 0 913.5972 742.8601 0 0 46 0 0 825 0 0 435.7838 2.641114
Jun 16th 21:14:27.081 UTC 3 9 1 395 391 1036.162 1753.017 0 190.2428 12.44544 0 0 55 0 0 0 0 NaN 0 NaN
Jun 16th 21:13:31.457 UTC 2 15 40 542 533 1234.789 2328.902 0 913.1438 742.486 0 0 46 0 0 805 0 0 427.7538 2.656856
Jun 16th 21:13:27.071 UTC 3 8 1 395 391 1036.162 1753.017 0 190.2428 12.45317 0 0 55 0 0 0 0 NaN 0 NaN
Jun 16th 21:12:31.448 UTC 2 14 39 539 531 1228.865 2319.511 0 912.1571 741.4271 0 0 46 0 0 800 0 0 424.2888 2.651805
Jun 16th 21:12:27.070 UTC 3 8 1 393 390 1028.553 1750.556 0 189.7206 12.47343 0 0 55 0 0 0 0 NaN 0 NaN
Jun 16th 21:11:31.447 UTC 2 15 40 537 529 1225.323 2308.894 0 911.4134 741.0237 0 0 46 0 0 790 0 0 419.9688 2.658031
Jun 16th 21:11:27.081 UTC 3 8 0 392 388 1027.353 1747.927 0 189.5174 12.50426 0 0 55 0 0 0 0 NaN 0 NaN
Jun 16th 21:10:31.458 UTC 2 15 38 535 528 1220.25 2307.113 0 910.3447 740.6704 0 0 46 0 0 780 0 0 411.3063 2.636579
Jun 16th 21:10:26.266 UTC 3 12 1 389 383 1015.004 1718.224 0 190.3989 12.52731 0 0 54 0 0 0 0 NaN 0 NaN
Jun 16th 21:09:31.456 UTC 2 14 38 531 527 1214.396 2302.486 0 909.0699 740.1927 0 0 46 0 0 780 0 0 411.3063 2.636579
Jun 16th 21:09:25.653 UTC 3 9 1 388 383 1013.234 1718.224 0 190.0742 12.55497 0 0 53 0 0 0 0 NaN 0 NaN
Jun 16th 21:08:31.446 UTC 2 14 39 529 523 1210.144 2284.031 0 907.9215 739.3052 0 0 46 0 0 780 0 0 411.3063 2.636579
Jun 16th 21:08:25.093 UTC 3 11 1 387 380 1010.534 1706.5 0 190.2673 12.58217 0 0 52 0 0 0 0 NaN 0 NaN
Jun 16th 21:07:31.461 UTC 2 15 40 528 520 1208.999 2270.922 0 907.1541 738.7498 0 0 46 0 0 770 0 0 406.4226 2.639108
Jun 16th 21:07:25.084 UTC 3 10 0 386 379 1007.834 1699.597 0 190.4118 12.60099 0 0 52 0 0 0 0 NaN 0 NaN
Jun 16th 21:06:30.550 UTC 2 14 40 525 519 1197.542 2265.204 0 905.8105 738.0008 0 0 45 0 0 765 0 0 405.0726 2.647533
Jun 16th 21:06:25.103 UTC 3 11 0 384 377 998.5756 1695.13 0 190.4047 12.62245 0 0 52 0 0 0 0 NaN 0 NaN
Jun 16th 21:05:30.541 UTC 2 15 38 523 516 1193.222 2255.787 0 904.9594 737.1839 0 0 45 0 0 765 0 0 405.0726 2.647533
Jun 16th 21:05:25.092 UTC 3 12 0 381 375 992.9056 1687.481 0 190.1414 12.63632 0 0 52 0 0 0 0 NaN 0 NaN
Jun 16th 21:04:29.511 UTC 2 14 40 520 512 1188.896 2239.876 0 903.1093 734.6699 0 0 44 0 0 765 0 0 405.0726 2.647533
Jun 16th 21:04:25.102 UTC 3 11 0 378 374 981.7826 1685.952 0 190.1915 12.66907 0 0 52 0 0 0 0 NaN 0 NaN
Jun 16th 21:03:29.513 UTC 2 15 39 519 509 1186.241 2224.402 0 902.7312 733.423 0 0 44 0 0 765 0 0 405.0726 2.647533
Jun 16th 21:03:24.338 UTC 3 14 0 377 370 981.1826 1667.983 0 190.3408 12.67721 0 0 51 0 0 0 0 NaN 0 NaN
Jun 16th 21:02:29.501 UTC 2 15 38 516 507 1180.638 2213.722 0 901.1876 732.2164 0 0 44 0 0 765 0 0 405.0726 2.647533
Jun 16th 21:02:24.327 UTC 3 12 1 374 369 972.9101 1663.091 0 190.4713 12.72555 0 0 51 0 0 0 0 NaN 0 NaN
Jun 16th 21:01:29.522 UTC 2 15 38 513 506 1172.049 2207.872 0 899.6189 731.7007 0 0 44 0 0 765 0 0 405.0726 2.647533
Jun 16th 21:01:22.951 UTC 3 13 0 372 366 970.6601 1646.095 0 190.9715 12.76589 0 0 49 0 0 0 0 NaN 0 NaN
Jun 16th 21:00:28.418 UTC 2 14 39 511 504 1168.479 2200.373 0 898.363 730.113 0 0 43 0 0 765 0 0 405.0726 2.647533
Jun 16th 21:00:22.941 UTC 3 12 0 371 364 969.4601 1636.566 0 190.9698 12.82329 0 0 49 0 0 0 0 NaN 0 NaN
Jun 16th 20:59:28.418 UTC 2 15 37 509 502 1165.623 2188.298 0 897.0211 729.6107 0 0 43 0 0 765 0 0 405.0726 2.647533
Jun 16th 20:59:22.093 UTC 3 12 1 370 362 965.4776 1627.743 0 191.2961 12.87712 0 0 48 0 0 0 0 NaN 0 NaN
Jun 16th 20:58:28.416 UTC 2 15 38 507 498 1159.623 2169.056 0 895.3096 727.6165 0 0 43 0 0 765 0 0 405.0726 2.647533
Jun 16th 20:58:22.092 UTC 3 10 1 366 361 960.6776 1621.756 0 190.922 12.91875 0 0 48 0 0 0 0 NaN 0 NaN
Jun 16th 20:57:27.488 UTC 2 15 39 504 496 1150.8 2161.177 0 893.5354 726.369 0 0 42 0 0 760 0 0 397.4451 2.61477
Jun 16th 20:57:21.308 UTC 3 12 1 366 358 960.6776 1611.832 0 190.922 12.94139 0 0 47 0 0 0 0 NaN 0 NaN
Jun 16th 20:56:27.498 UTC 2 15 39 503 495 1149.03 2159.052 0 893.0184 725.7543 0 0 42 0 0 745 0 0 390.5151 2.620907
Jun 16th 20:56:21.305 UTC 3 12 0 364 357 953.9039 1602.996 0 191.2489 12.95061 0 0 47 0 0 0 0 NaN 0 NaN
Jun 16th 20:55:27.497 UTC 2 15 39 498 492 1136.969 2145.068 0 889.9734 724.1464 0 0 42 0 0 745 0 0 390.5151 2.620907
Jun 16th 20:55:21.297 UTC 3 13 0 362 354 950.1014 1591.294 0 190.6745 13.00461 0 0 47 0 0 0 0 NaN 0 NaN
Jun 16th 20:54:27.486 UTC 2 14 39 498 490 1136.969 2134.707 0 889.9734 722.1163 0 0 42 0 0 745 0 0 390.5151 2.620907
Jun 16th 20:54:20.460 UTC 3 15 0 358 351 935.8063 1578.398 0 190.3091 12.96445 0 0 46 0 0 0 0 NaN 0 NaN
Jun 16th 20:53:27.497 UTC 2 15 40 495 485 1126.773 2106.529 0 888.0755 719.3303 0 0 42 0 0 740 0 0 387.8601 2.620676
Jun 16th 20:53:20.461 UTC 3 13 0 356 351 929.0264 1578.398 0 190.7968 13.01543 0 0 46 0 0 0 0 NaN 0 NaN
Jun 16th 20:52:27.496 UTC 2 15 40 494 485 1126.213 2106.529 0 887.6644 719.3303 0 0 42 0 0 725 0 0 383.7201 2.646345
Jun 16th 20:52:20.460 UTC 3 10 0 354 351 923.3226 1578.398 0 191.1958 13.07066 0 0 46 0 0 0 0 NaN 0 NaN
Jun 16th 20:51:27.498 UTC 2 15 39 491 483 1121.461 2095.325 0 885.806 718.2256 0 0 42 0 0 725 0 0 383.7201 2.646345
Jun 16th 20:51:20.451 UTC 3 8 1 353 350 921.9726 1576.873 0 191.1108 13.13243 0 0 46 0 0 0 0 NaN 0 NaN
Jun 16th 20:50:27.498 UTC 2 15 40 490 482 1119.436 2090.079 0 885.198 717.7254 0 0 42 0 0 715 0 0 379.2201 2.651889
Jun 16th 20:50:20.470 UTC 3 6 0 351 350 918.8625 1576.873 0 191.0232 13.15734 0 0 46 0 0 0 0 NaN 0 NaN
Jun 16th 20:49:27.499 UTC 2 14 40 487 479 1114.711 2075.569 0 883.4577 715.6473 0 0 42 0 0 715 0 0 379.2201 2.651889
Jun 16th 20:49:19.838 UTC 3 4 1 351 350 918.8625 1576.873 0 191.0232 13.20121 0 0 45 0 0 0 0 NaN 0 NaN
Jun 16th 20:48:27.499 UTC 2 15 39 485 478 1107.954 2070.316 0 882.1606 715.6473 0 0 42 0 0 710 0 0 377.8701 2.661057
Jun 16th 20:48:19.838 UTC 3 3 0 350 349 917.0726 1568.911 0 190.6418 13.24742 0 0 45 0 0 0 0 NaN 0 NaN
Jun 16th 20:47:27.499 UTC 2 15 40 483 475 1103.764 2059.466 0 880.6843 713.9378 0 0 42 0 0 695 0 0 370.9851 2.668957
Jun 16th 20:47:19.827 UTC 3 5 0 350 347 917.0726 1558.09 0 190.6418 13.24742 0 0 45 0 0 0 0 NaN 0 NaN
Jun 16th 20:46:27.488 UTC 2 15 40 480 474 1098.687 2053.744 0 879.0721 713.437 0 0 42 0 0 670 0 0 356.3238 2.659133
Jun 16th 20:46:19.838 UTC 3 7 0 349 345 915.8726 1552.959 0 190.9926 13.24742 0 0 45 0 0 0 0 NaN 0 NaN
Jun 16th 20:45:27.488 UTC 2 15 37 476 472 1092.043 2041.567 0 876.4417 712.5646 0 0 42 0 0 670 0 0 356.3238 2.659133
Jun 16th 20:45:19.838 UTC 3 9 0 348 342 913.1125 1543.772 0 191.3724 13.26223 0 0 45 0 0 0 0 NaN 0 NaN
Jun 16th 20:44:26.476 UTC 2 15 40 476 468 1092.043 2024.836 0 876.4417 710.5063 0 0 41 0 0 665 0 0 352.3413 2.649183
Jun 16th 20:44:19.837 UTC 3 8 0 347 341 911.0875 1540.596 0 191.6835 13.32627 0 0 45 0 0 0 0 NaN 0 NaN
Jun 16th 20:43:26.466 UTC 2 15 40 475 464 1090.184 2005.648 0 875.8345 707.9354 0 0 41 0 0 665 0 0 352.3413 2.649183
Jun 16th 20:43:19.837 UTC 3 7 0 344 341 903.3038 1540.596 0 191.7155 13.34394 0 0 45 0 0 0 0 NaN 0 NaN
Jun 16th 20:42:26.466 UTC 2 14 40 472 463 1082.83 2000.619 0 874.4302 706.6213 0 0 41 0 0 655 0 0 342.2613 2.612681
Jun 16th 20:42:19.838 UTC 3 8 0 343 338 900.9938 1529.597 0 191.7399 13.40598 0 0 45 0 0 0 0 NaN 0 NaN
Jun 16th 20:41:26.476 UTC 2 15 39 470 461 1073.812 1993.943 0 872.893 705.9865 0 0 41 0 0 645 0 0 332.0688 2.574176
Jun 16th 20:41:19.020 UTC 3 9 0 341 336 896.225 1517.601 0 191.3924 13.44398 0 0 44 0 0 0 0 NaN 0 NaN
Jun 16th 20:40:26.466 UTC 2 15 40 466 459 1066.972 1985.03 0 870.6371 704.9323 0 0 41 0 0 635 0 0 327.2838 2.577037
Jun 16th 20:40:18.429 UTC 3 10 0 339 335 891.7025 1514.614 0 191.9458 13.44398 0 0 43 0 0 0 0 NaN 0 NaN
Jun 16th 20:39:26.466 UTC 2 15 38 463 457 1063.755 1978.492 0 868.4888 704.0237 0 0 41 0 0 630 0 0 325.4838 2.583205
Jun 16th 20:39:18.419 UTC 3 10 0 338 333 889.9125 1504.521 0 192.1836 13.49513 0 0 43 0 0 0 0 NaN 0 NaN
Jun 16th 20:38:26.457 UTC 2 15 40 461 453 1060.458 1956.495 0 867.0341 701.4311 0 0 41 0 0 630 0 0 325.4838 2.583205
Jun 16th 20:38:18.418 UTC 3 9 0 336 331 883.3651 1496.151 0 192.22 13.57869 0 0 43 0 0 0 0 NaN 0 NaN
Jun 16th 20:37:26.478 UTC 2 15 39 458 453 1053.385 1956.495 0 865.3658 701.4311 0 0 41 0 0 615 0 0 313.57 2.54935
Jun 16th 20:37:18.419 UTC 3 10 0 336 329 883.3651 1481.408 0 192.22 13.59612 0 0 43 0 0 0 0 NaN 0 NaN
Jun 16th 20:36:26.466 UTC 2 15 39 457 451 1051.075 1946.283 0 864.7656 700.1718 0 0 41 0 0 605 0 0 306.46 2.532727
Jun 16th 20:36:18.429 UTC 3 10 0 334 328 878.8863 1477.534 0 192.5865 13.62547 0 0 43 0 0 0 0 NaN 0 NaN
Jun 16th 20:35:26.467 UTC 2 15 38 456 447 1048.39 1925.481 0 864.0937 697.8218 0 0 41 0 0 605 0 0 306.46 2.532727
Jun 16th 20:35:18.419 UTC 3 10 1 333 326 877.6763 1471.802 0 192.4286 13.69353 0 0 43 0 0 0 0 NaN 0 NaN
Jun 16th 20:34:26.478 UTC 2 15 38 454 443 1046.725 1912.47 0 863.1049 695.3279 0 0 41 0 0 605 0 0 306.46 2.532727
Jun 16th 20:34:18.428 UTC 3 8 1 331 326 872.1825 1471.802 0 192.0085 13.72652 0 0 43 0 0 0 0 NaN 0 NaN
Jun 16th 20:33:26.467 UTC 2 15 40 450 441 1041.896 1900.982 0 860.8439 694.0822 0 0 41 0 0 585 0 0 294.6175 2.518099
Jun 16th 20:33:18.429 UTC 3 9 0 328 325 863.205 1468.196 0 192.3219 13.72652 0 0 43 0 0 0 0 NaN 0 NaN
Jun 16th 20:32:26.468 UTC 2 15 39 448 440 1034.605 1895.274 0 859.9052 693.4102 0 0 41 0 0 570 0 0 289.2775 2.537522
Jun 16th 20:32:17.611 UTC 3 11 0 327 323 861.8649 1463.604 0 192.1962 13.72652 0 0 42 0 0 0 0 NaN 0 NaN
Jun 16th 20:31:26.456 UTC 2 15 39 444 438 1025.65 1884.446 0 857.7914 692.183 0 0 41 0 0 570 0 0 289.2775 2.537522
Jun 16th 20:31:17.624 UTC 3 14 0 325 317 857.6699 1432.025 0 192.0877 13.81285 0 0 42 0 0 0 0 NaN 0 NaN
Jun 16th 20:30:26.477 UTC 2 14 37 443 438 1024.45 1884.446 0 857.2297 691.7169 0 0 41 0 0 570 0 0 289.2775 2.537522
Jun 16th 20:30:17.623 UTC 3 14 1 324 314 855.8699 1420.307 0 192.2262 13.87029 0 0 42 0 0 0 0 NaN 0 NaN
Jun 16th 20:29:26.477 UTC 2 14 39 441 433 1018.126 1867.6 0 855.6773 689.3438 0 0 41 0 0 570 0 0 289.2775 2.537522
Jun 16th 20:29:16.470 UTC 3 14 1 323 313 854.7799 1413.159 0 192.4347 13.90125 0 0 40 0 0 0 0 NaN 0 NaN
Jun 16th 20:28:26.466 UTC 2 15 40 439 430 1015.018 1851.715 0 854.8573 688.2673 0 0 41 0 0 565 0 0 288.3775 2.552014
Jun 16th 20:28:16.470 UTC 3 12 0 320 313 849.9799 1413.159 0 192.8768 13.95149 0 0 40 0 0 0 0 NaN 0 NaN
Jun 16th 20:27:26.465 UTC 2 15 39 436 429 1009.228 1845.495 0 853.1913 687.7997 0 0 41 0 0 555 0 0 283.195 2.551306
Jun 16th 20:27:16.481 UTC 3 13 0 316 311 843.5999 1401.141 0 192.8051 13.9923 0 0 40 0 0 0 0 NaN 0 NaN
Jun 16th 20:26:26.466 UTC 2 15 39 433 426 1004.35 1827.721 0 852.1569 686.2711 0 0 41 0 0 555 0 0 283.195 2.551306
Jun 16th 20:26:15.694 UTC 3 12 1 314 309 841.0298 1389.321 0 192.4064 14.05245 0 0 39 0 0 0 0 NaN 0 NaN
Jun 16th 20:25:26.476 UTC 2 15 36 432 426 1003.51 1827.721 0 851.5257 686.2711 0 0 41 0 0 555 0 0 283.195 2.551306
Jun 16th 20:25:15.703 UTC 3 12 0 314 308 841.0298 1385.974 0 192.4064 14.0872 0 0 39 0 0 0 0 NaN 0 NaN
Jun 16th 20:24:26.477 UTC 2 13 38 431 422 1000.567 1809.015 0 851.0334 683.7823 0 0 41 0 0 555 0 0 283.195 2.551306
Jun 16th 20:24:15.704 UTC 3 11 0 313 307 838.3298 1381.072 0 192.1079 14.13198 0 0 39 0 0 0 0 NaN 0 NaN
Jun 16th 20:23:25.578 UTC 2 15 40 429 418 997.1527 1795.184 0 849.8024 682.4863 0 0 40 0 0 550 0 0 281.845 2.562227
Jun 16th 20:23:14.796 UTC 3 10 0 312 306 832.3561 1376.222 0 192.1141 14.20927 0 0 38 0 0 0 0 NaN 0 NaN
Jun 16th 20:22:25.567 UTC 2 15 40 426 417 992.8202 1790.187 0 848.5432 681.9206 0 0 40 0 0 530 0 0 271.8225 2.564363
Jun 16th 20:22:14.806 UTC 3 11 0 309 304 826.101 1366.601 0 191.9297 14.23229 0 0 38 0 0 0 0 NaN 0 NaN
Jun 16th 20:21:25.567 UTC 2 15 40 423 416 985.2542 1788.99 0 847.5084 681.394 0 0 40 0 0 515 0 0 265.77 2.580291
Jun 16th 20:21:14.798 UTC 3 10 0 308 304 824.751 1366.601 0 191.6538 14.26817 0 0 38 0 0 0 0 NaN 0 NaN
Jun 16th 20:20:25.577 UTC 2 15 38 418 414 969.5283 1783.224 0 845.6076 680.6483 0 0 40 0 0 515 0 0 265.77 2.580291
Jun 16th 20:20:14.796 UTC 3 9 0 305 303 820.111 1359.497 0 191.8177 14.30234 0 0 38 0 0 0 0 NaN 0 NaN
Jun 16th 20:19:25.558 UTC 2 14 40 417 410 968.6282 1760.219 0 844.8464 678.674 0 0 40 0 0 515 0 0 265.77 2.580291
Jun 16th 20:19:14.796 UTC 3 7 0 305 303 820.111 1359.497 0 191.8177 14.35936 0 0 38 0 0 0 0 NaN 0 NaN
Jun 16th 20:18:25.569 UTC 2 15 38 415 408 963.6602 1752.388 0 844.1589 678.3402 0 0 40 0 0 510 0 0 263.46 2.582941
Jun 16th 20:18:14.786 UTC 3 10 0 304 299 816.4323 1337.494 0 191.6001 14.40272 0 0 38 0 0 0 0 NaN 0 NaN
Jun 16th 20:17:25.569 UTC 2 14 40 414 403 961.8602 1736.793 0 843.6646 675.9226 0 0 40 0 0 510 0 0 263.46 2.582941
Jun 16th 20:17:14.806 UTC 3 7 0 304 299 816.4323 1337.494 0 191.6001 14.47565 0 0 38 0 0 0 0 NaN 0 NaN
Jun 16th 20:16:25.569 UTC 2 15 40 413 402 958.2422 1734.974 0 843.195 675.9226 0 0 40 0 0 495 0 0 257.9775 2.605833
Jun 16th 20:16:14.793 UTC 3 7 0 304 298 816.4323 1331.907 0 191.6001 14.49052 0 0 38 0 0 0 0 NaN 0 NaN
Jun 16th 20:15:25.560 UTC 2 15 38 407 400 944.7378 1729.061 0 841.0649 674.9326 0 0 40 0 0 485 0 0 251.985 2.597783
Jun 16th 20:15:14.796 UTC 3 11 0 301 294 810.1535 1316.746 0 191.3521 14.49052 0 0 38 0 0 0 0 NaN 0 NaN
Jun 16th 20:14:25.570 UTC 2 14 38 403 396 934.8177 1705.37 0 838.5301 672.2751 0 0 40 0 0 485 0 0 251.985 2.597783
Jun 16th 20:14:14.102 UTC 3 10 1 300 294 808.3535 1316.746 0 191.1514 14.52418 0 0 37 0 0 0 0 NaN 0 NaN
Jun 16th 20:13:25.568 UTC 2 14 40 402 393 932.9777 1691.365 0 838.2559 670.7033 0 0 40 0 0 475 0 0 248.19 2.612526
Jun 16th 20:13:13.480 UTC 3 12 0 298 292 805.0311 1308.49 0 191.269 14.52418 0 0 36 0 0 0 0 NaN 0 NaN
Jun 16th 20:12:25.567 UTC 2 15 40 400 390 925.8339 1678.938 0 837.1606 669.6384 0 0 40 0 0 465 0 0 243.91 2.622688
Jun 16th 20:12:13.468 UTC 3 11 0 295 291 801.721 1305.586 0 191.404 14.60298 0 0 36 0 0 0 0 NaN 0 NaN
Jun 16th 20:11:24.620 UTC 2 15 38 398 389 922.4139 1673.284 0 836.2487 669.2443 0 0 39 0 0 465 0 0 243.91 2.622688
Jun 16th 20:11:13.468 UTC 3 13 0 294 288 801.121 1289.175 0 191.29 14.63278 0 0 36 0 0 0 0 NaN 0 NaN
Jun 16th 20:10:23.621 UTC 2 15 39 395 386 916.056 1657.797 0 834.9922 667.4991 0 0 38 0 0 465 0 0 243.91 2.622688
Jun 16th 20:10:13.480 UTC 3 11 0 292 287 797.461 1286.079 0 191.659 14.73061 0 0 36 0 0 0 0 NaN 0 NaN
Jun 16th 20:09:23.623 UTC 2 15 39 391 385 906.3068 1653.748 0 832.725 666.8557 0 0 38 0 0 455 0 0 240.475 2.642582
Jun 16th 20:09:13.479 UTC 3 9 1 291 286 794.446 1276.876 0 191.7025 14.83391 0 0 36 0 0 0 0 NaN 0 NaN
Jun 16th 20:08:23.622 UTC 2 14 40 390 384 903.8543 1651.705 0 831.9183 665.9033 0 0 38 0 0 450 0 0 239.675 2.663055
Jun 16th 20:08:13.469 UTC 3 9 0 289 284 790.2234 1270.609 0 192.0135 14.89372 0 0 36 0 0 0 0 NaN 0 NaN
Jun 16th 20:07:23.624 UTC 2 15 37 389 383 901.1993 1649.369 0 831.7485 665.9033 0 0 38 0 0 445 0 0 238.875 2.683989
Jun 16th 20:07:13.489 UTC 3 8 1 287 283 780.7435 1267.063 0 191.6152 14.95089 0 0 36 0 0 0 0 NaN 0 NaN
Jun 16th 20:06:22.736 UTC 2 15 39 383 379 879.1065 1630.427 0 827.7256 664.7439 0 0 37 0 0 445 0 0 238.875 2.683989
Jun 16th 20:06:13.480 UTC 3 7 0 286 282 778.7335 1265.497 0 191.9255 14.99915 0 0 36 0 0 0 0 NaN 0 NaN
Jun 16th 20:05:22.733 UTC 2 15 38 382 375 878.3065 1609.365 0 827.3126 662.9632 0 0 37 0 0 445 0 0 238.875 2.683989
Jun 16th 20:05:13.479 UTC 3 7 0 284 281 766.6509 1259.303 0 192.4934 15.0357 0 0 36 0 0 0 0 NaN 0 NaN
Jun 16th 20:04:22.746 UTC 2 14 38 382 372 878.3065 1595.369 0 827.3126 660.358 0 0 37 0 0 445 0 0 238.875 2.683989
Jun 16th 20:04:13.469 UTC 3 8 0 283 279 764.3409 1253.284 0 192.6727 15.05865 0 0 36 0 0 0 0 NaN 0 NaN
Jun 16th 20:03:21.762 UTC 2 14 39 381 369 877.7065 1584.988 0 826.8583 658.4637 0 0 36 0 0 445 0 0 238.875 2.683989
Jun 16th 20:03:12.827 UTC 3 8 0 282 277 760.3585 1248.309 0 192.0515 15.13427 0 0 35 0 0 0 0 NaN 0 NaN
Jun 16th 20:02:21.765 UTC 2 15 40 379 367 869.044 1577.311 0 826.2413 657.7716 0 0 36 0 0 425 0 0 228 2.682353
Jun 16th 20:02:12.827 UTC 3 6 1 280 277 757.0059 1248.309 0 192.8789 15.20014 0 0 35 0 0 0 0 NaN 0 NaN
Jun 16th 20:01:21.775 UTC 2 15 40 371 365 848.6172 1569.661 0 822.5707 656.6738 0 0 36 0 0 415 0 0 224.185 2.701024
Jun 16th 20:01:12.827 UTC 3 6 0 279 276 754.6959 1246.273 0 193.0046 15.23007 0 0 35 0 0 0 0 NaN 0 NaN
Jun 16th 20:00:21.765 UTC 2 15 38 370 365 845.9622 1569.661 0 822.4437 656.6738 0 0 36 0 0 405 0 0 216.3737 2.671281
Jun 16th 20:00:12.827 UTC 3 6 0 277 275 751.6559 1241.187 0 192.9824 15.25309 0 0 35 0 0 0 0 NaN 0 NaN
Jun 16th 19:59:21.766 UTC 2 15 36 367 362 841.6942 1556.728 0 821.2183 655.5425 0 0 36 0 0 405 0 0 216.3737 2.671281
Jun 16th 19:59:12.838 UTC 3 7 0 276 273 747.9359 1234.843 0 193.3906 15.27975 0 0 35 0 0 0 0 NaN 0 NaN
Jun 16th 19:58:21.763 UTC 2 13 37 366 360 834.0667 1543.067 0 820.7108 654.2684 0 0 36 0 0 405 0 0 216.3737 2.671281
Jun 16th 19:58:12.132 UTC 3 8 0 276 271 747.9359 1221.954 0 193.3906 15.33428 0 0 34 0 0 0 0 NaN 0 NaN
Jun 16th 19:57:20.632 UTC 2 14 40 364 355 831.8267 1524.903 0 819.9456 652.6033 0 0 35 0 0 400 0 0 213.9212 2.674016
Jun 16th 19:57:12.133 UTC 3 6 0 275 271 742.7384 1221.954 0 193.761 15.39991 0 0 34 0 0 0 0 NaN 0 NaN
Jun 16th 19:56:20.623 UTC 2 15 40 363 352 830.8586 1513.412 0 819.5728 651.6348 0 0 35 0 0 390 0 0 210.8412 2.703093
Jun 16th 19:56:12.123 UTC 3 6 1 273 269 738.4184 1216.522 0 193.8197 15.4921 0 0 34 0 0 0 0 NaN 0 NaN
Jun 16th 19:55:20.623 UTC 2 15 38 360 352 826.2056 1513.412 0 818.6906 651.6348 0 0 35 0 0 380 0 0 207.8412 2.734753
Jun 16th 19:55:10.725 UTC 3 9 0 272 266 736.3934 1197.385 0 193.8745 15.4921 0 0 32 0 0 0 0 NaN 0 NaN
Jun 16th 19:54:19.387 UTC 2 15 38 357 349 816.5381 1500.424 0 817.7459 650.7098 0 0 34 0 0 380 0 0 207.8412 2.734753
Jun 16th 19:54:10.725 UTC 3 11 0 271 264 733.9409 1182.578 0 194.1885 15.4921 0 0 32 0 0 0 0 NaN 0 NaN
Jun 16th 19:53:19.386 UTC 2 15 37 353 346 807.2051 1490.818 0 816.1931 649.7197 0 0 34 0 0 380 0 0 207.8412 2.734753
Jun 16th 19:53:10.724 UTC 3 10 0 270 263 732.8508 1177.961 0 194.4884 15.5758 0 0 32 0 0 0 0 NaN 0 NaN
Jun 16th 19:52:19.386 UTC 2 15 39 350 341 804.6171 1470.137 0 815.0441 647.3779 0 0 34 0 0 380 0 0 207.8412 2.734753
Jun 16th 19:52:10.732 UTC 3 7 0 268 263 720.9033 1177.961 0 194.1137 15.70376 0 0 32 0 0 0 0 NaN 0 NaN
Jun 16th 19:51:19.385 UTC 2 15 40 350 339 804.6171 1457.605 0 815.0441 646.3103 0 0 34 0 0 360 0 0 194.1087 2.695955
Jun 16th 19:51:10.733 UTC 3 7 0 268 263 720.9033 1177.961 0 194.1137 15.70376 0 0 32 0 0 0 0 NaN 0 NaN
Jun 16th 19:50:19.398 UTC 2 15 40 346 339 794.3381 1457.605 0 814.4488 646.3103 0 0 34 0 0 345 0 0 188.2437 2.72817
Jun 16th 19:50:10.002 UTC 3 6 0 265 263 708.3108 1177.961 0 193.1301 15.74231 0 0 31 0 0 0 0 NaN 0 NaN
Jun 16th 19:49:19.386 UTC 2 13 39 344 338 786.9323 1450.847 0 813.8406 645.6332 0 0 34 0 0 335 0 0 184.2038 2.74931
Jun 16th 19:49:10.011 UTC 3 7 0 264 262 707.5108 1175.417 0 192.9119 15.74231 0 0 31 0 0 0 0 NaN 0 NaN
Jun 16th 19:48:17.568 UTC 2 14 40 342 333 780.9744 1434.486 0 813.0217 644.5181 0 0 32 0 0 335 0 0 184.2038 2.74931
Jun 16th 19:48:09.125 UTC 3 9 1 263 260 705.2008 1169.772 0 192.3763 15.74231 0 0 30 0 0 0 0 NaN 0 NaN
Jun 16th 19:47:17.569 UTC 2 14 39 340 332 777.9144 1431.17 0 812.0654 644.2657 0 0 32 0 0 330 0 0 183.0038 2.772784
Jun 16th 19:47:09.132 UTC 3 11 0 262 256 701.4808 1145.344 0 192.7188 15.84663 0 0 30 0 0 0 0 NaN 0 NaN
Jun 16th 19:46:17.559 UTC 2 15 36 336 329 766.4709 1419.941 0 811.144 643.832 0 0 32 0 0 330 0 0 183.0038 2.772784
Jun 16th 19:46:09.126 UTC 3 14 0 260 252 696.0133 1128.559 0 193.287 15.87127 0 0 30 0 0 0 0 NaN 0 NaN
Jun 16th 19:45:17.558 UTC 2 14 37 334 327 760.3689 1410.466 0 810.4228 643.1279 0 0 32 0 0 330 0 0 183.0038 2.772784
Jun 16th 19:45:09.124 UTC 3 15 0 259 248 695.2133 1107.338 0 193.6601 16.02258 0 0 30 0 0 0 0 NaN 0 NaN
Jun 16th 19:44:17.569 UTC 2 15 34 331 324 751.1049 1401.132 0 807.6519 642.5809 0 0 32 0 0 330 0 0 183.0038 2.772784
Jun 16th 19:44:09.114 UTC 3 14 1 257 247 686.5508 1105.325 0 194.6739 15.90936 0 0 30 0 0 0 0 NaN 0 NaN
Jun 16th 19:43:17.570 UTC 2 13 38 327 322 745.4724 1391.849 0 805.3663 641.2252 0 0 32 0 0 330 0 0 183.0038 2.772784
Jun 16th 19:43:09.123 UTC 3 11 0 254 246 681.4733 1102.606 0 194.6075 16.09782 0 0 30 0 0 0 0 NaN 0 NaN
Jun 16th 19:42:15.651 UTC 2 14 39 326 318 743.4473 1375.782 0 804.6164 639.2857 0 0 30 0 0 330 0 0 183.0038 2.772784
Jun 16th 19:42:08.561 UTC 3 11 0 250 246 670.5845 1102.606 0 193.7206 16.09782 0 0 29 0 0 0 0 NaN 0 NaN
Jun 16th 19:41:14.725 UTC 2 15 38 323 315 734.9683 1359.504 0 802.4387 637.6337 0 0 29 0 0 330 0 0 183.0038 2.772784
Jun 16th 19:41:08.550 UTC 3 9 0 249 246 668.3245 1102.606 0 194.0063 16.16886 0 0 29 0 0 0 0 NaN 0 NaN
Jun 16th 19:40:14.714 UTC 2 15 40 323 310 734.9683 1342.753 0 802.4387 633.2332 0 0 29 0 0 325 0 0 182.4037 2.806211
Jun 16th 19:40:08.551 UTC 3 12 1 248 241 666.7845 1081.133 0 193.2142 16.2363 0 0 29 0 0 0 0 NaN 0 NaN
Jun 16th 19:39:14.734 UTC 2 15 39 320 310 731.5498 1342.753 0 799.7894 633.2332 0 0 29 0 0 315 0 0 180.0037 2.857202
Jun 16th 19:39:07.713 UTC 3 15 1 247 236 665.4445 1057.672 0 192.4913 15.96563 0 0 28 0 0 0 0 NaN 0 NaN
Jun 16th 19:38:14.722 UTC 2 15 38 313 308 719.8752 1336.78 0 794.4348 631.6906 0 0 29 0 0 310 0 0 178.6537 2.881512
Jun 16th 19:38:07.714 UTC 3 15 1 245 235 664.0445 1050.505 0 192.3745 15.62255 0 0 28 0 0 0 0 NaN 0 NaN
Jun 16th 19:37:14.722 UTC 2 14 35 313 307 719.8752 1330.439 0 794.4348 630.2598 0 0 29 0 0 310 0 0 178.6537 2.881512
Jun 16th 19:37:07.703 UTC 3 15 2 242 234 658.7045 1042.313 0 193.0362 15.35302 0 0 28 0 0 0 0 NaN 0 NaN
Jun 16th 19:36:14.713 UTC 2 15 34 309 304 715.5252 1315.393 0 790.2014 629.0116 0 0 29 0 0 310 0 0 178.6537 2.881512
Jun 16th 19:36:07.703 UTC 3 15 0 240 233 653.087 1039.549 0 193.1581 15.31527 0 0 28 0 0 0 0 NaN 0 NaN
Jun 16th 19:35:14.732 UTC 2 14 35 308 301 714.0852 1298.872 0 789.3594 625.5311 0 0 29 0 0 310 0 0 178.6537 2.881512
Jun 16th 19:35:07.715 UTC 3 13 0 236 233 641.2745 1039.549 0 192.4635 15.37311 0 0 28 0 0 0 0 NaN 0 NaN
Jun 16th 19:34:14.722 UTC 2 15 36 307 296 713.2132 1276.024 0 788.6403 621.7133 0 0 29 0 0 310 0 0 178.6537 2.881512
Jun 16th 19:34:07.705 UTC 3 13 1 235 230 639.9345 1030.637 0 192.7969 15.50466 0 0 28 0 0 0 0 NaN 0 NaN
Jun 16th 19:33:14.732 UTC 2 14 35 304 296 708.1855 1276.024 0 785.2149 620.7676 0 0 29 0 0 310 0 0 178.6537 2.881512
Jun 16th 19:33:07.714 UTC 3 14 0 233 226 637.6445 1008.458 0 192.8011 15.58951 0 0 28 0 0 0 0 NaN 0 NaN
Jun 16th 19:32:12.978 UTC 2 14 39 302 292 702.79 1261.472 0 782.4259 616.5635 0 0 27 0 0 310 0 0 178.6537 2.881512
Jun 16th 19:32:06.983 UTC 3 13 1 231 224 633.8295 997.8478 0 192.6375 15.7066 0 0 27 0 0 0 0 NaN 0 NaN
Jun 16th 19:31:10.977 UTC 2 15 38 298 291 694.0809 1256.951 0 777.8498 616.5635 0 0 25 0 0 310 0 0 178.6537 2.881512
Jun 16th 19:31:07.001 UTC 3 13 1 230 221 631.5195 986.3406 0 192.6761 15.85147 0 0 27 0 0 0 0 NaN 0 NaN
Jun 16th 19:30:10.977 UTC 2 15 40 296 287 691.8024 1238.417 0 775.2584 611.4933 0 0 25 0 0 305 0 0 176.8537 2.899241
Jun 16th 19:30:06.991 UTC 3 13 0 228 220 628.0645 981.2221 0 193.2878 15.8863 0 0 27 0 0 0 0 NaN 0 NaN
Jun 16th 19:29:10.978 UTC 2 15 39 294 285 688.3844 1230.241 0 772.7908 608.6671 0 0 25 0 0 290 0 0 170.5487 2.940495
Jun 16th 19:29:06.992 UTC 3 14 1 224 218 615.3557 975.7717 0 193.88 15.92571 0 0 27 0 0 0 0 NaN 0 NaN
Jun 16th 19:28:10.967 UTC 2 15 40 292 284 683.9489 1223.91 0 770.0095 607.399 0 0 25 0 0 290 0 0 170.5487 2.940495
Jun 16th 19:28:06.980 UTC 3 12 0 223 216 613.7206 964.7336 0 193.4114 16.08711 0 0 27 0 0 0 0 NaN 0 NaN
Jun 16th 19:27:10.978 UTC 2 15 38 290 283 679.8989 1215.59 0 767.8956 606.1524 0 0 25 0 0 280 0 0 162.8687 2.90837
Jun 16th 19:27:06.176 UTC 3 12 1 222 215 611.2681 955.7442 0 193.8877 16.14594 0 0 26 0 0 0 0 NaN 0 NaN
Jun 16th 19:26:10.979 UTC 2 15 39 285 281 670.1354 1200.841 0 761.2131 603.9821 0 0 25 0 0 280 0 0 162.8687 2.90837
Jun 16th 19:26:06.173 UTC 3 9 0 218 215 601.4356 955.7442 0 193.1331 16.28252 0 0 26 0 0 0 0 NaN 0 NaN
Jun 16th 19:25:10.162 UTC 2 14 40 285 278 670.1354 1191.006 0 761.2131 599.5933 0 0 24 0 0 270 0 0 160.4687 2.971643
Jun 16th 19:25:06.164 UTC 3 11 0 217 213 600.0856 945.8741 0 193.165 16.28252 0 0 26 0 0 0 0 NaN 0 NaN
Jun 16th 19:24:10.173 UTC 2 15 39 284 276 662.6654 1177.737 0 760.1624 598.5202 0 0 24 0 0 270 0 0 160.4687 2.971643
Jun 16th 19:24:05.408 UTC 3 13 0 217 209 600.0856 927.0337 0 193.165 16.38198 0 0 25 0 0 0 0 NaN 0 NaN
Jun 16th 19:23:10.163 UTC 2 15 39 283 273 660.8654 1161.792 0 758.8033 595.291 0 0 24 0 0 265 0 0 154.63 2.917547
Jun 16th 19:23:05.409 UTC 3 13 0 215 207 588.0369 916.6243 0 193.1073 16.463 0 0 25 0 0 0 0 NaN 0 NaN
Jun 16th 19:22:10.162 UTC 2 15 40 280 269 655.3867 1150.415 0 754.6657 589.9807 0 0 24 0 0 260 0 0 150.5462 2.89512
Jun 16th 19:22:05.409 UTC 3 11 1 214 207 584.3581 916.6243 0 193.3904 16.58698 0 0 25 0 0 0 0 NaN 0 NaN
Jun 16th 19:21:10.174 UTC 2 15 40 277 269 646.2021 1150.415 0 751.0969 589.9807 0 0 24 0 0 245 0 0 140.4937 2.867219
Jun 16th 19:21:05.409 UTC 3 9 1 210 207 562.488 916.6243 0 193.4479 16.66213 0 0 25 0 0 0 0 NaN 0 NaN
Jun 16th 19:20:10.163 UTC 2 15 38 273 267 641.2671 1144.566 0 745.7555 587.6093 0 0 24 0 0 240 0 0 139.5938 2.908203
Jun 16th 19:20:05.398 UTC 3 10 1 209 205 561.288 902.8036 0 192.6798 16.71659 0 0 25 0 0 0 0 NaN 0 NaN
Jun 16th 19:19:10.162 UTC 2 14 39 271 264 635.9346 1127.331 0 742.5544 582.6237 0 0 24 0 0 240 0 0 139.5938 2.908203
Jun 16th 19:19:05.399 UTC 3 9 0 208 204 560.488 899.9379 0 192.3922 16.78939 0 0 25 0 0 0 0 NaN 0 NaN
Jun 16th 19:18:09.235 UTC 2 15 39 268 263 627.1271 1124.462 0 737.6417 582.6237 0 0 23 0 0 235 0 0 137.2838 2.920931
Jun 16th 19:18:04.591 UTC 3 9 0 207 202 558.463 892.9941 0 191.9066 16.907 0 0 24 0 0 0 0 NaN 0 NaN
Jun 16th 19:17:09.247 UTC 2 15 40 267 259 623.8071 1106.355 0 736.164 577.2188 0 0 23 0 0 225 0 0 132.7538 2.950083
Jun 16th 19:17:04.593 UTC 3 10 0 205 201 553.4343 888.8584 0 192.2534 16.907 0 0 24 0 0 0 0 NaN 0 NaN
Jun 16th 19:16:09.248 UTC 2 15 39 266 257 622.8621 1097.787 0 734.8167 574.6038 0 0 23 0 0 220 0 0 131.6638 2.992358
Jun 16th 19:16:03.838 UTC 3 9 0 204 201 550.4193 888.8584 0 192.6572 16.97757 0 0 23 0 0 0 0 NaN 0 NaN
Jun 16th 19:15:09.236 UTC 2 14 38 262 256 614.8831 1094.398 0 728.1143 571.8611 0 0 23 0 0 220 0 0 131.6638 2.992358
Jun 16th 19:15:03.827 UTC 3 10 0 204 197 550.4193 864.8101 0 192.6572 17.13693 0 0 23 0 0 0 0 NaN 0 NaN
Jun 16th 19:14:09.247 UTC 2 15 40 261 251 611.418 1074.285 0 726.5452 565.7034 0 0 23 0 0 215 0 0 130.7638 3.041018
Jun 16th 19:14:03.827 UTC 3 10 0 201 195 537.7603 854.2571 0 192.0273 17.25248 0 0 23 0 0 0 0 NaN 0 NaN
Jun 16th 19:13:09.247 UTC 2 15 40 257 250 605.9981 1068.633 0 720.0871 564.2726 0 0 23 0 0 200 0 0 123.3275 3.083188
Jun 16th 19:13:03.838 UTC 3 11 0 201 193 537.7603 845.8516 0 192.0273 17.29637 0 0 23 0 0 0 0 NaN 0 NaN
Jun 16th 19:12:09.246 UTC 2 15 38 254 249 600.3911 1063.827 0 715.045 562.884 0 0 23 0 0 190 0 0 108.4025 2.852697
Jun 16th 19:12:03.838 UTC 3 11 0 198 192 532.5103 840.3565 0 192.9453 17.34558 0 0 23 0 0 0 0 NaN 0 NaN
Jun 16th 19:11:09.236 UTC 2 15 39 252 245 596.8961 1053.15 0 711.3521 556.4924 0 0 23 0 0 190 0 0 108.4025 2.852697
Jun 16th 19:11:03.828 UTC 3 10 0 197 191 530.2003 838.0652 0 193.0964 17.50523 0 0 23 0 0 0 0 NaN 0 NaN
Jun 16th 19:10:09.245 UTC 2 15 38 251 242 594.7856 1037.478 0 709.2269 551.251 0 0 23 0 0 185 0 0 107.5025 2.905473
Jun 16th 19:10:03.822 UTC 3 11 1 196 189 528.8503 824.3275 0 192.6889 17.54621 0 0 23 0 0 0 0 NaN 0 NaN
Jun 16th 19:09:09.237 UTC 2 15 36 247 240 589.4371 1027.225 0 702.4624 547.811 0 0 23 0 0 185 0 0 107.5025 2.905473
Jun 16th 19:09:03.257 UTC 3 13 1 193 186 511.4927 810.5578 0 192.0453 17.62789 0 0 22 0 0 0 0 NaN 0 NaN
Jun 16th 19:08:09.254 UTC 2 13 39 246 237 586.8619 1010.571 0 700.4709 538.9264 0 0 23 0 0 185 0 0 107.5025 2.905473
Jun 16th 19:08:03.257 UTC 3 12 0 190 184 502.009 804.2585 0 191.9927 17.78951 0 0 22 0 0 0 0 NaN 0 NaN
Jun 16th 19:07:08.303 UTC 2 15 40 243 234 577.0381 991.2708 0 694.9795 536.8544 0 0 22 0 0 165 0 0 94.7725 2.871894
Jun 16th 19:07:03.258 UTC 3 14 0 190 182 502.009 798.0486 0 191.9927 17.78951 0 0 22 0 0 0 0 NaN 0 NaN
Jun 16th 19:06:08.304 UTC 2 15 40 241 233 568.883 985.5299 0 691.244 534.9511 0 0 22 0 0 150 0 0 87.8775 2.92925
Jun 16th 19:06:03.268 UTC 3 13 0 188 181 498.889 795.6744 0 192.6849 17.93508 0 0 22 0 0 0 0 NaN 0 NaN
Jun 16th 19:05:08.314 UTC 2 14 39 241 231 568.883 975.5959 0 691.244 529.2949 0 0 22 0 0 150 0 0 87.8775 2.92925
Jun 16th 19:05:03.256 UTC 3 13 1 184 179 489.7164 790.0261 0 192.3158 18.06797 0 0 22 0 0 0 0 NaN 0 NaN
Jun 16th 19:04:08.314 UTC 2 15 39 235 229 556.1088 969.0446 0 678.3878 527.4236 0 0 22 0 0 150 0 0 87.8775 2.92925
Jun 16th 19:04:02.593 UTC 3 11 0 182 179 480.2889 790.0261 0 193.1094 18.15989 0 0 21 0 0 0 0 NaN 0 NaN
Jun 16th 19:03:08.303 UTC 2 14 40 234 226 553.6563 957.4799 0 676.9223 520.5121 0 0 22 0 0 150 0 0 87.8775 2.92925
Jun 16th 19:03:02.592 UTC 3 9 0 180 178 472.5864 783.1716 0 193.9474 18.39172 0 0 21 0 0 0 0 NaN 0 NaN
Jun 16th 19:02:08.304 UTC 2 15 39 230 224 548.5598 945.293 0 667.8787 518.6529 0 0 22 0 0 150 0 0 87.8775 2.92925
Jun 16th 19:02:02.590 UTC 3 9 0 180 175 472.5864 768.1893 0 193.9474 18.54465 0 0 21 0 0 0 0 NaN 0 NaN
Jun 16th 19:01:08.303 UTC 2 13 38 230 223 548.5598 942.705 0 667.8787 512.8198 0 0 22 0 0 150 0 0 87.8775 2.92925
Jun 16th 19:01:02.591 UTC 3 7 1 180 174 472.5864 764.3376 0 193.9474 18.74674 0 0 21 0 0 0 0 NaN 0 NaN
Jun 16th 19:00:07.355 UTC 2 14 40 229 219 547.1423 925.7379 0 665.4728 506.154 0 0 21 0 0 145 0 0 85.155 2.936379
Jun 16th 19:00:02.592 UTC 3 8 0 179 172 471.4964 757.6777 0 194.584 18.79521 0 0 21 0 0 0 0 NaN 0 NaN
Jun 16th 18:59:07.345 UTC 2 15 40 226 218 534.3496 919.5917 0 658.408 506.154 0 0 21 0 0 130 0 0 75.68125 2.910817
Jun 16th 18:59:01.818 UTC 3 9 0 178 170 469.8614 753.9632 0 194.8269 18.86004 0 0 20 0 0 0 0 NaN 0 NaN
Jun 16th 18:58:07.345 UTC 2 15 37 222 216 529.1701 907.558 0 650.0598 501.9619 0 0 21 0 0 125 0 0 73.65625 2.94625
Jun 16th 18:58:01.092 UTC 3 11 1 174 168 454.5964 747.9734 0 194.464 18.86004 0 0 19 0 0 0 0 NaN 0 NaN
Jun 16th 18:57:07.355 UTC 2 15 40 221 212 528.0801 887.7794 0 648.0267 493.021 0 0 21 0 0 120 0 0 70.64125 2.943385
Jun 16th 18:57:00.347 UTC 3 13 0 171 165 449.2339 737.4044 0 194.1317 18.9337 0 0 18 0 0 0 0 NaN 0 NaN
Jun 16th 18:56:07.355 UTC 2 15 39 219 211 522.1551 884.783 0 643.1899 490.9112 0 0 21 0 0 105 0 0 59.60125 2.838155
Jun 16th 18:56:00.358 UTC 3 11 1 168 165 430.0527 737.4044 0 195.4763 19.12363 0 0 18 0 0 0 0 NaN 0 NaN
Jun 16th 18:55:07.346 UTC 2 15 39 216 209 517.9031 872.3759 0 636.0785 486.8803 0 0 21 0 0 105 0 0 59.60125 2.838155
Jun 16th 18:54:59.601 UTC 3 13 1 168 160 430.0527 716.962 0 195.4763 19.34446 0 0 17 0 0 0 0 NaN 0 NaN
Jun 16th 18:54:07.345 UTC 2 14 39 214 208 515.188 868.8817 0 631.4413 482.921 0 0 21 0 0 100 0 0 54.40376 2.720188
Jun 16th 18:53:59.601 UTC 3 12 2 165 158 424.6127 706.3356 0 194.8287 19.12427 0 0 17 0 0 0 0 NaN 0 NaN
Jun 16th 18:53:07.345 UTC 2 14 38 212 206 511.648 862.6494 0 626.162 478.7806 0 0 21 0 0 100 0 0 54.40376 2.720188
Jun 16th 18:52:58.889 UTC 3 15 5 164 151 421.5977 668.7601 0 194.4872 16.42882 0 0 16 0 0 0 0 NaN 0 NaN
Jun 16th 18:52:06.387 UTC 2 14 40 209 202 507.304 843.2889 0 619.3359 469.7562 0 0 20 0 0 95 0 0 52.37875 2.756777
Jun 16th 18:51:58.879 UTC 3 15 4 163 150 416.5127 665.0552 0 194.5595 15.5876 0 0 16 0 0 0 0 NaN 0 NaN
Jun 16th 18:51:06.375 UTC 2 15 40 208 198 505.897 827.528 0 616.9151 462.2524 0 0 20 0 0 90 0 0 48.91375 2.717431
Jun 16th 18:50:58.879 UTC 3 15 3 161 150 407.6364 665.0552 0 194.8759 15.5876 0 0 16 0 0 0 0 NaN 0 NaN
Jun 16th 18:50:06.375 UTC 2 15 39 205 198 498.9475 827.528 0 609.9133 462.2524 0 0 20 0 0 80 0 0 43.42375 2.713984
Jun 16th 18:49:58.889 UTC 3 15 1 156 149 399.2765 660.9227 0 193.1036 15.4495 0 0 16 0 0 0 0 NaN 0 NaN
Jun 16th 18:49:06.385 UTC 2 15 39 202 195 490.7578 815.6442 0 603.6213 455.4105 0 0 20 0 0 80 0 0 43.42375 2.713984
Jun 16th 18:48:58.889 UTC 3 13 0 152 149 385.0677 660.9227 0 192.9629 15.57534 0 0 16 0 0 0 0 NaN 0 NaN
Jun 16th 18:48:06.384 UTC 2 14 37 200 194 484.5448 809.9832 0 599.4592 451.1032 0 0 20 0 0 80 0 0 43.42375 2.713984
Jun 16th 18:47:58.888 UTC 3 12 1 151 149 377.5977 660.9227 0 192.5816 15.62721 0 0 16 0 0 0 0 NaN 0 NaN
Jun 16th 18:47:06.375 UTC 2 15 39 197 188 479.436 777.9252 0 592.243 440.0302 0 0 20 0 0 80 0 0 43.42375 2.713984
Jun 16th 18:46:58.878 UTC 3 9 1 149 149 375.3477 660.9227 0 191.8428 15.8562 0 0 16 0 0 0 0 NaN 0 NaN
Jun 16th 18:46:06.376 UTC 2 15 40 196 186 475.4535 764.3055 0 590.1358 435.4243 0 0 20 0 0 75 0 0 42.82375 2.854917
Jun 16th 18:45:58.879 UTC 3 10 0 149 145 375.3477 642.6791 0 191.8428 16.04916 0 0 16 0 0 0 0 NaN 0 NaN
Jun 16th 18:45:06.385 UTC 2 15 39 195 185 473.3295 758.6477 0 587.6926 433.1822 0 0 20 0 0 70 0 0 40.12375 2.865982
Jun 16th 18:44:58.878 UTC 3 10 1 148 142 374.4477 627.9808 0 192.8196 16.28171 0 0 16 0 0 0 0 NaN 0 NaN
Jun 16th 18:44:06.385 UTC 2 14 39 193 185 466.737 758.6477 0 583.6319 431.1637 0 0 20 0 0 70 0 0 40.12375 2.865982
Jun 16th 18:43:58.878 UTC 3 8 0 147 141 373.0977 622.2591 0 193.6662 16.48379 0 0 16 0 0 0 0 NaN 0 NaN
Jun 16th 18:43:05.345 UTC 2 15 40 189 181 459.215 742.6091 0 574.6434 424.8325 0 0 19 0 0 60 0 0 36.89875 3.074896
Jun 16th 18:42:58.888 UTC 3 7 0 146 141 371.3277 622.2591 0 193.7198 16.56629 0 0 16 0 0 0 0 NaN 0 NaN
Jun 16th 18:42:05.334 UTC 2 15 39 185 180 453.197 736.83 0 566.8135 422.9503 0 0 19 0 0 50 0 0 33.67375 3.367375
Jun 16th 18:41:58.878 UTC 3 9 0 144 138 367.7052 613.8792 0 192.9917 16.61539 0 0 16 0 0 0 0 NaN 0 NaN
Jun 16th 18:41:05.335 UTC 2 15 40 185 177 453.197 726.2897 0 566.8135 416.7954 0 0 19 0 0 30 0 0 16.65875 2.776458
Jun 16th 18:40:58.888 UTC 3 9 0 143 138 365.9052 613.8792 0 193.1273 16.61539 0 0 16 0 0 0 0 NaN 0 NaN
Jun 16th 18:40:05.345 UTC 2 13 39 182 175 448.372 714.5081 0 561.044 408.6503 0 0 19 0 0 30 0 0 16.65875 2.776458
Jun 16th 18:39:58.888 UTC 3 11 0 140 135 357.2577 607.2256 0 194.5871 16.72046 0 0 16 0 0 0 0 NaN 0 NaN
Jun 16th 18:39:05.345 UTC 2 14 39 181 172 445.717 701.8809 0 559.4484 404.5993 0 0 19 0 0 30 0 0 16.65875 2.776458
Jun 16th 18:38:58.879 UTC 3 11 0 140 132 357.2577 597.2278 0 194.5871 16.9745 0 0 16 0 0 0 0 NaN 0 NaN
Jun 16th 18:38:05.344 UTC 2 15 39 178 169 437.2979 689.2824 0 554.6182 400.5366 0 0 19 0 0 20 0 0 9.259999 2.315
Jun 16th 18:37:58.879 UTC 3 9 1 136 132 345.5989 597.2278 0 196.8145 17.19002 0 0 16 0 0 0 0 NaN 0 NaN
Jun 16th 18:37:05.334 UTC 2 15 39 176 167 433.5259 680.7015 0 550.5825 396.7252 0 0 19 0 0 15 0 0 8.459999 2.82
Jun 16th 18:36:58.888 UTC 3 9 0 134 130 340.7889 591.9816 0 196.5959 17.35428 0 0 16 0 0 0 0 NaN 0 NaN
Jun 16th 18:36:05.345 UTC 2 15 38 172 166 424.007 678.6081 0 543.173 395.0284 0 0 19 0 0 15 0 0 8.459999 2.82
Jun 16th 18:35:58.878 UTC 3 7 0 132 129 335.9102 582.7147 0 197.1152 17.65792 0 0 16 0 0 0 0 NaN 0 NaN
Jun 16th 18:35:05.334 UTC 2 15 35 168 166 418.823 678.6081 0 535.364 395.0284 0 0 19 0 0 15 0 0 8.459999 2.82
Jun 16th 18:34:57.592 UTC 3 7 1 131 128 333.9001 577.8354 0 198.0602 17.74626 0 0 14 0 0 0 0 NaN 0 NaN
Jun 16th 18:34:05.335 UTC 2 13 36 167 164 416.063 671.811 0 534.1345 389.9812 0 0 19 0 0 15 0 0 8.459999 2.82
Jun 16th 18:33:57.601 UTC 3 8 0 130 125 332.2651 566.7559 0 198.5424 17.99082 0 0 14 0 0 0 0 NaN 0 NaN
Jun 16th 18:33:04.294 UTC 2 10 38 165 162 407.7792 664.2513 0 531.0077 382.2349 0 0 18 0 0 15 0 0 8.459999 2.82
Jun 16th 18:32:57.602 UTC 3 9 0 130 123 332.2651 555.0955 0 198.5424 18.097 0 0 14 0 0 0 0 NaN 0 NaN
Jun 16th 18:32:03.355 UTC 2 14 40 164 153 406.3392 624.7164 0 529.5496 372.5995 0 0 17 0 0 10 0 0 6.15 3.075
Jun 16th 18:31:57.593 UTC 3 9 0 129 122 330.4951 553.9435 0 199.3295 18.22742 0 0 14 0 0 0 0 NaN 0 NaN
Jun 16th 18:31:02.489 UTC 2 14 40 164 151 406.3392 619.968 0 529.5496 368.5421 0 0 16 0 0 10 0 0 6.15 3.075
Jun 16th 18:30:56.980 UTC 3 11 0 126 118 324.7351 530.4505 0 199.7416 18.43896 0 0 13 0 0 0 0 NaN 0 NaN
Jun 16th 18:30:02.501 UTC 2 15 38 161 150 399.5097 611.4031 0 525.7493 368.5421 0 0 16 0 0 0 0 NaN 0 NaN
Jun 16th 18:29:56.969 UTC 3 13 0 125 115 322.9352 522.744 0 200.9212 18.53473 0 0 13 0 0 0 0 NaN 0 NaN
Jun 16th 18:29:01.488 UTC 2 15 38 154 147 381.7207 598.2812 0 510.8162 363.3327 0 0 15 0 0 0 0 NaN 0 NaN
Jun 16th 18:28:56.990 UTC 3 12 0 120 115 302.3589 522.744 0 201.2959 18.6632 0 0 13 0 0 0 0 NaN 0 NaN
Jun 16th 18:28:01.488 UTC 2 15 37 152 146 375.3067 595.8368 0 505.364 361.4477 0 0 15 0 0 0 0 NaN 0 NaN
Jun 16th 18:27:56.980 UTC 3 11 0 119 112 300.5589 511.3931 0 202.3739 19.06029 0 0 13 0 0 0 0 NaN 0 NaN
Jun 16th 18:27:01.499 UTC 2 13 36 150 145 370.1107 587.3038 0 500.9182 355.5538 0 0 15 0 0 0 0 NaN 0 NaN
Jun 16th 18:26:56.980 UTC 3 10 0 116 112 291.5251 511.3931 0 203.7018 19.19846 0 0 13 0 0 0 0 NaN 0 NaN
Jun 16th 18:26:00.569 UTC 2 14 36 148 141 364.2417 575.2605 0 496.721 349.4638 0 0 14 0 0 0 0 NaN 0 NaN
Jun 16th 18:25:56.970 UTC 3 12 0 115 109 289.5002 495.0418 0 204.3813 19.28155 0 0 13 0 0 0 0 NaN 0 NaN
Jun 16th 18:25:00.570 UTC 2 15 34 146 138 359.3422 566.3253 0 491.3534 344.9947 0 0 14 0 0 0 0 NaN 0 NaN
Jun 16th 18:24:56.981 UTC 3 12 0 113 107 287.1072 490.338 0 201.6605 19.56106 0 0 13 0 0 0 0 NaN 0 NaN
Jun 16th 18:24:00.569 UTC 2 15 34 144 135 356.2642 553.7491 0 486.34 338.2245 0 0 14 0 0 0 0 NaN 0 NaN
Jun 16th 18:23:56.980 UTC 3 11 0 112 105 282.1272 482.9538 0 202.6477 19.97755 0 0 13 0 0 0 0 NaN 0 NaN
Jun 16th 18:23:00.578 UTC 2 15 33 139 132 341.8506 542.6727 0 476.0367 331.4353 0 0 14 0 0 0 0 NaN 0 NaN
Jun 16th 18:22:56.981 UTC 3 15 0 108 100 273.4222 458.4906 0 203.7474 20.13254 0 0 13 0 0 0 0 NaN 0 NaN
Jun 16th 18:22:00.570 UTC 2 15 32 136 130 334.6701 534.5928 0 470.3143 327.3401 0 0 14 0 0 0 0 NaN 0 NaN
Jun 16th 18:21:56.131 UTC 3 14 0 105 99 256.0634 453.1678 0 203.1449 20.40677 0 0 12 0 0 0 0 NaN 0 NaN
Jun 16th 18:21:00.568 UTC 2 12 32 135 129 334.2501 532.1229 0 465.2666 319.6804 0 0 14 0 0 0 0 NaN 0 NaN
Jun 16th 18:20:56.122 UTC 3 15 1 105 96 256.0634 437.4133 0 203.1449 20.39238 0 0 12 0 0 0 0 NaN 0 NaN
Jun 16th 18:19:59.702 UTC 2 14 33 133 124 329.1313 515.4173 0 460.0027 311.2925 0 0 13 0 0 0 0 NaN 0 NaN
Jun 16th 18:19:56.123 UTC 3 14 1 102 95 238.4197 431.9629 0 203.6061 20.55285 0 0 12 0 0 0 0 NaN 0 NaN
Jun 16th 18:18:59.712 UTC 2 15 30 129 121 317.1366 505.9684 0 447.8074 305.3208 0 0 13 0 0 0 0 NaN 0 NaN
Jun 16th 18:18:55.358 UTC 3 14 3 100 93 227.3947 424.6743 0 203.0831 20.18792 0 0 11 0 0 0 0 NaN 0 NaN
Jun 16th 18:17:59.702 UTC 2 15 30 124 119 304.9446 497.2055 0 434.0565 299.7082 0 0 13 0 0 0 0 NaN 0 NaN
Jun 16th 18:17:54.768 UTC 3 15 4 99 89 223.7159 412.2704 0 202.4523 19.20897 0 0 10 0 0 0 0 NaN 0 NaN
Jun 16th 18:16:59.701 UTC 2 14 34 123 116 302.1726 484.0485 0 430.7112 288.2191 0 0 13 0 0 0 0 NaN 0 NaN
Jun 16th 18:16:54.769 UTC 3 14 2 95 87 212.6859 404.6596 0 203.3444 18.93414 0 0 10 0 0 0 0 NaN 0 NaN
Jun 16th 18:15:58.722 UTC 2 15 34 121 113 297.5676 467.1165 0 423.9365 281.9127 0 0 12 0 0 0 0 NaN 0 NaN
Jun 16th 18:15:54.758 UTC 3 15 2 90 83 202.4122 386.2149 0 200.4835 18.29747 0 0 10 0 0 0 0 NaN 0 NaN
Jun 16th 18:14:56.886 UTC 2 14 35 119 111 291.4251 458.8323 0 417.477 272.0181 0 0 10 0 0 0 0 NaN 0 NaN
Jun 16th 18:14:54.777 UTC 3 14 3 89 82 196.4384 377.5765 0 200.3755 17.63514 0 0 10 0 0 0 0 NaN 0 NaN
Jun 16th 18:13:56.876 UTC 2 15 35 119 107 291.4251 442.9373 0 417.477 261.4896 0 0 10 0 0 0 0 NaN 0 NaN
Jun 16th 18:13:54.768 UTC 3 15 1 87 80 193.2284 369.1424 0 200.158 17.20397 0 0 10 0 0 0 0 NaN 0 NaN
Jun 16th 18:12:56.896 UTC 2 15 34 113 106 281.2546 440.828 0 398.8662 258.1395 0 0 10 0 0 0 0 NaN 0 NaN
Jun 16th 18:12:54.769 UTC 3 14 0 85 79 189.8634 360.1531 0 199.5476 17.46457 0 0 10 0 0 0 0 NaN 0 NaN
Jun 16th 18:11:56.886 UTC 2 15 31 111 103 277.7796 423.0535 0 392.5117 248.6045 0 0 10 0 0 0 0 NaN 0 NaN
Jun 16th 18:11:54.765 UTC 3 14 4 83 75 187.1484 340.4287 0 198.4599 14.89315 0 0 10 0 0 0 0 NaN 0 NaN
Jun 16th 18:10:56.886 UTC 2 15 30 107 101 266.9931 417.2935 0 379.3097 242.1605 0 0 10 0 0 0 0 NaN 0 NaN
Jun 16th 18:10:53.820 UTC 3 15 5 82 72 181.1747 327.7823 0 197.9915 13.00202 0 0 9 0 0 0 0 NaN 0 NaN
Jun 16th 18:09:56.897 UTC 2 14 31 107 99 266.9931 409.8326 0 379.3097 233.1242 0 0 10 0 0 0 0 NaN 0 NaN
Jun 16th 18:09:53.817 UTC 3 13 3 79 72 174.1109 327.7823 0 200.4908 12.57102 0 0 9 0 0 0 0 NaN 0 NaN
Jun 16th 18:08:55.734 UTC 2 14 34 106 96 264.5631 400.138 0 376.5792 223.6491 0 0 9 0 0 0 0 NaN 0 NaN
Jun 16th 18:08:53.809 UTC 3 15 1 77 68 170.7584 315.6497 0 198.8992 11.93882 0 0 9 0 0 0 0 NaN 0 NaN
Jun 16th 18:07:54.478 UTC 2 15 34 101 93 249.4194 386.8119 0 361.4587 216.858 0 0 8 0 0 0 0 NaN 0 NaN
Jun 16th 18:07:53.828 UTC 3 13 0 74 68 165.9284 315.6497 0 201.7891 12.13339 0 0 9 0 0 0 0 NaN 0 NaN
Jun 16th 18:06:54.498 UTC 2 15 35 98 90 239.9807 370.1383 0 352.0987 207.6578 0 0 8 0 0 0 0 NaN 0 NaN
Jun 16th 18:06:53.817 UTC 3 11 0 71 67 157.4234 309.7461 0 201.652 12.48165 0 0 9 0 0 0 0 NaN 0 NaN
Jun 16th 18:05:54.487 UTC 2 15 34 96 87 236.5607 362.8593 0 346.3416 198.2209 0 0 8 0 0 0 0 NaN 0 NaN
Jun 16th 18:05:53.828 UTC 3 9 1 69 67 153.3734 309.7461 0 200.642 12.66363 0 0 9 0 0 0 0 NaN 0 NaN
Jun 16th 18:04:54.491 UTC 2 15 34 95 85 234.1307 353.1678 0 343.3133 192.0784 0 0 8 0 0 0 0 NaN 0 NaN
Jun 16th 18:04:53.818 UTC 3 9 0 68 64 148.8509 288.6656 0 198.3629 12.97709 0 0 9 0 0 0 0 NaN 0 NaN
Jun 16th 18:03:54.479 UTC 2 15 30 91 85 227.5757 353.1678 0 331.6884 192.0784 0 0 8 0 0 0 0 NaN 0 NaN
Jun 16th 18:03:52.838 UTC 3 10 0 68 63 148.8509 280.4166 0 198.3629 12.97709 0 0 8 0 0 0 0 NaN 0 NaN
Jun 16th 18:02:54.490 UTC 2 13 30 88 82 216.5788 342.7776 0 321.6565 178.4041 0 0 8 0 0 0 0 NaN 0 NaN
Jun 16th 18:02:52.827 UTC 3 8 1 68 63 148.8509 280.4166 0 198.3629 13.15717 0 0 8 0 0 0 0 NaN 0 NaN
Jun 16th 18:01:54.489 UTC 2 15 29 85 79 209.3168 330.179 0 312.5257 175.3458 0 0 8 0 0 0 0 NaN 0 NaN
Jun 16th 18:01:52.030 UTC 3 7 0 67 63 148.2509 280.4166 0 197.7145 13.32715 0 0 7 0 0 0 0 NaN 0 NaN
Jun 16th 18:00:54.500 UTC 2 15 28 83 75 208.1768 306.5999 0 306.6749 163.2783 0 0 8 0 0 0 0 NaN 0 NaN
Jun 16th 18:00:52.031 UTC 3 8 0 65 61 146.0709 275.3522 0 196.2848 13.41448 0 0 7 0 0 0 0 NaN 0 NaN
Jun 16th 17:59:54.489 UTC 2 15 25 81 73 205.2868 297.2467 0 301.3018 156.9353 0 0 8 0 0 0 0 NaN 0 NaN
Jun 16th 17:59:52.020 UTC 3 10 1 64 58 143.6184 260.4625 0 198.4982 13.56345 0 0 7 0 0 0 0 NaN 0 NaN
Jun 16th 17:58:54.489 UTC 2 15 25 80 69 202.5733 282.2771 0 298.5007 144.0225 0 0 8 0 0 0 0 NaN 0 NaN
Jun 16th 17:58:52.033 UTC 3 11 1 61 55 139.2889 251.8975 0 189.5208 13.75432 0 0 7 0 0 0 0 NaN 0 NaN
Jun 16th 17:57:54.489 UTC 2 14 23 79 68 200.1231 279.0956 0 296.6628 137.5378 0 0 8 0 0 0 0 NaN 0 NaN
Jun 16th 17:57:52.033 UTC 3 11 0 61 55 139.2889 251.8975 0 189.5208 13.75432 0 0 7 0 0 0 0 NaN 0 NaN
Jun 16th 17:56:54.490 UTC 2 15 19 74 66 194.8071 271.8996 0 284.933 134.9537 0 0 8 0 0 0 0 NaN 0 NaN
Jun 16th 17:56:52.023 UTC 3 12 0 57 53 131.574 238.7278 0 193.8213 13.8543 0 0 7 0 0 0 0 NaN 0 NaN
Jun 16th 17:55:54.480 UTC 2 15 20 71 63 190.9921 259.7286 0 279.5905 126.7015 0 0 8 0 0 0 0 NaN 0 NaN
Jun 16th 17:55:52.023 UTC 3 10 0 56 52 126.489 237.2503 0 194.3554 14.46401 0 0 7 0 0 0 0 NaN 0 NaN
Jun 16th 17:54:54.490 UTC 2 15 16 67 63 178.7663 259.7286 0 270.9143 126.7015 0 0 8 0 0 0 0 NaN 0 NaN
Jun 16th 17:54:52.032 UTC 3 10 0 54 51 124.799 234.758 0 193.0055 14.56533 0 0 7 0 0 0 0 NaN 0 NaN
Jun 16th 17:53:54.491 UTC 2 15 16 66 61 176.9663 247.6566 0 269.7825 123.1322 0 0 8 0 0 0 0 NaN 0 NaN
Jun 16th 17:53:51.023 UTC 3 8 1 53 49 123.599 227.4663 0 194.713 15.37529 0 0 6 0 0 0 0 NaN 0 NaN
Jun 16th 17:52:54.499 UTC 2 15 17 64 57 173.1189 233.9412 0 264.8426 117.0369 0 0 8 0 0 0 0 NaN 0 NaN
Jun 16th 17:52:51.021 UTC 3 9 0 52 47 119.6165 217.1877 0 192.5929 15.51979 0 0 6 0 0 0 0 NaN 0 NaN
Jun 16th 17:51:54.488 UTC 2 15 16 61 53 163.2711 222.485 0 257.9799 111.5918 0 0 8 0 0 0 0 NaN 0 NaN
Jun 16th 17:51:51.023 UTC 3 13 0 50 42 115.154 192.3416 0 197.2142 15.72485 0 0 6 0 0 0 0 NaN 0 NaN
Jun 16th 17:50:54.498 UTC 2 14 16 60 50 162.0711 208.9419 0 256.3103 102.4655 0 0 8 0 0 0 0 NaN 0 NaN
Jun 16th 17:50:51.035 UTC 3 15 1 49 37 109.1802 163.6311 0 194.8816 13.52012 0 0 6 0 0 0 0 NaN 0 NaN
Jun 16th 17:49:54.490 UTC 2 15 14 58 46 156.9861 192.1853 0 249.7277 92.31496 0 0 8 0 0 0 0 NaN 0 NaN
Jun 16th 17:49:51.033 UTC 3 15 2 45 36 101.0202 158.3307 0 196.1941 10.93682 0 0 6 0 0 0 0 NaN 0 NaN
Jun 16th 17:48:54.489 UTC 2 15 10 51 45 131.6845 185.6084 0 232.9533 89.65578 0 0 8 0 0 0 0 NaN 0 NaN
Jun 16th 17:48:51.025 UTC 3 14 5 45 34 101.0202 154.2875 0 196.1941 6.748737 0 0 6 0 0 0 0 NaN 0 NaN
Jun 16th 17:47:53.448 UTC 2 14 11 51 44 131.6845 181.4344 0 232.9533 85.04522 0 0 7 0 0 0 0 NaN 0 NaN
Jun 16th 17:47:51.023 UTC 3 15 2 42 32 94.03023 143.7409 0 195.8037 4.928648 0 0 6 0 0 0 0 NaN 0 NaN
Jun 16th 17:46:53.448 UTC 2 14 13 48 40 124.147 164.1992 0 224.5666 72.76219 0 0 7 0 0 0 0 NaN 0 NaN
Jun 16th 17:46:51.022 UTC 3 13 1 36 32 80.70274 143.7409 0 196.1949 4.978721 0 0 6 0 0 0 0 NaN 0 NaN
Jun 16th 17:45:53.437 UTC 2 15 12 46 38 119.2285 158.787 0 218.5955 69.72245 0 0 7 0 0 0 0 NaN 0 NaN
Jun 16th 17:45:51.022 UTC 3 13 0 35 29 78.39274 124.5367 0 195.8076 4.764098 0 0 6 0 0 0 0 NaN 0 NaN
Jun 16th 17:44:53.436 UTC 2 15 12 43 35 111.4985 148.0585 0 215.2019 62.35435 0 0 7 0 0 0 0 NaN 0 NaN
Jun 16th 17:44:51.030 UTC 3 11 0 33 29 74.26624 124.5367 0 186.3916 4.887166 0 0 6 0 0 0 0 NaN 0 NaN
Jun 16th 17:43:53.446 UTC 2 15 10 39 33 99.56001 136.1045 0 204.7036 58.77176 0 0 7 0 0 0 0 NaN 0 NaN
Jun 16th 17:43:51.021 UTC 3 10 0 33 28 74.26624 115.6048 0 186.3916 4.891093 0 0 6 0 0 0 0 NaN 0 NaN
Jun 16th 17:42:53.448 UTC 2 15 10 37 30 91.67751 127.3002 0 197.313 52.27711 0 0 7 0 0 0 0 NaN 0 NaN
Jun 16th 17:42:50.143 UTC 3 13 0 32 24 73.17625 102.4382 0 186.5132 4.957466 0 0 5 0 0 0 0 NaN 0 NaN
Jun 16th 17:41:52.365 UTC 2 15 10 36 26 85.46751 103.4115 0 197.5105 41.92748 0 0 6 0 0 0 0 NaN 0 NaN
Jun 16th 17:41:50.153 UTC 3 13 0 30 24 62.15125 102.4382 0 179.6211 4.957466 0 0 5 0 0 0 0 NaN 0 NaN
Jun 16th 17:40:51.447 UTC 2 15 8 34 25 80.145 95.07952 0 191.2003 39.40419 0 0 5 0 0 0 0 NaN 0 NaN
Jun 16th 17:40:50.146 UTC 3 15 0 28 20 60.75125 79.42068 0 184.8462 4.983694 0 0 5 0 0 0 0 NaN 0 NaN
Jun 16th 17:39:51.437 UTC 2 15 9 31 21 68.37501 76.55507 0 183.6325 26.24816 0 0 5 0 0 0 0 NaN 0 NaN
Jun 16th 17:39:50.145 UTC 3 13 0 26 20 58.38125 79.42068 0 186.466 4.986532 0 0 5 0 0 0 0 NaN 0 NaN
Jun 16th 17:38:51.437 UTC 2 15 6 28 20 63.49001 74.54146 0 175.2318 23.74513 0 0 5 0 0 0 0 NaN 0 NaN
Jun 16th 17:38:50.154 UTC 3 13 1 25 17 57.78125 61.10368 0 179.6449 4.674209 0 0 5 0 0 0 0 NaN 0 NaN
Jun 16th 17:37:51.446 UTC 2 14 6 28 19 63.49001 69.25697 0 175.2318 18.9506 0 0 5 0 0 0 0 NaN 0 NaN
Jun 16th 17:37:50.145 UTC 3 12 0 23 16 52.16375 56.12234 0 173.3622 4.870223 0 0 5 0 0 0 0 NaN 0 NaN
Jun 16th 17:36:50.415 UTC 2 15 5 25 16 59.86501 53.62368 0 175.1548 14.28016 0 0 4 0 0 0 0 NaN 0 NaN
Jun 16th 17:36:49.501 UTC 3 13 0 20 14 43.92625 45.37785 0 171.778 4.687975 0 0 4 0 0 0 0 NaN 0 NaN
Jun 16th 17:35:49.570 UTC 2 15 6 21 13 46.87125 39.06579 0 159.9397 8.110746 0 0 3 0 0 0 0 NaN 0 NaN
Jun 16th 17:35:49.500 UTC 3 12 0 20 13 43.92625 41.65699 0 171.778 4.916656 0 0 4 0 0 0 0 NaN 0 NaN
Jun 16th 17:34:49.569 UTC 2 15 2 20 12 40.8975 37.3681 0 151.451 5.489889 0 0 3 0 0 0 0 NaN 0 NaN
Jun 16th 17:34:49.490 UTC 3 12 0 18 12 33.24625 39.22216 0 159.699 5.094595 0 0 4 0 0 0 0 NaN 0 NaN
Jun 16th 17:33:49.558 UTC 2 15 0 16 10 33.0725 25.63436 0 155.5689 5.100749 0 0 3 0 0 0 0 NaN 0 NaN
Jun 16th 17:33:49.500 UTC 3 13 1 16 9 31.29625 26.0875 0 157.1606 5.039393 0 0 4 0 0 0 0 NaN 0 NaN
Jun 16th 17:32:49.570 UTC 2 13 1 15 9 32.1725 21.6997 0 150.6487 5.132022 0 0 3 0 0 0 0 NaN 0 NaN
Jun 16th 17:32:48.908 UTC 3 15 0 14 6 27.89125 14.38246 0 161.4984 4.819441 0 0 3 0 0 0 0 NaN 0 NaN
Jun 16th 17:31:49.568 UTC 2 11 0 13 8 23.9375 20.9817 0 152.3346 5.281419 0 0 3 0 0 0 0 NaN 0 NaN
Jun 16th 17:31:48.919 UTC 3 13 1 11 5 22.2625 12.50925 0 134.1893 4.774517 0 0 3 0 0 0 0 NaN 0 NaN
Jun 16th 17:30:49.559 UTC 2 11 0 11 6 21.7875 14.64092 0 136.2821 5.273226 0 0 3 0 0 0 0 NaN 0 NaN
Jun 16th 17:30:48.011 UTC 3 15 1 8 1 17.2525 1.879586 0 140.54 4.672347 0 0 2 0 0 0 0 NaN 0 NaN
Jun 16th 17:29:49.560 UTC 2 10 0 8 5 15.33 11.0541 0 128.439 5.128109 0 0 3 0 0 0 0 NaN 0 NaN
Jun 16th 17:29:48.022 UTC 3 12 0 7 1 15.6175 1.879586 0 149.9062 4.636793 0 0 2 0 0 0 0 NaN 0 NaN
Jun 16th 17:28:49.570 UTC 2 10 0 7 3 13.02 5.303677 0 113.6041 5.016078 0 0 3 0 0 0 0 NaN 0 NaN
Jun 16th 17:28:48.021 UTC 3 9 1 4 0 10.19 0 0 162.5286 5.176068 0 0 2 0 0 0 0 NaN 0 NaN
Jun 16th 17:27:48.610 UTC 2 10 0 6 1 10.365 1.400921 0 100.9503 5.592241 0 0 2 0 0 0 0 NaN 0 NaN
Jun 16th 17:27:47.276 UTC 3 7 1 0 0 0 0 0 NaN 4.716649 0 0 1 0 0 0 0 NaN 0 NaN
Jun 16th 17:26:48.610 UTC 2 7 0 3 1 5.475 1.400921 0 104.8193 5.117362 0 0 2 0 0 0 0 NaN 0 NaN
Jun 16th 17:26:47.275 UTC 3 5 1 0 0 0 0 0 NaN 5.046045 0 0 1 0 0 0 0 NaN 0 NaN
Jun 16th 17:25:48.620 UTC 2 5 0 1 0 2.025 0 0 59.7912 5.868452 0 0 2 0 0 0 0 NaN 0 NaN
Jun 16th 17:25:47.285 UTC 3 3 0 0 0 0 0 0 NaN 4.48377 0 0 1 0 0 0 0 NaN 0 NaN
Jun 16th 17:24:47.579 UTC 2 3 0 0 0 0 0 0 NaN 3.546164 0 0 1 0 0 0 0 NaN 0 NaN
Jun 16th 17:24:47.283 UTC 3 1 0 0 0 0 0 0 NaN 11.64365 0 0 1 0 0 0 0 NaN 0 NaN
Jun 16th 17:23:46.761 UTC 3 0 0 0 0 0 0 0 NaN NaN 0 0 0 0 0 0 0 NaN 0 NaN
Jun 16th 17:23:46.718 UTC 2 0 0 0 0 0 0 0 NaN NaN 0 0 0 0 0 0 0 NaN 0 NaN