dt1 dt2 dt3 dt4 controller drones queue deliveries fullTrips revenue costs penalties avgDelTime avgWaitTime fDel fRet fLaunch collisions unknown penalties rejecValue avgRejecValue potentialLost avgPotentialLost
Jun 16th 23:20:00.536 UTC 3 7 0 587 582 1547.399 2730.214 0 197.2835 10.43531 0 0 89 0 0 0 0 NaN 0 NaN
Jun 16th 23:19:46.944 UTC 2 15 39 850 842 2895.151 3691.329 0 365.6719 192.1298 0 0 64 0 0 3175 641.5354 1.010292 373.6373 0.5884051
Jun 16th 23:19:00.556 UTC 3 7 0 587 581 1547.399 2727.074 0 197.2835 10.44223 0 0 89 0 0 0 0 NaN 0 NaN
Jun 16th 23:18:46.943 UTC 2 15 44 847 839 2889.629 3673.605 0 360.3409 192.6846 0 0 64 0 0 3100 622.1345 1.003443 359.6363 0.5800585
Jun 16th 23:18:00.546 UTC 3 9 0 585 579 1542.022 2713.422 0 197.257 10.44223 0 0 89 0 0 0 0 NaN 0 NaN
Jun 16th 23:17:46.951 UTC 2 14 41 847 838 2889.629 3668.142 0 360.3409 193.1066 0 0 64 0 0 3030 603.6501 0.9961222 341.3154 0.5632268
Jun 16th 23:17:00.546 UTC 3 10 0 584 577 1541.122 2707.726 0 197.373 10.45269 0 0 89 0 0 0 0 NaN 0 NaN
Jun 16th 23:16:46.940 UTC 2 15 41 845 835 2886.194 3653.594 0 360.6672 193.4672 0 0 64 0 0 2995 594.8055 0.9929976 332.4709 0.5550432
Jun 16th 23:15:59.535 UTC 3 13 0 583 574 1539.922 2700.38 0 197.191 10.45269 0 0 88 0 0 0 0 NaN 0 NaN
Jun 16th 23:15:46.952 UTC 2 15 39 841 835 2879.889 3653.594 0 355.9423 193.4672 0 0 64 0 0 2980 592.2778 0.9937546 330.0521 0.5537787
Jun 16th 23:14:57.811 UTC 3 13 1 580 572 1532.298 2692.076 0 197.1003 10.47163 0 0 86 0 0 0 0 NaN 0 NaN
Jun 16th 23:14:46.941 UTC 2 14 39 839 835 2872.213 3653.594 0 356.179 192.0109 0 0 64 0 0 2980 592.2778 0.9937546 330.0521 0.5537787
Jun 16th 23:13:57.811 UTC 3 11 0 576 572 1519.143 2692.076 0 197.6731 10.4935 0 0 86 0 0 0 0 NaN 0 NaN
Jun 16th 23:13:46.940 UTC 2 15 39 837 831 2867.113 3635.841 0 355.3112 185.4689 0 0 64 0 0 2965 590.0387 0.9950062 327.8131 0.5528046
Jun 16th 23:12:57.804 UTC 3 10 1 574 571 1510.166 2690.226 0 197.6754 10.50692 0 0 86 0 0 0 0 NaN 0 NaN
Jun 16th 23:12:46.929 UTC 2 15 38 836 829 2864.458 3626.376 0 355.4355 185.8353 0 0 64 0 0 2965 590.0387 0.9950062 327.8131 0.5528046
Jun 16th 23:11:56.753 UTC 3 12 0 573 567 1502.538 2676.909 0 197.588 10.52408 0 0 85 0 0 0 0 NaN 0 NaN
Jun 16th 23:11:46.949 UTC 2 15 38 834 827 2860.588 3615.054 0 353.9803 185.1013 0 0 64 0 0 2965 590.0387 0.9950062 327.8131 0.5528046
Jun 16th 23:10:56.750 UTC 3 9 0 570 567 1497.918 2676.909 0 197.9246 10.56035 0 0 85 0 0 0 0 NaN 0 NaN
Jun 16th 23:10:46.939 UTC 2 15 39 831 824 2846.379 3598.773 0 354.4303 184.3918 0 0 64 0 0 2960 589.4943 0.9957674 327.2687 0.5528187
Jun 16th 23:09:56.740 UTC 3 8 1 568 566 1489.998 2669.276 0 198.172 10.57604 0 0 85 0 0 0 0 NaN 0 NaN
Jun 16th 23:09:46.938 UTC 2 14 39 830 823 2842.659 3593.164 0 354.4786 181.9546 0 0 64 0 0 2955 588.7108 0.9961265 326.4852 0.5524284
Jun 16th 23:08:56.740 UTC 3 11 1 568 561 1489.998 2642.346 0 198.172 10.58579 0 0 85 0 0 0 0 NaN 0 NaN
Jun 16th 23:08:45.692 UTC 2 15 39 829 820 2837.462 3581.554 0 354.6064 182.2314 0 0 63 0 0 2950 588.1663 0.9968921 325.9407 0.5524419
Jun 16th 23:07:56.740 UTC 3 9 0 567 561 1486.278 2642.346 0 198.1464 10.61307 0 0 85 0 0 0 0 NaN 0 NaN
Jun 16th 23:07:45.683 UTC 2 14 40 826 817 2826.987 3564.868 0 355.2021 182.7963 0 0 63 0 0 2950 588.1663 0.9968921 325.9407 0.5524419
Jun 16th 23:06:55.779 UTC 3 10 0 567 558 1486.278 2630.335 0 198.1464 10.62833 0 0 84 0 0 0 0 NaN 0 NaN
Jun 16th 23:06:45.694 UTC 2 15 40 823 816 2822.08 3559.468 0 353.5055 182.7963 0 0 63 0 0 2935 584.3061 0.9954107 322.3505 0.549149
Jun 16th 23:05:55.779 UTC 3 11 0 564 557 1480.613 2625.156 0 198.3443 10.62833 0 0 84 0 0 0 0 NaN 0 NaN
Jun 16th 23:05:45.684 UTC 2 15 41 821 815 2819.166 3553.195 0 351.099 182.9432 0 0 63 0 0 2880 577.6492 1.002863 315.7835 0.5482352
Jun 16th 23:04:55.771 UTC 3 12 0 562 555 1476.713 2619.986 0 198.3633 10.63153 0 0 84 0 0 0 0 NaN 0 NaN
Jun 16th 23:04:45.694 UTC 2 15 39 820 812 2816.444 3543.197 0 351.2395 183.5166 0 0 63 0 0 2875 577.084 1.003624 315.2182 0.5482056
Jun 16th 23:03:55.781 UTC 3 11 1 559 553 1472.503 2612.586 0 198.4823 10.66432 0 0 84 0 0 0 0 NaN 0 NaN
Jun 16th 23:03:45.684 UTC 2 15 39 817 810 2806.91 3532.373 0 350.3028 183.9012 0 0 63 0 0 2875 577.084 1.003624 315.2182 0.5482056
Jun 16th 23:02:55.780 UTC 3 11 0 556 551 1464.166 2600.504 0 198.29 10.66916 0 0 84 0 0 0 0 NaN 0 NaN
Jun 16th 23:02:45.692 UTC 2 13 39 814 808 2794.906 3523.402 0 350.962 179.8721 0 0 63 0 0 2875 577.084 1.003624 315.2182 0.5482056
Jun 16th 23:01:55.770 UTC 3 11 0 555 551 1458.192 2600.504 0 198.277 10.66916 0 0 84 0 0 0 0 NaN 0 NaN
Jun 16th 23:01:44.652 UTC 2 14 39 813 805 2792.207 3506.234 0 351.0882 180.2568 0 0 62 0 0 2865 575.0173 1.003521 313.1516 0.5465124
Jun 16th 23:00:55.771 UTC 3 12 0 553 549 1450.759 2586.249 0 198.4597 10.68671 0 0 84 0 0 0 0 NaN 0 NaN
Jun 16th 23:00:44.653 UTC 2 15 38 812 802 2790.437 3492.58 0 350.5843 180.6103 0 0 62 0 0 2860 574.1536 1.003765 312.2878 0.5459577
Jun 16th 22:59:55.771 UTC 3 12 0 552 546 1448.307 2574.031 0 198.5826 10.70916 0 0 84 0 0 0 0 NaN 0 NaN
Jun 16th 22:59:44.641 UTC 2 15 37 809 800 2783.209 3485.85 0 350.467 179.6133 0 0 62 0 0 2860 574.1536 1.003765 312.2878 0.5459577
Jun 16th 22:58:54.821 UTC 3 9 0 552 546 1448.307 2574.031 0 198.5826 10.74419 0 0 83 0 0 0 0 NaN 0 NaN
Jun 16th 22:58:44.651 UTC 2 14 38 806 799 2772.969 3483.198 0 349.7454 179.9461 0 0 62 0 0 2860 574.1536 1.003765 312.2878 0.5459577
Jun 16th 22:57:53.678 UTC 3 9 0 551 543 1444.324 2554.332 0 198.7234 10.77591 0 0 82 0 0 0 0 NaN 0 NaN
Jun 16th 22:57:44.652 UTC 2 14 37 801 798 2753.973 3476.781 0 347.8725 180.1642 0 0 62 0 0 2860 574.1536 1.003765 312.2878 0.5459577
Jun 16th 22:56:53.667 UTC 3 9 0 549 543 1440.949 2554.332 0 198.5419 10.77591 0 0 82 0 0 0 0 NaN 0 NaN
Jun 16th 22:56:42.224 UTC 2 11 38 800 797 2751.52 3472.421 0 348.1027 180.3179 0 0 60 0 0 2860 574.1536 1.003765 312.2878 0.5459577
Jun 16th 22:55:53.659 UTC 3 9 0 546 542 1435.694 2551.853 0 198.1636 10.78281 0 0 82 0 0 0 0 NaN 0 NaN
Jun 16th 22:55:39.829 UTC 2 15 39 799 790 2745.31 3450.253 0 348.2274 178.8401 0 0 58 0 0 2855 572.9987 1.0035 311.1329 0.5448913
Jun 16th 22:54:52.763 UTC 3 11 0 545 539 1432.229 2538.603 0 198.2144 10.79215 0 0 81 0 0 0 0 NaN 0 NaN
Jun 16th 22:54:39.850 UTC 2 15 41 796 788 2737.848 3438.956 0 348.9163 179.1352 0 0 58 0 0 2840 570.3207 1.004086 308.4549 0.5430543
Jun 16th 22:53:52.761 UTC 3 12 0 543 538 1427.834 2536.184 0 198.6266 10.79215 0 0 81 0 0 0 0 NaN 0 NaN
Jun 16th 22:53:39.840 UTC 2 15 38 793 785 2727.34 3425.378 0 349.4814 177.5137 0 0 58 0 0 2840 570.3207 1.004086 308.4549 0.5430543
Jun 16th 22:52:51.699 UTC 3 11 1 542 537 1426.634 2531.493 0 198.4706 10.80569 0 0 80 0 0 0 0 NaN 0 NaN
Jun 16th 22:52:39.850 UTC 2 15 40 792 781 2724.64 3409.352 0 349.6524 177.5899 0 0 58 0 0 2840 570.3207 1.004086 308.4549 0.5430543
Jun 16th 22:51:51.697 UTC 3 13 0 539 533 1421.039 2506.376 0 198.4822 10.82849 0 0 80 0 0 0 0 NaN 0 NaN
Jun 16th 22:51:39.839 UTC 2 15 39 790 780 2719.488 3404.639 0 350.1555 177.7833 0 0 58 0 0 2825 566.6694 1.002955 307.5036 0.5442542
Jun 16th 22:50:51.708 UTC 3 9 1 539 533 1421.039 2506.376 0 198.4822 10.86519 0 0 80 0 0 0 0 NaN 0 NaN
Jun 16th 22:50:39.838 UTC 2 15 39 786 778 2709.678 3389.615 0 348.953 178.0996 0 0 58 0 0 2825 566.6694 1.002955 307.5036 0.5442542
Jun 16th 22:49:51.699 UTC 3 9 0 539 532 1421.039 2504.317 0 198.4822 10.88417 0 0 80 0 0 0 0 NaN 0 NaN
Jun 16th 22:49:38.550 UTC 2 15 42 784 775 2701.015 3377.393 0 349.3107 178.7613 0 0 57 0 0 2770 552.6272 0.997522 306.9613 0.5540819
Jun 16th 22:48:51.700 UTC 3 8 0 535 532 1413.409 2504.317 0 198.2597 10.88785 0 0 80 0 0 0 0 NaN 0 NaN
Jun 16th 22:48:38.551 UTC 2 15 40 779 774 2678.238 3370.918 0 349.9449 178.9741 0 0 57 0 0 2750 547.1591 0.9948347 305.5432 0.5555331
Jun 16th 22:47:51.689 UTC 3 11 0 533 529 1409.322 2483.933 0 197.9283 10.88785 0 0 80 0 0 0 0 NaN 0 NaN
Jun 16th 22:47:38.540 UTC 2 15 39 779 771 2678.238 3353.32 0 349.9449 177.4211 0 0 57 0 0 2745 546.3987 0.9952618 304.7829 0.5551601
Jun 16th 22:46:50.801 UTC 3 10 0 532 528 1407.687 2481.558 0 197.6476 10.89679 0 0 79 0 0 0 0 NaN 0 NaN
Jun 16th 22:46:38.539 UTC 2 15 40 779 768 2678.238 3343.398 0 349.9449 177.8894 0 0 57 0 0 2740 544.6631 0.9939108 304.8473 0.5562907
Jun 16th 22:45:50.791 UTC 3 11 0 532 526 1407.687 2472.907 0 197.6476 10.91156 0 0 79 0 0 0 0 NaN 0 NaN
Jun 16th 22:45:38.550 UTC 2 14 40 775 767 2658.148 3337.447 0 350.6086 178.2953 0 0 57 0 0 2730 543.0759 0.9946446 303.2601 0.5554215
Jun 16th 22:44:48.740 UTC 3 14 3 529 521 1400.134 2437.652 0 197.7906 10.67777 0 0 77 0 0 0 0 NaN 0 NaN
Jun 16th 22:44:38.550 UTC 2 15 40 774 763 2650.521 3321.376 0 350.4949 178.9217 0 0 57 0 0 2720 540.4671 0.9935057 300.6513 0.5526678
Jun 16th 22:43:48.741 UTC 3 13 5 528 518 1399.334 2429.559 0 197.6781 10.28367 0 0 77 0 0 0 0 NaN 0 NaN
Jun 16th 22:43:38.540 UTC 2 15 40 769 763 2628.081 3321.376 0 350.9612 178.9217 0 0 57 0 0 2710 539.1586 0.9947575 299.4228 0.5524405
Jun 16th 22:42:47.802 UTC 3 15 2 527 516 1397.309 2420.764 0 197.9221 10.28367 0 0 76 0 0 0 0 NaN 0 NaN
Jun 16th 22:42:38.540 UTC 2 13 39 767 763 2618.744 3321.376 0 351.4543 179.244 0 0 57 0 0 2710 539.1586 0.9947575 299.4228 0.5524405
Jun 16th 22:41:47.813 UTC 3 15 0 523 515 1384.724 2416.233 0 197.2874 10.29745 0 0 76 0 0 0 0 NaN 0 NaN
Jun 16th 22:41:38.539 UTC 2 15 38 765 760 2609.652 3307.648 0 351.5122 179.4252 0 0 57 0 0 2710 539.1586 0.9947575 299.4228 0.5524405
Jun 16th 22:40:46.853 UTC 3 15 1 521 513 1377.4 2404.592 0 196.9972 10.308 0 0 75 0 0 0 0 NaN 0 NaN
Jun 16th 22:40:38.539 UTC 2 13 38 763 758 2604.252 3300.513 0 351.6025 179.9223 0 0 57 0 0 2710 539.1586 0.9947575 299.4228 0.5524405
Jun 16th 22:39:46.843 UTC 3 15 0 519 512 1373.455 2396.505 0 196.6665 10.30096 0 0 75 0 0 0 0 NaN 0 NaN
Jun 16th 22:39:38.549 UTC 2 15 39 762 752 2600.112 3272.016 0 351.8833 180.5876 0 0 57 0 0 2710 539.1586 0.9947575 299.4228 0.5524405
Jun 16th 22:38:46.863 UTC 3 15 2 516 509 1365.831 2380.119 0 195.7711 9.563025 0 0 75 0 0 0 0 NaN 0 NaN
Jun 16th 22:38:38.539 UTC 2 15 40 759 751 2589.464 3264.942 0 352.1646 180.7061 0 0 57 0 0 2690 534.5262 0.9935432 296.1305 0.5504285
Jun 16th 22:37:46.077 UTC 3 15 3 515 507 1363.176 2371.825 0 195.7274 9.443913 0 0 74 0 0 0 0 NaN 0 NaN
Jun 16th 22:37:38.539 UTC 2 14 39 756 749 2579.362 3256.15 0 352.3991 180.6347 0 0 57 0 0 2690 534.5262 0.9935432 296.1305 0.5504285
Jun 16th 22:36:46.078 UTC 3 14 3 514 506 1359.498 2366.55 0 195.7231 9.188773 0 0 74 0 0 0 0 NaN 0 NaN
Jun 16th 22:36:38.550 UTC 2 15 42 755 744 2575.896 3224.405 0 352.6642 181.1842 0 0 57 0 0 2660 526.3335 0.9893486 295.2187 0.5549224
Jun 16th 22:35:46.077 UTC 3 15 2 513 504 1356.108 2356.868 0 195.5742 9.178995 0 0 74 0 0 0 0 NaN 0 NaN
Jun 16th 22:35:38.540 UTC 2 15 40 754 743 2564.691 3222.308 0 352.9668 181.3363 0 0 57 0 0 2655 525.0338 0.9887641 295.269 0.5560621
Jun 16th 22:34:46.067 UTC 3 15 1 508 503 1344.776 2349.612 0 195.8138 9.118998 0 0 74 0 0 0 0 NaN 0 NaN
Jun 16th 22:34:38.541 UTC 2 14 39 750 742 2552.529 3220.435 0 352.3712 181.6048 0 0 57 0 0 2650 523.7527 0.9882127 295.338 0.5572415
Jun 16th 22:33:46.077 UTC 3 13 1 506 502 1340.981 2346.641 0 195.2787 9.13956 0 0 74 0 0 0 0 NaN 0 NaN
Jun 16th 22:33:38.529 UTC 2 15 40 748 739 2546.42 3204.808 0 352.3481 181.8986 0 0 57 0 0 2645 522.0479 0.986858 295.4031 0.558418
Jun 16th 22:32:46.077 UTC 3 11 0 505 501 1339.346 2338.81 0 195.2446 9.158199 0 0 74 0 0 0 0 NaN 0 NaN
Jun 16th 22:32:38.550 UTC 2 15 41 745 737 2527.003 3194.82 0 352.8252 182.1726 0 0 57 0 0 2610 513.4919 0.9837011 294.9472 0.5650329
Jun 16th 22:31:46.076 UTC 3 11 1 505 498 1339.346 2328.649 0 195.2446 9.173233 0 0 74 0 0 0 0 NaN 0 NaN
Jun 16th 22:31:38.539 UTC 2 15 40 742 736 2513.953 3190.917 0 353.2893 182.3675 0 0 57 0 0 2605 511.8965 0.9825268 294.8232 0.5658795
Jun 16th 22:30:46.077 UTC 3 10 0 504 498 1337.806 2328.649 0 195.3801 9.186823 0 0 74 0 0 0 0 NaN 0 NaN
Jun 16th 22:30:38.539 UTC 2 14 39 741 735 2511.253 3188.434 0 353.3019 181.8135 0 0 57 0 0 2600 510.3674 0.9814757 293.2941 0.5640272
Jun 16th 22:29:46.077 UTC 3 10 1 500 496 1323.771 2319.066 0 195.3653 9.188527 0 0 74 0 0 0 0 NaN 0 NaN
Jun 16th 22:29:38.549 UTC 2 15 39 738 732 2501.785 3177.575 0 353.352 181.8214 0 0 57 0 0 2590 508.5359 0.9817296 291.4627 0.5626693
Jun 16th 22:28:46.076 UTC 3 9 0 499 494 1322.871 2316.086 0 195.617 9.231781 0 0 74 0 0 0 0 NaN 0 NaN
Jun 16th 22:28:38.540 UTC 2 15 39 735 730 2492.846 3167.957 0 353.7964 182.2119 0 0 57 0 0 2590 508.5359 0.9817296 291.4627 0.5626693
Jun 16th 22:27:46.066 UTC 3 8 0 497 493 1310.159 2311.063 0 195.8437 9.2397 0 0 74 0 0 0 0 NaN 0 NaN
Jun 16th 22:27:38.540 UTC 2 15 37 733 729 2485.027 3161.575 0 354.4287 182.4247 0 0 57 0 0 2590 508.5359 0.9817296 291.4627 0.5626693
Jun 16th 22:26:46.088 UTC 3 8 0 495 492 1306.794 2307.527 0 195.8529 9.257652 0 0 74 0 0 0 0 NaN 0 NaN
Jun 16th 22:26:38.550 UTC 2 15 38 733 723 2485.027 3135.548 0 354.4287 183.5702 0 0 57 0 0 2590 508.5359 0.9817296 291.4627 0.5626693
Jun 16th 22:25:45.147 UTC 3 7 0 495 492 1306.794 2307.527 0 195.8529 9.263692 0 0 73 0 0 0 0 NaN 0 NaN
Jun 16th 22:25:38.540 UTC 2 15 39 730 720 2473.436 3126.632 0 354.5182 184.1214 0 0 57 0 0 2585 506.9382 0.9805381 291.5 0.5638297
Jun 16th 22:24:45.137 UTC 3 6 0 495 490 1306.794 2300.303 0 195.8529 9.303254 0 0 73 0 0 0 0 NaN 0 NaN
Jun 16th 22:24:38.541 UTC 2 15 39 728 717 2456.258 3114.805 0 355.0721 184.4586 0 0 57 0 0 2585 506.9382 0.9805381 291.5 0.5638297
Jun 16th 22:23:45.157 UTC 3 7 0 492 489 1300.089 2297.255 0 195.6902 9.303254 0 0 73 0 0 0 0 NaN 0 NaN
Jun 16th 22:23:38.550 UTC 2 15 41 724 715 2445.499 3104.868 0 355.4405 184.9013 0 0 57 0 0 2560 500.4755 0.9774912 287.9042 0.562313
Jun 16th 22:22:45.147 UTC 3 7 0 492 489 1300.089 2297.255 0 195.6902 9.303254 0 0 73 0 0 0 0 NaN 0 NaN
Jun 16th 22:22:38.541 UTC 2 15 37 721 715 2429.029 3104.868 0 356.2146 184.9013 0 0 57 0 0 2550 498.8383 0.9781142 286.267 0.5613078
Jun 16th 22:21:45.148 UTC 3 6 0 489 488 1294.337 2293.895 0 196.0338 9.32329 0 0 73 0 0 0 0 NaN 0 NaN
Jun 16th 22:21:38.539 UTC 2 14 38 719 712 2423.779 3095.914 0 356.6563 184.5008 0 0 57 0 0 2550 498.8383 0.9781142 286.267 0.5613078
Jun 16th 22:20:44.313 UTC 3 8 0 489 485 1294.337 2276.248 0 196.0338 9.328997 0 0 72 0 0 0 0 NaN 0 NaN
Jun 16th 22:20:37.509 UTC 2 14 38 716 709 2415.606 3083.156 0 356.9046 185.166 0 0 56 0 0 2550 498.8383 0.9781142 286.267 0.5613078
Jun 16th 22:19:44.318 UTC 3 9 1 487 482 1290.901 2255.748 0 196.3906 9.342537 0 0 72 0 0 0 0 NaN 0 NaN
Jun 16th 22:19:37.520 UTC 2 15 38 712 705 2398.735 3056.488 0 357.7688 185.6215 0 0 56 0 0 2550 498.8383 0.9781142 286.267 0.5613078
Jun 16th 22:18:43.556 UTC 3 7 1 487 481 1290.901 2254.813 0 196.3906 9.360816 0 0 71 0 0 0 0 NaN 0 NaN
Jun 16th 22:18:37.509 UTC 2 15 41 712 701 2398.735 3037.312 0 357.7688 186.2403 0 0 56 0 0 2545 497.3472 0.9771065 284.93 0.5597838
Jun 16th 22:17:43.566 UTC 3 9 0 486 478 1284.928 2240.424 0 196.7186 9.376431 0 0 71 0 0 0 0 NaN 0 NaN
Jun 16th 22:17:37.519 UTC 2 15 39 709 700 2384.088 3033.993 0 358.4588 186.4884 0 0 56 0 0 2535 494.9005 0.9761351 283.8333 0.5598289
Jun 16th 22:16:43.566 UTC 3 10 0 486 476 1284.928 2232.931 0 196.7186 9.387984 0 0 71 0 0 0 0 NaN 0 NaN
Jun 16th 22:16:37.509 UTC 2 15 40 708 698 2379.565 3027.518 0 358.7044 186.9544 0 0 56 0 0 2520 491.4474 0.975094 281.5801 0.5586907
Jun 16th 22:15:43.557 UTC 3 12 0 484 474 1280.373 2228.345 0 196.2255 9.387984 0 0 71 0 0 0 0 NaN 0 NaN
Jun 16th 22:15:37.509 UTC 2 15 39 706 697 2377.255 3022.081 0 354.3494 187.1596 0 0 56 0 0 2500 487.1903 0.9743806 277.868 0.555736
Jun 16th 22:14:43.555 UTC 3 12 0 477 473 1258.46 2226.373 0 195.1229 9.391358 0 0 71 0 0 0 0 NaN 0 NaN
Jun 16th 22:14:37.520 UTC 2 14 40 703 695 2368.063 3009.201 0 352.9527 187.711 0 0 56 0 0 2490 485.2966 0.9744912 275.9743 0.5541653
Jun 16th 22:13:43.566 UTC 3 14 0 475 471 1255.835 2220.064 0 195.3417 9.391358 0 0 71 0 0 0 0 NaN 0 NaN
Jun 16th 22:13:37.521 UTC 2 15 39 698 693 2352.841 3003.448 0 351.8121 187.9325 0 0 56 0 0 2470 482.1715 0.9760556 272.8492 0.5523263
Jun 16th 22:12:43.565 UTC 3 14 0 473 470 1249.198 2215.715 0 195.8282 9.398849 0 0 71 0 0 0 0 NaN 0 NaN
Jun 16th 22:12:37.509 UTC 2 15 38 697 690 2351.071 2989.26 0 352.1838 182.086 0 0 56 0 0 2470 482.1715 0.9760556 272.8492 0.5523263
Jun 16th 22:11:43.555 UTC 3 11 1 472 469 1247.998 2211.554 0 195.6754 9.449874 0 0 71 0 0 0 0 NaN 0 NaN
Jun 16th 22:11:37.510 UTC 2 15 38 694 688 2340.016 2979.97 0 352.9004 182.2773 0 0 56 0 0 2470 482.1715 0.9760556 272.8492 0.5523263
Jun 16th 22:10:43.556 UTC 3 15 2 471 460 1246.788 2150.562 0 195.6529 8.484256 0 0 71 0 0 0 0 NaN 0 NaN
Jun 16th 22:10:37.519 UTC 2 13 39 693 687 2337.706 2974.44 0 353.0557 182.7705 0 0 56 0 0 2470 482.1715 0.9760556 272.8492 0.5523263
Jun 16th 22:09:43.555 UTC 3 14 3 470 459 1245.448 2147.345 0 195.6613 8.334823 0 0 71 0 0 0 0 NaN 0 NaN
Jun 16th 22:09:37.520 UTC 2 15 39 691 683 2333.183 2954.167 0 353.1526 183.2301 0 0 56 0 0 2455 479.3743 0.9763224 270.142 0.5501873
Jun 16th 22:08:43.566 UTC 3 15 3 468 458 1240.265 2142.418 0 195.4646 8.334823 0 0 71 0 0 0 0 NaN 0 NaN
Jun 16th 22:08:37.509 UTC 2 15 37 689 681 2327.513 2952.051 0 353.6343 183.7354 0 0 56 0 0 2450 478.8105 0.9771643 269.5782 0.5501597
Jun 16th 22:07:43.565 UTC 3 15 2 467 456 1236.587 2128.611 0 195.5316 8.273492 0 0 71 0 0 0 0 NaN 0 NaN
Jun 16th 22:07:37.509 UTC 2 15 39 686 677 2318.461 2931.935 0 354.7204 182.8127 0 0 56 0 0 2445 478.25 0.9780163 269.0177 0.5501385
Jun 16th 22:06:43.555 UTC 3 15 2 465 454 1228.689 2120.014 0 195.4013 7.859637 0 0 71 0 0 0 0 NaN 0 NaN
Jun 16th 22:06:37.519 UTC 2 15 39 684 675 2312.371 2923.472 0 355.0828 183.3154 0 0 56 0 0 2440 477.7103 0.9789146 268.4781 0.5501599
Jun 16th 22:05:43.555 UTC 3 15 2 460 452 1207.755 2112.578 0 194.9644 7.845055 0 0 71 0 0 0 0 NaN 0 NaN
Jun 16th 22:05:37.510 UTC 2 14 39 680 673 2297.15 2916.627 0 355.6472 184.0423 0 0 56 0 0 2440 477.7103 0.9789146 268.4781 0.5501599
Jun 16th 22:04:43.568 UTC 3 15 3 459 450 1203.773 2106.164 0 194.7074 7.634287 0 0 71 0 0 0 0 NaN 0 NaN
Jun 16th 22:04:35.430 UTC 2 15 40 679 671 2294.495 2905.56 0 355.8891 184.2189 0 0 54 0 0 2430 475.3798 0.9781477 266.5525 0.5484619
Jun 16th 22:03:43.557 UTC 3 14 1 455 450 1197.028 2106.164 0 193.1223 7.625177 0 0 71 0 0 0 0 NaN 0 NaN
Jun 16th 22:03:35.431 UTC 2 15 39 675 670 2283.943 2900.662 0 356.7519 184.4662 0 0 54 0 0 2425 474.8166 0.9790033 265.9893 0.5484316
Jun 16th 22:02:43.556 UTC 3 14 0 454 449 1190.987 2101.694 0 192.9899 7.628982 0 0 71 0 0 0 0 NaN 0 NaN
Jun 16th 22:02:35.422 UTC 2 15 40 674 666 2279.96 2881.827 0 356.8594 185.2597 0 0 54 0 0 2420 473.9384 0.9792116 265.1111 0.5477503
Jun 16th 22:01:43.566 UTC 3 12 0 450 448 1181.867 2093.971 0 192.4661 7.640527 0 0 71 0 0 0 0 NaN 0 NaN
Jun 16th 22:01:35.432 UTC 2 15 40 672 665 2273.795 2875.452 0 357.1588 185.5044 0 0 54 0 0 2415 473.1064 0.9795164 264.2791 0.5471618
Jun 16th 22:00:43.565 UTC 3 12 0 450 446 1181.867 2084.602 0 192.4661 7.646032 0 0 71 0 0 0 0 NaN 0 NaN
Jun 16th 22:00:35.432 UTC 2 15 40 669 662 2266.055 2859.809 0 357.6573 186.1942 0 0 54 0 0 2410 472.3246 0.9799265 263.4973 0.5466748
Jun 16th 21:59:43.567 UTC 3 12 0 449 445 1180.327 2081.807 0 192.4924 7.643275 0 0 71 0 0 0 0 NaN 0 NaN
Jun 16th 21:59:35.431 UTC 2 15 39 668 660 2263.603 2849.457 0 357.9391 186.6721 0 0 54 0 0 2405 471.7747 0.9808205 262.9474 0.5466682
Jun 16th 21:58:43.556 UTC 3 11 1 449 443 1180.327 2074.429 0 192.4924 7.646157 0 0 71 0 0 0 0 NaN 0 NaN
Jun 16th 21:58:35.433 UTC 2 15 39 667 657 2261.151 2841.386 0 358.1132 187.2532 0 0 54 0 0 2405 471.7747 0.9808205 262.9474 0.5466682
Jun 16th 21:57:43.556 UTC 3 14 0 448 439 1171.957 2059.297 0 192.5304 7.65894 0 0 71 0 0 0 0 NaN 0 NaN
Jun 16th 21:57:35.422 UTC 2 14 37 663 656 2243.263 2835.553 0 357.1125 187.735 0 0 54 0 0 2405 471.7747 0.9808205 262.9474 0.5466682
Jun 16th 21:56:43.567 UTC 3 12 1 443 437 1159.804 2052.985 0 192.9349 7.663858 0 0 71 0 0 0 0 NaN 0 NaN
Jun 16th 21:56:35.422 UTC 2 15 40 660 651 2236.758 2820.743 0 357.6825 188.5345 0 0 54 0 0 2400 470.6221 0.9804628 262.1548 0.5461559
Jun 16th 21:55:43.567 UTC 3 13 1 442 434 1154.824 2042.077 0 193.1986 7.678691 0 0 71 0 0 0 0 NaN 0 NaN
Jun 16th 21:55:35.424 UTC 2 15 39 658 650 2231.748 2816.074 0 358.157 188.737 0 0 54 0 0 2395 469.4746 0.980114 261.3673 0.545652
Jun 16th 21:54:43.556 UTC 3 12 0 438 433 1139.235 2036.62 0 193.7621 7.680109 0 0 71 0 0 0 0 NaN 0 NaN
Jun 16th 21:54:35.433 UTC 2 15 37 653 649 2221.541 2812.669 0 353.1816 189.0124 0 0 54 0 0 2395 469.4746 0.980114 261.3673 0.545652
Jun 16th 21:53:43.556 UTC 3 12 0 437 431 1135.77 2024.558 0 193.8926 7.695035 0 0 71 0 0 0 0 NaN 0 NaN
Jun 16th 21:53:35.423 UTC 2 15 37 652 645 2218.885 2796.13 0 353.3706 184.1451 0 0 54 0 0 2395 469.4746 0.980114 261.3673 0.545652
Jun 16th 21:52:43.566 UTC 3 10 0 436 431 1133.76 2024.558 0 193.9866 7.691953 0 0 71 0 0 0 0 NaN 0 NaN
Jun 16th 21:52:35.422 UTC 2 15 39 651 641 2216.433 2779.421 0 353.5319 182.4913 0 0 54 0 0 2390 468.314 0.9797363 260.4467 0.5448675
Jun 16th 21:51:42.800 UTC 3 8 0 434 430 1130.88 2017.451 0 193.5919 7.719408 0 0 70 0 0 0 0 NaN 0 NaN
Jun 16th 21:51:35.433 UTC 2 14 39 648 640 2200.087 2776.393 0 354.4176 182.9306 0 0 54 0 0 2390 468.314 0.9797363 260.4467 0.5448675
Jun 16th 21:50:42.800 UTC 3 7 0 433 430 1127.202 2017.451 0 193.5469 7.736581 0 0 70 0 0 0 0 NaN 0 NaN
Jun 16th 21:50:34.308 UTC 2 15 41 647 637 2198.247 2764.234 0 354.4988 183.3418 0 0 53 0 0 2375 465.1634 0.9792914 257.4052 0.5419056
Jun 16th 21:49:42.813 UTC 3 8 0 432 429 1123.523 2010.622 0 193.5 7.736581 0 0 70 0 0 0 0 NaN 0 NaN
Jun 16th 21:49:33.101 UTC 2 13 39 640 636 2179.901 2759.61 0 354.3943 184.1453 0 0 52 0 0 2375 465.1634 0.9792914 257.4052 0.5419056
Jun 16th 21:48:42.802 UTC 3 9 0 431 427 1120.823 2000.235 0 193.2543 7.748732 0 0 70 0 0 0 0 NaN 0 NaN
Jun 16th 21:48:33.113 UTC 2 15 37 639 632 2177.216 2744.507 0 354.5428 184.5619 0 0 52 0 0 2375 465.1634 0.9792914 257.4052 0.5419056
Jun 16th 21:47:42.802 UTC 3 10 0 431 425 1120.823 1987.503 0 193.2543 7.751704 0 0 70 0 0 0 0 NaN 0 NaN
Jun 16th 21:47:33.103 UTC 2 15 37 637 628 2173.166 2723.056 0 354.9541 183.543 0 0 52 0 0 2375 465.1634 0.9792914 257.4052 0.5419056
Jun 16th 21:46:42.793 UTC 3 12 1 430 420 1119.023 1963.748 0 193.0468 7.78436 0 0 70 0 0 0 0 NaN 0 NaN
Jun 16th 21:46:32.072 UTC 2 14 39 636 625 2168.643 2711.466 0 355.0909 184.0026 0 0 51 0 0 2375 465.1634 0.9792914 257.4052 0.5419056
Jun 16th 21:45:42.812 UTC 3 12 0 427 420 1115.023 1963.748 0 193.2576 7.78436 0 0 70 0 0 0 0 NaN 0 NaN
Jun 16th 21:45:31.072 UTC 2 15 38 632 624 2155.156 2707.988 0 345.0346 184.0026 0 0 50 0 0 2355 461.7609 0.9803841 254.0027 0.5392838
Jun 16th 21:44:40.015 UTC 3 14 2 425 416 1108.273 1944.474 0 193.2556 7.722586 0 0 67 0 0 0 0 NaN 0 NaN
Jun 16th 21:44:31.061 UTC 2 15 38 631 622 2154.448 2698.865 0 341.6066 184.5164 0 0 50 0 0 2355 461.7609 0.9803841 254.0027 0.5392838
Jun 16th 21:43:40.025 UTC 3 15 0 423 415 1103.138 1938.624 0 193.3924 7.722586 0 0 67 0 0 0 0 NaN 0 NaN
Jun 16th 21:43:31.071 UTC 2 14 37 625 621 2140.194 2691.902 0 331.2156 181.2664 0 0 50 0 0 2355 461.7609 0.9803841 254.0027 0.5392838
Jun 16th 21:42:40.025 UTC 3 13 0 422 414 1100.438 1930.123 0 193.4001 7.743857 0 0 67 0 0 0 0 NaN 0 NaN
Jun 16th 21:42:31.071 UTC 2 14 37 623 618 2131.565 2675.25 0 331.6313 172.8365 0 0 50 0 0 2355 461.7609 0.9803841 254.0027 0.5392838
Jun 16th 21:41:40.014 UTC 3 13 1 419 413 1095.983 1923.368 0 193.5977 7.753207 0 0 67 0 0 0 0 NaN 0 NaN
Jun 16th 21:41:28.979 UTC 2 13 38 623 616 2131.565 2666.385 0 331.6313 160.1829 0 0 48 0 0 2355 461.7609 0.9803841 254.0027 0.5392838
Jun 16th 21:40:40.025 UTC 3 11 0 418 412 1092.358 1917.072 0 193.1573 7.762529 0 0 67 0 0 0 0 NaN 0 NaN
Jun 16th 21:40:28.979 UTC 2 14 37 623 613 2131.565 2653.816 0 331.6313 160.6576 0 0 48 0 0 2355 461.7609 0.9803841 254.0027 0.5392838
Jun 16th 21:39:40.025 UTC 3 12 1 416 408 1090.858 1902.006 0 192.5684 7.793757 0 0 67 0 0 0 0 NaN 0 NaN
Jun 16th 21:39:28.103 UTC 2 15 41 620 608 2119.463 2636.21 0 331.8641 161.3369 0 0 47 0 0 2350 460.8683 0.980571 253.1101 0.5385321
Jun 16th 21:38:40.025 UTC 3 13 0 415 406 1085.661 1893.445 0 192.3038 7.789307 0 0 67 0 0 0 0 NaN 0 NaN
Jun 16th 21:38:28.101 UTC 2 15 39 615 607 2109.135 2634.449 0 330.5511 161.4518 0 0 47 0 0 2340 459.2826 0.981373 251.6143 0.5376374
Jun 16th 21:37:40.014 UTC 3 14 1 414 404 1083.636 1881.612 0 192.6218 7.792048 0 0 67 0 0 0 0 NaN 0 NaN
Jun 16th 21:37:28.113 UTC 2 15 35 611 607 2092.475 2634.449 0 331.6212 161.4518 0 0 47 0 0 2340 459.2826 0.981373 251.6143 0.5376374
Jun 16th 21:36:40.025 UTC 3 14 0 410 404 1075.981 1881.612 0 191.9591 7.792048 0 0 67 0 0 0 0 NaN 0 NaN
Jun 16th 21:36:26.123 UTC 2 15 34 608 605 2081.166 2631.296 0 329.6409 161.3069 0 0 45 0 0 2340 459.2826 0.981373 251.6143 0.5376374
Jun 16th 21:35:40.025 UTC 3 15 0 406 402 1063.988 1874.789 0 191.7199 7.79969 0 0 67 0 0 0 0 NaN 0 NaN
Jun 16th 21:35:25.112 UTC 2 14 35 607 601 2075.969 2609.242 0 330.1208 159.2638 0 0 44 0 0 2340 459.2826 0.981373 251.6143 0.5376374
Jun 16th 21:34:40.015 UTC 3 15 1 406 399 1063.988 1861.856 0 191.7199 7.677673 0 0 67 0 0 0 0 NaN 0 NaN
Jun 16th 21:34:25.114 UTC 2 15 36 605 596 2066.668 2584.587 0 330.537 158.9408 0 0 44 0 0 2340 459.2826 0.981373 251.6143 0.5376374
Jun 16th 21:33:40.025 UTC 3 12 0 404 399 1054.268 1861.856 0 191.9087 7.690092 0 0 67 0 0 0 0 NaN 0 NaN
Jun 16th 21:33:25.102 UTC 2 15 39 605 592 2066.668 2568.194 0 330.537 159.5459 0 0 44 0 0 2340 459.2826 0.981373 251.6143 0.5376374
Jun 16th 21:32:40.025 UTC 3 11 0 403 397 1050.589 1852.151 0 192.1604 7.722261 0 0 67 0 0 0 0 NaN 0 NaN
Jun 16th 21:32:25.103 UTC 2 15 41 603 591 2061.26 2563.73 0 329.8596 159.7318 0 0 44 0 0 2320 454.6243 0.9797937 247.9371 0.5343471
Jun 16th 21:31:40.025 UTC 3 11 0 400 395 1043.654 1843.271 0 192.1337 7.715296 0 0 67 0 0 0 0 NaN 0 NaN
Jun 16th 21:31:25.113 UTC 2 15 40 598 591 2047.105 2563.73 0 329.799 159.7318 0 0 44 0 0 2310 452.9015 0.9803063 246.3343 0.5331911
Jun 16th 21:30:40.025 UTC 3 10 0 399 395 1042.019 1843.271 0 192.3763 7.727696 0 0 67 0 0 0 0 NaN 0 NaN
Jun 16th 21:30:25.102 UTC 2 14 40 594 589 2029.962 2559.977 0 329.0623 160.4559 0 0 44 0 0 2300 451.6001 0.9817393 245.1129 0.5328541
Jun 16th 21:29:40.025 UTC 3 10 0 397 393 1037.932 1832.874 0 192.2673 7.738053 0 0 67 0 0 0 0 NaN 0 NaN
Jun 16th 21:29:25.101 UTC 2 14 38 591 588 2015.326 2554.22 0 329.541 159.4934 0 0 44 0 0 2300 451.6001 0.9817393 245.1129 0.5328541
Jun 16th 21:28:40.024 UTC 3 9 0 397 391 1037.932 1822.219 0 192.2673 7.753577 0 0 67 0 0 0 0 NaN 0 NaN
Jun 16th 21:28:25.112 UTC 2 14 38 589 585 2010.796 2535.693 0 330.1033 158.6586 0 0 44 0 0 2300 451.6001 0.9817393 245.1129 0.5328541
Jun 16th 21:27:40.015 UTC 3 9 0 395 389 1024.887 1811.583 0 191.9239 7.761564 0 0 67 0 0 0 0 NaN 0 NaN
Jun 16th 21:27:25.112 UTC 2 15 37 589 581 2010.796 2519.616 0 330.1033 159.4277 0 0 44 0 0 2300 451.6001 0.9817393 245.1129 0.5328541
Jun 16th 21:26:39.004 UTC 3 10 0 393 388 1014.779 1807.259 0 192.1767 7.761564 0 0 66 0 0 0 0 NaN 0 NaN
Jun 16th 21:26:25.111 UTC 2 14 39 589 576 2010.796 2500.855 0 330.1033 159.5386 0 0 44 0 0 2300 451.6001 0.9817393 245.1129 0.5328541
Jun 16th 21:25:38.994 UTC 3 9 0 392 388 1009.582 1807.259 0 192.1216 7.772018 0 0 66 0 0 0 0 NaN 0 NaN
Jun 16th 21:25:24.070 UTC 2 15 40 586 574 2004.181 2490.867 0 328.9314 159.6603 0 0 43 0 0 2280 447.0291 0.980327 243.6219 0.5342586
Jun 16th 21:24:38.994 UTC 3 8 0 391 388 1005.498 1807.259 0 192.1804 7.774868 0 0 66 0 0 0 0 NaN 0 NaN
Jun 16th 21:24:24.090 UTC 2 15 37 579 574 1974.641 2490.867 0 330.1333 159.6603 0 0 43 0 0 2275 446.4659 0.9812438 243.0587 0.534195
Jun 16th 21:23:39.004 UTC 3 6 1 390 388 1001.516 1807.259 0 192.2328 7.793008 0 0 66 0 0 0 0 NaN 0 NaN
Jun 16th 21:23:22.988 UTC 2 15 37 579 572 1974.641 2481.871 0 330.1333 160.048 0 0 42 0 0 2275 446.4659 0.9812438 243.0587 0.534195
Jun 16th 21:22:38.993 UTC 3 8 0 388 385 998.2456 1796.485 0 191.6736 7.793195 0 0 66 0 0 0 0 NaN 0 NaN
Jun 16th 21:22:22.989 UTC 2 14 36 575 570 1957.383 2474.092 0 329.9698 158.8213 0 0 42 0 0 2275 446.4659 0.9812438 243.0587 0.534195
Jun 16th 21:21:37.994 UTC 3 8 0 387 383 995.5456 1781.548 0 192.0279 7.816531 0 0 65 0 0 0 0 NaN 0 NaN
Jun 16th 21:21:21.736 UTC 2 14 39 573 565 1952.888 2453.164 0 329.1174 159.3805 0 0 41 0 0 2275 446.4659 0.9812438 243.0587 0.534195
Jun 16th 21:20:37.984 UTC 3 7 0 387 382 995.5456 1778.162 0 192.0279 7.831037 0 0 65 0 0 0 0 NaN 0 NaN
Jun 16th 21:20:21.724 UTC 2 15 40 573 562 1952.888 2439.008 0 329.1174 159.7861 0 0 41 0 0 2260 442.0958 0.978088 241.8636 0.5350964
Jun 16th 21:19:36.872 UTC 3 7 0 386 382 994.6456 1778.162 0 192.05 7.831037 0 0 64 0 0 0 0 NaN 0 NaN
Jun 16th 21:19:21.724 UTC 2 15 40 570 562 1939.827 2439.008 0 328.9689 159.7861 0 0 41 0 0 2240 437.8414 0.9773245 238.8412 0.5331277
Jun 16th 21:18:36.873 UTC 3 7 0 385 381 988.6718 1770.736 0 192.0215 7.848958 0 0 64 0 0 0 0 NaN 0 NaN
Jun 16th 21:18:21.724 UTC 2 15 38 567 560 1930.692 2429.279 0 328.4138 160.3232 0 0 41 0 0 2240 437.8414 0.9773245 238.8412 0.5331277
Jun 16th 21:17:34.749 UTC 3 11 0 383 377 985.4968 1754.2 0 191.9743 7.848958 0 0 62 0 0 0 0 NaN 0 NaN
Jun 16th 21:17:21.723 UTC 2 13 37 563 559 1918.348 2424.339 0 327.5526 159.9916 0 0 41 0 0 2240 437.8414 0.9773245 238.8412 0.5331277
Jun 16th 21:16:34.739 UTC 3 10 0 383 376 985.4968 1749.761 0 191.9743 7.867058 0 0 62 0 0 0 0 NaN 0 NaN
Jun 16th 21:16:20.540 UTC 2 15 39 562 554 1915.648 2408.224 0 327.4032 158.5494 0 0 40 0 0 2235 436.5734 0.9766743 237.5732 0.5314837
Jun 16th 21:15:33.819 UTC 3 8 0 380 376 979.1443 1749.761 0 191.9702 7.876882 0 0 61 0 0 0 0 NaN 0 NaN
Jun 16th 21:15:20.539 UTC 2 15 39 560 553 1909.01 2402.48 0 328.0106 158.7813 0 0 40 0 0 2225 433.8559 0.9749571 236.4908 0.5314399
Jun 16th 21:14:33.810 UTC 3 8 1 379 375 975.1619 1747.288 0 192.064 7.889618 0 0 61 0 0 0 0 NaN 0 NaN
Jun 16th 21:14:20.550 UTC 2 14 39 557 549 1899.448 2386.891 0 327.472 156.9244 0 0 40 0 0 2225 433.8559 0.9749571 236.4908 0.5314399
Jun 16th 21:13:33.821 UTC 3 8 0 378 374 973.5269 1745.67 0 191.7951 7.889367 0 0 61 0 0 0 0 NaN 0 NaN
Jun 16th 21:13:20.529 UTC 2 15 39 555 546 1892.45 2368.379 0 327.814 157.4025 0 0 40 0 0 2215 431.7915 0.9746986 234.4263 0.529179
Jun 16th 21:12:33.820 UTC 3 8 0 375 372 967.8481 1736.54 0 191.8531 7.899368 0 0 61 0 0 0 0 NaN 0 NaN
Jun 16th 21:12:20.550 UTC 2 14 36 552 546 1872.797 2368.379 0 328.6565 156.9463 0 0 40 0 0 2215 431.7915 0.9746986 234.4263 0.529179
Jun 16th 21:11:32.699 UTC 3 9 1 374 370 966.6481 1725.301 0 192.1696 7.896737 0 0 60 0 0 0 0 NaN 0 NaN
Jun 16th 21:11:20.540 UTC 2 15 38 550 540 1864.978 2336.989 0 328.6143 157.3812 0 0 40 0 0 2215 431.7915 0.9746986 234.4263 0.529179
Jun 16th 21:10:32.711 UTC 3 9 1 374 368 966.6481 1714.202 0 192.1696 7.902157 0 0 60 0 0 0 0 NaN 0 NaN
Jun 16th 21:10:20.539 UTC 2 15 40 549 538 1853.773 2324.961 0 328.7973 157.6236 0 0 40 0 0 2200 427.7346 0.9721242 232.0044 0.5272828
Jun 16th 21:09:32.708 UTC 3 11 0 372 365 963.048 1701.977 0 192.6046 7.910174 0 0 60 0 0 0 0 NaN 0 NaN
Jun 16th 21:09:20.530 UTC 2 15 39 545 537 1835.946 2319.54 0 329.2414 157.8514 0 0 40 0 0 2185 424.1288 0.9705464 231.2101 0.5290849
Jun 16th 21:08:31.810 UTC 3 10 0 370 364 959.2455 1693.677 0 192.5674 7.939576 0 0 59 0 0 0 0 NaN 0 NaN
Jun 16th 21:08:20.550 UTC 2 15 39 545 535 1835.946 2311.511 0 329.2414 157.7659 0 0 40 0 0 2185 424.1288 0.9705464 231.2101 0.5290849
Jun 16th 21:07:31.810 UTC 3 8 0 369 364 958.0455 1693.677 0 192.8413 7.947392 0 0 59 0 0 0 0 NaN 0 NaN
Jun 16th 21:07:20.540 UTC 2 15 42 541 532 1822.603 2294.256 0 326.1899 158.228 0 0 40 0 0 2165 419.9563 0.969876 227.0376 0.5243363
Jun 16th 21:06:30.830 UTC 3 9 0 367 363 952.2705 1685.055 0 192.6664 7.947392 0 0 58 0 0 0 0 NaN 0 NaN
Jun 16th 21:06:20.540 UTC 2 14 40 538 532 1816.317 2294.256 0 325.4633 158.4815 0 0 40 0 0 2145 415.7111 0.9690236 222.7924 0.5193297
Jun 16th 21:05:30.821 UTC 3 9 0 366 361 950.7305 1679.429 0 192.521 7.957844 0 0 58 0 0 0 0 NaN 0 NaN
Jun 16th 21:05:20.550 UTC 2 15 40 536 529 1813.864 2281.23 0 321.5196 158.7558 0 0 40 0 0 2135 414.1201 0.9698364 221.3104 0.5182914
Jun 16th 21:04:30.834 UTC 3 10 0 364 359 945.8175 1667.57 0 192.3673 7.976626 0 0 58 0 0 0 0 NaN 0 NaN
Jun 16th 21:04:20.541 UTC 2 15 37 536 529 1813.864 2281.23 0 321.5196 158.7558 0 0 40 0 0 2130 413.571 0.9708238 220.7612 0.5182189
Jun 16th 21:03:30.831 UTC 3 12 0 364 355 945.8175 1650.032 0 192.3673 7.970937 0 0 58 0 0 0 0 NaN 0 NaN
Jun 16th 21:03:20.541 UTC 2 15 35 531 527 1801.133 2270.849 0 316.7806 155.2259 0 0 40 0 0 2130 413.571 0.9708238 220.7612 0.5182189
Jun 16th 21:02:30.821 UTC 3 12 0 361 354 931.5975 1647.453 0 192.4671 7.979001 0 0 58 0 0 0 0 NaN 0 NaN
Jun 16th 21:02:20.530 UTC 2 14 35 530 524 1799.513 2259.572 0 315.4332 155.4795 0 0 40 0 0 2130 413.571 0.9708238 220.7612 0.5182189
Jun 16th 21:01:29.911 UTC 3 11 0 359 353 927.4875 1640.545 0 192.6861 8.000405 0 0 57 0 0 0 0 NaN 0 NaN
Jun 16th 21:01:20.541 UTC 2 15 35 529 521 1797.488 2245.292 0 315.9012 153.8531 0 0 40 0 0 2130 413.571 0.9708238 220.7612 0.5182189
Jun 16th 21:00:27.425 UTC 3 10 1 357 353 921.1087 1640.545 0 192.5055 8.015738 0 0 54 0 0 0 0 NaN 0 NaN
Jun 16th 21:00:18.061 UTC 2 14 38 526 519 1786.811 2238.428 0 316.5376 148.9112 0 0 38 0 0 2130 413.571 0.9708238 220.7612 0.5182189
Jun 16th 20:59:27.434 UTC 3 9 1 355 353 918.8187 1640.545 0 192.2198 8.032205 0 0 54 0 0 0 0 NaN 0 NaN
Jun 16th 20:59:17.081 UTC 2 15 40 525 513 1785.011 2218.789 0 316.9127 146.6919 0 0 37 0 0 2130 413.571 0.9708238 220.7612 0.5182189
Jun 16th 20:58:27.424 UTC 3 8 0 354 351 917.7286 1629.845 0 191.8535 8.05135 0 0 54 0 0 0 0 NaN 0 NaN
Jun 16th 20:58:17.101 UTC 2 14 40 521 512 1774.549 2215.63 0 317.3431 146.9118 0 0 37 0 0 2125 412.7202 0.9711062 219.9105 0.5174364
Jun 16th 20:57:26.406 UTC 3 9 1 354 349 917.7286 1617.352 0 191.8535 8.067833 0 0 53 0 0 0 0 NaN 0 NaN
Jun 16th 20:57:17.090 UTC 2 15 39 516 509 1758.561 2201.577 0 317.9381 146.6735 0 0 37 0 0 2125 412.7202 0.9711062 219.9105 0.5174364
Jun 16th 20:56:25.598 UTC 3 11 0 353 346 916.6386 1597.994 0 191.6082 8.081938 0 0 52 0 0 0 0 NaN 0 NaN
Jun 16th 20:56:17.091 UTC 2 15 40 515 506 1755.861 2193.465 0 318.0443 147.4172 0 0 37 0 0 2115 411.124 0.9719243 218.3143 0.5161095
Jun 16th 20:55:25.588 UTC 3 14 0 352 343 915.8386 1578.634 0 191.6139 8.081938 0 0 52 0 0 0 0 NaN 0 NaN
Jun 16th 20:55:17.080 UTC 2 15 40 513 504 1751.344 2183.911 0 318.0705 147.5388 0 0 37 0 0 2100 409.1389 0.9741403 216.3293 0.5150697
Jun 16th 20:54:25.597 UTC 3 12 0 351 343 913.5286 1578.634 0 191.6487 8.103381 0 0 52 0 0 0 0 NaN 0 NaN
Jun 16th 20:54:17.083 UTC 2 15 38 509 502 1740.129 2178.068 0 318.5228 148.0577 0 0 37 0 0 2100 409.1389 0.9741403 216.3293 0.5150697
Jun 16th 20:53:24.494 UTC 3 12 0 350 343 912.4386 1578.634 0 191.5 8.103381 0 0 51 0 0 0 0 NaN 0 NaN
Jun 16th 20:53:17.101 UTC 2 15 37 506 499 1730.879 2168.131 0 318.4083 148.7321 0 0 37 0 0 2100 409.1389 0.9741403 216.3293 0.5150697
Jun 16th 20:52:24.493 UTC 3 11 0 347 341 907.4286 1567.759 0 191.3126 8.125571 0 0 51 0 0 0 0 NaN 0 NaN
Jun 16th 20:52:17.091 UTC 2 14 36 503 498 1722.824 2162.463 0 319.6656 148.9953 0 0 37 0 0 2100 409.1389 0.9741403 216.3293 0.5150697
Jun 16th 20:51:22.607 UTC 3 12 0 346 339 905.1686 1555.061 0 190.9206 8.122571 0 0 49 0 0 0 0 NaN 0 NaN
Jun 16th 20:51:16.020 UTC 2 14 39 500 494 1713.959 2149.884 0 319.8195 148.3035 0 0 36 0 0 2100 409.1389 0.9741403 216.3293 0.5150697
Jun 16th 20:50:22.597 UTC 3 14 1 343 336 899.2661 1540.472 0 190.5183 8.122017 0 0 49 0 0 0 0 NaN 0 NaN
Jun 16th 20:50:16.019 UTC 2 15 42 499 489 1707.749 2135.338 0 320.2793 149.4619 0 0 36 0 0 2080 404.4409 0.9722137 212.8363 0.5116256
Jun 16th 20:49:22.596 UTC 3 14 1 341 334 894.8211 1521.753 0 190.2791 8.066487 0 0 49 0 0 0 0 NaN 0 NaN
Jun 16th 20:49:16.030 UTC 2 14 45 495 486 1688.774 2119.297 0 321.4178 149.0787 0 0 36 0 0 1985 382.0598 0.9623672 196.4551 0.4948491
Jun 16th 20:48:22.606 UTC 3 12 0 340 334 893.7311 1521.753 0 190.5441 8.079646 0 0 49 0 0 0 0 NaN 0 NaN
Jun 16th 20:48:16.020 UTC 2 14 45 494 483 1686.074 2104.139 0 321.4754 149.901 0 0 36 0 0 1885 358.6263 0.9512632 179.0215 0.474858
Jun 16th 20:47:22.606 UTC 3 12 1 339 333 893.1311 1513.778 0 190.6113 8.090631 0 0 49 0 0 0 0 NaN 0 NaN
Jun 16th 20:47:16.019 UTC 2 15 41 489 481 1661.077 2092.96 0 322.4742 150.1814 0 0 36 0 0 1820 343.3854 0.9433666 168.5806 0.4631334
Jun 16th 20:46:21.718 UTC 3 10 1 339 332 893.1311 1510.06 0 190.6113 8.094436 0 0 48 0 0 0 0 NaN 0 NaN
Jun 16th 20:46:16.029 UTC 2 15 40 488 480 1655.879 2086.348 0 322.8165 150.1618 0 0 36 0 0 1815 342.2168 0.9427459 167.4119 0.4611898
Jun 16th 20:45:21.729 UTC 3 10 1 338 331 891.9251 1507.625 0 190.0777 8.105085 0 0 48 0 0 0 0 NaN 0 NaN
Jun 16th 20:45:16.030 UTC 2 14 39 485 479 1645.192 2080.515 0 323.3523 150.4937 0 0 36 0 0 1810 341.3581 0.9429783 166.5532 0.4600918
Jun 16th 20:44:21.708 UTC 3 9 0 337 330 890.8351 1504.45 0 189.6799 8.111965 0 0 48 0 0 0 0 NaN 0 NaN
Jun 16th 20:44:16.020 UTC 2 15 42 483 474 1632.217 2059.01 0 323.6265 151.2065 0 0 36 0 0 1735 323.8453 0.9332717 150.8405 0.4346988
Jun 16th 20:43:21.728 UTC 3 11 0 333 328 880.4813 1496.871 0 188.996 8.111965 0 0 48 0 0 0 0 NaN 0 NaN
Jun 16th 20:43:16.020 UTC 2 15 41 481 473 1625.473 2053.27 0 320.2141 151.5146 0 0 36 0 0 1680 311.0472 0.9257358 143.4425 0.4269122
Jun 16th 20:42:21.718 UTC 3 11 0 332 328 879.3913 1496.871 0 189.1846 8.111965 0 0 48 0 0 0 0 NaN 0 NaN
Jun 16th 20:42:16.030 UTC 2 15 39 480 471 1619.263 2040.515 0 320.7367 151.9247 0 0 36 0 0 1655 305.2493 0.9222032 140.6495 0.4249231
Jun 16th 20:41:20.750 UTC 3 13 1 330 325 871.9713 1487.413 0 188.3298 8.131799 0 0 47 0 0 0 0 NaN 0 NaN
Jun 16th 20:41:16.019 UTC 2 15 38 477 469 1605.463 2035.476 0 321.4341 152.4786 0 0 36 0 0 1650 304.1914 0.9217921 139.5917 0.4230051
Jun 16th 20:40:20.760 UTC 3 12 0 326 323 863.2675 1479.237 0 189.3162 8.179994 0 0 47 0 0 0 0 NaN 0 NaN
Jun 16th 20:40:15.071 UTC 2 15 39 473 467 1589.859 2031.487 0 322.2575 153.0102 0 0 35 0 0 1650 304.1914 0.9217921 139.5917 0.4230051
Jun 16th 20:39:20.762 UTC 3 12 0 326 321 863.2675 1466.588 0 189.3162 8.196306 0 0 47 0 0 0 0 NaN 0 NaN
Jun 16th 20:39:14.081 UTC 2 13 39 471 466 1582.644 2025.59 0 322.5284 150.1594 0 0 34 0 0 1650 304.1914 0.9217921 139.5917 0.4230051
Jun 16th 20:38:20.760 UTC 3 11 1 326 319 863.2675 1456.8 0 189.3162 8.255155 0 0 47 0 0 0 0 NaN 0 NaN
Jun 16th 20:38:14.083 UTC 2 15 39 468 462 1574.129 2004.911 0 321.1452 150.5276 0 0 34 0 0 1650 304.1914 0.9217921 139.5917 0.4230051
Jun 16th 20:37:20.750 UTC 3 12 0 324 317 858.3624 1449.397 0 189.4642 8.260751 0 0 47 0 0 0 0 NaN 0 NaN
Jun 16th 20:37:14.071 UTC 2 14 39 467 459 1572.494 1991.422 0 320.9482 149.1973 0 0 34 0 0 1650 304.1914 0.9217921 139.5917 0.4230051
Jun 16th 20:36:19.861 UTC 3 11 1 322 315 852.0674 1445.523 0 189.7513 8.320352 0 0 46 0 0 0 0 NaN 0 NaN
Jun 16th 20:36:14.071 UTC 2 15 40 467 455 1572.494 1978.76 0 320.9482 149.7632 0 0 34 0 0 1650 304.1914 0.9217921 139.5917 0.4230051
Jun 16th 20:35:19.873 UTC 3 10 0 320 314 847.5974 1439.999 0 189.6987 8.322042 0 0 46 0 0 0 0 NaN 0 NaN
Jun 16th 20:35:14.070 UTC 2 15 40 461 454 1549.424 1972.997 0 319.8894 150.0018 0 0 34 0 0 1640 301.9254 0.9205044 138.2497 0.421493
Jun 16th 20:34:19.872 UTC 3 10 0 317 313 837.3836 1438.598 0 190.069 8.343194 0 0 46 0 0 0 0 NaN 0 NaN
Jun 16th 20:34:14.071 UTC 2 15 40 459 451 1544.932 1956.78 0 317.6009 150.7495 0 0 34 0 0 1630 299.7431 0.9194574 136.0674 0.4173846
Jun 16th 20:33:19.862 UTC 3 10 0 316 311 832.2986 1430.024 0 189.9202 8.348365 0 0 46 0 0 0 0 NaN 0 NaN
Jun 16th 20:33:14.070 UTC 2 15 39 457 450 1537.034 1951.999 0 317.9878 151.0375 0 0 34 0 0 1625 298.9265 0.919774 135.3408 0.4164332
Jun 16th 20:32:19.853 UTC 3 11 0 314 308 828.5535 1417.093 0 190.1222 8.391204 0 0 46 0 0 0 0 NaN 0 NaN
Jun 16th 20:32:14.081 UTC 2 15 37 455 448 1531.829 1940.361 0 318.3417 151.3125 0 0 34 0 0 1625 298.9265 0.919774 135.3408 0.4164332
Jun 16th 20:31:19.210 UTC 3 14 0 311 303 822.2935 1390.518 0 190.6225 8.396743 0 0 45 0 0 0 0 NaN 0 NaN
Jun 16th 20:31:14.071 UTC 2 14 39 453 445 1522.84 1931.203 0 318.7765 146.7413 0 0 34 0 0 1625 298.9265 0.919774 135.3408 0.4164332
Jun 16th 20:30:19.209 UTC 3 14 1 310 300 821.0935 1381.353 0 190.5688 8.395455 0 0 45 0 0 0 0 NaN 0 NaN
Jun 16th 20:30:13.050 UTC 2 15 40 450 443 1516.735 1922.242 0 313.2743 146.8917 0 0 33 0 0 1615 296.191 0.9169999 134.2402 0.4156044
Jun 16th 20:29:19.199 UTC 3 15 0 308 299 808.201 1378.998 0 191.2723 8.395455 0 0 45 0 0 0 0 NaN 0 NaN
Jun 16th 20:29:13.050 UTC 2 15 38 448 440 1510.402 1910.231 0 313.8203 144.0809 0 0 33 0 0 1615 296.191 0.9169999 134.2402 0.4156044
Jun 16th 20:28:19.218 UTC 3 13 0 304 297 800.8659 1369.408 0 191.412 8.437783 0 0 45 0 0 0 0 NaN 0 NaN
Jun 16th 20:28:13.062 UTC 2 15 39 444 438 1498.619 1901.385 0 312.1308 144.5897 0 0 33 0 0 1610 295.3378 0.9171981 133.387 0.4142453
Jun 16th 20:27:19.209 UTC 3 12 0 302 297 797.4609 1369.408 0 191.5282 8.436406 0 0 45 0 0 0 0 NaN 0 NaN
Jun 16th 20:27:13.051 UTC 2 14 38 443 436 1495.154 1894.665 0 312.3593 145.4658 0 0 33 0 0 1610 295.3378 0.9171981 133.387 0.4142453
Jun 16th 20:26:19.209 UTC 3 11 0 299 295 791.2183 1353.73 0 190.808 8.464856 0 0 45 0 0 0 0 NaN 0 NaN
Jun 16th 20:26:13.050 UTC 2 15 41 441 432 1489.147 1875.196 0 312.1508 143.593 0 0 33 0 0 1600 293.2983 0.9165571 131.3475 0.4104609
Jun 16th 20:25:18.118 UTC 3 11 1 298 293 790.1283 1344.058 0 190.9665 8.478583 0 0 44 0 0 0 0 NaN 0 NaN
Jun 16th 20:25:13.059 UTC 2 15 39 438 431 1481.324 1869.975 0 312.8469 143.8929 0 0 33 0 0 1600 293.2983 0.9165571 131.3475 0.4104609
Jun 16th 20:24:18.128 UTC 3 11 1 298 291 790.1283 1335.758 0 190.9665 8.489749 0 0 44 0 0 0 0 NaN 0 NaN
Jun 16th 20:24:13.060 UTC 2 14 40 436 428 1466.44 1850.247 0 313.154 141.3365 0 0 33 0 0 1595 292.4428 0.9167486 130.492 0.4090659
Jun 16th 20:23:16.108 UTC 3 10 1 297 290 788.3283 1327.854 0 191.1059 8.537623 0 0 42 0 0 0 0 NaN 0 NaN
Jun 16th 20:23:13.050 UTC 2 15 41 434 426 1460.41 1841.673 0 313.618 141.4373 0 0 33 0 0 1585 290.7559 0.917211 128.8051 0.4063253
Jun 16th 20:22:16.097 UTC 3 13 0 297 287 788.3283 1314.285 0 191.1059 8.537623 0 0 42 0 0 0 0 NaN 0 NaN
Jun 16th 20:22:13.049 UTC 2 15 40 431 423 1446.37 1825.015 0 314.5142 142.1832 0 0 33 0 0 1575 288.407 0.9155777 127.9962 0.4063371
Jun 16th 20:21:16.119 UTC 3 12 0 294 287 782.9858 1314.285 0 190.7304 8.536812 0 0 42 0 0 0 0 NaN 0 NaN
Jun 16th 20:21:13.060 UTC 2 15 37 430 422 1444.6 1818.595 0 314.4949 142.4311 0 0 33 0 0 1570 287.8366 0.9166772 127.4259 0.4058149
Jun 16th 20:20:16.106 UTC 3 10 0 290 287 774.837 1314.285 0 190.3266 8.561004 0 0 42 0 0 0 0 NaN 0 NaN
Jun 16th 20:20:11.816 UTC 2 15 41 428 418 1438.54 1799.687 0 314.8936 143.4526 0 0 32 0 0 1540 280.8247 0.9117684 124.3539 0.4037464
Jun 16th 20:19:16.106 UTC 3 10 0 289 286 768.8632 1308.078 0 190.5924 8.5831 0 0 42 0 0 0 0 NaN 0 NaN
Jun 16th 20:19:11.815 UTC 2 15 39 426 417 1434.26 1794.473 0 312.3231 143.7549 0 0 32 0 0 1530 277.8495 0.9080048 124.4586 0.4067276
Jun 16th 20:18:16.106 UTC 3 9 0 289 285 768.8632 1305.698 0 190.5924 8.610723 0 0 42 0 0 0 0 NaN 0 NaN
Jun 16th 20:18:11.816 UTC 2 14 41 423 415 1426.453 1786.179 0 312.891 144.3928 0 0 32 0 0 1515 273.9249 0.9040425 123.274 0.406845
Jun 16th 20:17:16.106 UTC 3 7 0 288 285 766.6032 1305.698 0 190.1765 8.659129 0 0 42 0 0 0 0 NaN 0 NaN
Jun 16th 20:17:11.807 UTC 2 15 40 420 413 1414.873 1775.103 0 313.6323 144.7188 0 0 32 0 0 1500 270.3002 0.9010006 120.8493 0.4028311
Jun 16th 20:16:16.106 UTC 3 6 0 286 284 762.3132 1304.37 0 190.096 8.666524 0 0 42 0 0 0 0 NaN 0 NaN
Jun 16th 20:16:11.817 UTC 2 15 39 419 412 1412.15 1772.882 0 313.6265 142.0439 0 0 32 0 0 1495 269.413 0.9010468 119.9622 0.4012113
Jun 16th 20:15:16.116 UTC 3 6 0 285 283 760.5132 1299.258 0 189.8745 8.678796 0 0 42 0 0 0 0 NaN 0 NaN
Jun 16th 20:15:11.819 UTC 2 15 40 416 410 1399.865 1765.025 0 314.3821 142.668 0 0 32 0 0 1480 266.7064 0.901035 117.2555 0.3961335
Jun 16th 20:14:16.116 UTC 3 6 1 284 281 757.8582 1289.589 0 190.3492 8.700777 0 0 42 0 0 0 0 NaN 0 NaN
Jun 16th 20:14:11.807 UTC 2 15 40 413 407 1387.824 1747.627 0 315.0557 143.5078 0 0 32 0 0 1475 265.4034 0.8996727 115.9526 0.3930596
Jun 16th 20:13:16.105 UTC 3 8 0 284 279 757.8582 1281.748 0 190.3492 8.700777 0 0 42 0 0 0 0 NaN 0 NaN
Jun 16th 20:13:11.807 UTC 2 15 39 412 405 1385.862 1739.678 0 313.391 144.1657 0 0 32 0 0 1465 263.758 0.9001978 115.3971 0.3938469
Jun 16th 20:12:16.118 UTC 3 10 0 284 276 757.8582 1268.269 0 190.3492 8.727365 0 0 42 0 0 0 0 NaN 0 NaN
Jun 16th 20:12:11.807 UTC 2 15 40 409 401 1378.219 1722.446 0 313.3687 145.1346 0 0 32 0 0 1455 261.6747 0.8992256 115.4938 0.396886
Jun 16th 20:11:16.107 UTC 3 8 1 280 276 751.5331 1268.269 0 190.6508 8.742721 0 0 42 0 0 0 0 NaN 0 NaN
Jun 16th 20:11:11.807 UTC 2 15 39 408 400 1375.519 1719.415 0 313.564 145.4461 0 0 32 0 0 1440 258.3085 0.8969046 113.3377 0.3935336
Jun 16th 20:10:16.107 UTC 3 9 1 279 274 748.8781 1253.111 0 190.9386 8.75939 0 0 42 0 0 0 0 NaN 0 NaN
Jun 16th 20:10:11.819 UTC 2 15 39 407 397 1370.997 1707.675 0 313.4787 146.4188 0 0 32 0 0 1435 257.7765 0.8981759 112.8056 0.393051
Jun 16th 20:09:14.249 UTC 3 8 0 277 274 740.898 1253.111 0 190.9072 8.765071 0 0 40 0 0 0 0 NaN 0 NaN
Jun 16th 20:09:11.818 UTC 2 15 40 400 394 1352.606 1699.464 0 313.2719 142.3546 0 0 32 0 0 1435 257.7765 0.8981759 112.8056 0.393051
Jun 16th 20:08:14.239 UTC 3 10 1 277 270 740.898 1235.573 0 190.9072 8.808806 0 0 40 0 0 0 0 NaN 0 NaN
Jun 16th 20:08:11.807 UTC 2 15 39 398 392 1341.784 1687.609 0 313.966 142.9073 0 0 32 0 0 1430 256.9022 0.8982595 111.9314 0.3913684
Jun 16th 20:07:14.260 UTC 3 11 0 276 267 733.428 1228.068 0 190.6183 8.8279 0 0 40 0 0 0 0 NaN 0 NaN
Jun 16th 20:07:11.818 UTC 2 15 39 397 389 1339.944 1671.557 0 313.4301 142.6429 0 0 32 0 0 1430 256.9022 0.8982595 111.9314 0.3913684
Jun 16th 20:06:14.249 UTC 3 10 1 274 267 724.9068 1228.068 0 191.2802 8.844755 0 0 40 0 0 0 0 NaN 0 NaN
Jun 16th 20:06:11.820 UTC 2 14 44 395 386 1333.014 1660.58 0 313.8478 143.2109 0 0 32 0 0 1400 249.2556 0.8901987 109.6848 0.3917314
Jun 16th 20:05:14.247 UTC 3 9 0 271 267 714.643 1228.068 0 191.6036 8.843669 0 0 40 0 0 0 0 NaN 0 NaN
Jun 16th 20:05:11.811 UTC 2 15 42 393 383 1322.619 1644.806 0 314.45 143.587 0 0 32 0 0 1320 228.0024 0.8636456 110.0315 0.4167861
Jun 16th 20:04:12.136 UTC 3 9 1 268 266 704.9755 1222.454 0 191.6112 8.864744 0 0 38 0 0 0 0 NaN 0 NaN
Jun 16th 20:04:11.819 UTC 2 14 41 391 382 1317.264 1637.591 0 314.3027 144.1233 0 0 32 0 0 1285 218.7008 0.8509759 110.1799 0.4287154
Jun 16th 20:03:12.136 UTC 3 9 0 267 265 700.993 1217.712 0 190.947 8.877626 0 0 38 0 0 0 0 NaN 0 NaN
Jun 16th 20:03:10.519 UTC 2 15 39 386 380 1305.659 1625.71 0 314.1402 144.4835 0 0 31 0 0 1260 212.0573 0.8414972 110.2863 0.4376442
Jun 16th 20:02:12.138 UTC 3 8 1 267 262 700.993 1211.145 0 190.947 8.970899 0 0 38 0 0 0 0 NaN 0 NaN
Jun 16th 20:02:10.520 UTC 2 15 41 385 378 1302.339 1614.002 0 314.2303 144.993 0 0 31 0 0 1240 207.5953 0.8370779 109.6143 0.4419933
Jun 16th 20:01:12.138 UTC 3 8 0 266 261 697.273 1202.711 0 191.3219 8.973269 0 0 38 0 0 0 0 NaN 0 NaN
Jun 16th 20:01:10.529 UTC 2 14 39 383 378 1292.686 1614.002 0 314.3754 144.9346 0 0 31 0 0 1230 205.715 0.8362399 109.084 0.443431
Jun 16th 20:00:12.138 UTC 3 8 0 262 260 689.5755 1196.625 0 191.9711 8.99433 0 0 38 0 0 0 0 NaN 0 NaN
Jun 16th 20:00:10.531 UTC 2 15 42 382 373 1287.706 1590.733 0 314.6226 144.8091 0 0 31 0 0 1195 198.5379 0.8307023 106.2669 0.4446312
Jun 16th 19:59:12.128 UTC 3 9 0 262 257 689.5755 1177.827 0 191.9711 9.003036 0 0 38 0 0 0 0 NaN 0 NaN
Jun 16th 19:59:10.519 UTC 2 14 42 380 372 1281.718 1584.778 0 315.0043 145.1482 0 0 31 0 0 1145 188.6274 0.8237004 105.0764 0.458849
Jun 16th 19:58:12.138 UTC 3 11 0 262 254 689.5755 1163.824 0 191.9711 9.028195 0 0 38 0 0 0 0 NaN 0 NaN
Jun 16th 19:58:10.531 UTC 2 15 39 378 370 1275.345 1578.539 0 315.2919 145.3697 0 0 31 0 0 1100 179.2748 0.8148853 105.5338 0.479699
Jun 16th 19:57:12.138 UTC 3 11 1 262 251 689.5755 1155.466 0 191.9711 9.089482 0 0 38 0 0 0 0 NaN 0 NaN
Jun 16th 19:57:10.521 UTC 2 14 40 375 368 1267.223 1569.502 0 316.4496 146.0334 0 0 31 0 0 1095 177.9628 0.8126153 105.5718 0.4820629
Jun 16th 19:56:12.139 UTC 3 14 0 259 248 684.7155 1139.961 0 192.1397 9.089482 0 0 38 0 0 0 0 NaN 0 NaN
Jun 16th 19:56:10.530 UTC 2 15 40 373 366 1262.943 1561.923 0 315.5759 146.2833 0 0 31 0 0 1070 171.4559 0.801196 105 0.4906541
Jun 16th 19:55:11.065 UTC 3 15 1 256 246 675.1418 1123.249 0 191.7421 8.910773 0 0 37 0 0 0 0 NaN 0 NaN
Jun 16th 19:55:09.050 UTC 2 14 38 370 365 1252.881 1557.88 0 316.1206 147.0323 0 0 30 0 0 1070 171.4559 0.801196 105 0.4906541
Jun 16th 19:54:11.066 UTC 3 15 0 251 246 662.9918 1123.249 0 192.2837 8.910773 0 0 37 0 0 0 0 NaN 0 NaN
Jun 16th 19:54:07.787 UTC 2 15 38 367 361 1243.013 1539.486 0 316.4253 148.1001 0 0 29 0 0 1070 171.4559 0.801196 105 0.4906541
Jun 16th 19:53:11.078 UTC 3 12 1 249 246 657.2167 1123.249 0 191.5637 8.963852 0 0 37 0 0 0 0 NaN 0 NaN
Jun 16th 19:53:07.799 UTC 2 14 39 366 358 1237.039 1523.285 0 316.8322 147.9789 0 0 29 0 0 1070 171.4559 0.801196 105 0.4906541
Jun 16th 19:52:11.077 UTC 3 8 0 249 246 657.2167 1123.249 0 191.5637 8.99877 0 0 37 0 0 0 0 NaN 0 NaN
Jun 16th 19:52:07.797 UTC 2 14 39 364 357 1230.908 1519.079 0 317.6519 147.6316 0 0 29 0 0 1070 171.4559 0.801196 105 0.4906541
Jun 16th 19:51:11.077 UTC 3 7 0 248 246 654.5167 1123.249 0 191.0388 9.014452 0 0 37 0 0 0 0 NaN 0 NaN
Jun 16th 19:51:07.789 UTC 2 14 40 362 353 1224.615 1504.432 0 318.5472 149.1219 0 0 29 0 0 1065 170.1729 0.7989336 103.8519 0.4875676
Jun 16th 19:50:11.067 UTC 3 6 0 248 246 654.5167 1123.249 0 191.0388 9.014528 0 0 37 0 0 0 0 NaN 0 NaN
Jun 16th 19:50:07.796 UTC 2 15 38 360 350 1214.727 1492.762 0 319.2294 149.7918 0 0 29 0 0 1055 168.3006 0.7976332 103.0596 0.4884343
Jun 16th 19:49:11.065 UTC 3 7 0 246 243 649.7542 1116.768 0 189.9077 9.058355 0 0 37 0 0 0 0 NaN 0 NaN
Jun 16th 19:49:07.797 UTC 2 15 40 356 347 1198.427 1477.728 0 321.055 150.7995 0 0 29 0 0 1045 166.6702 0.7974653 101.4293 0.4853075
Jun 16th 19:48:11.076 UTC 3 8 0 245 242 647.0992 1109.888 0 190.4467 9.058355 0 0 37 0 0 0 0 NaN 0 NaN
Jun 16th 19:48:07.789 UTC 2 15 40 353 344 1188.602 1465.679 0 321.2903 151.8687 0 0 29 0 0 1030 163.0448 0.7914798 99.40287 0.4825382
Jun 16th 19:47:11.067 UTC 3 7 0 243 241 638.1104 1107.497 0 191.1344 9.082973 0 0 37 0 0 0 0 NaN 0 NaN
Jun 16th 19:47:07.788 UTC 2 15 41 352 342 1185.842 1455.355 0 321.6079 152.3589 0 0 29 0 0 1020 160.817 0.7883188 98.37507 0.4822307
Jun 16th 19:46:09.825 UTC 3 10 1 243 237 638.1104 1087.527 0 191.1344 9.111632 0 0 36 0 0 0 0 NaN 0 NaN
Jun 16th 19:46:07.799 UTC 2 15 40 348 341 1170.857 1446.74 0 322.5656 152.6833 0 0 29 0 0 1010 158.8195 0.7862354 96.49757 0.4777108
Jun 16th 19:45:09.834 UTC 3 10 0 242 235 637.3104 1071.533 0 191.5186 9.138688 0 0 36 0 0 0 0 NaN 0 NaN
Jun 16th 19:45:07.787 UTC 2 15 40 345 340 1159.325 1440.648 0 323.6321 153.0547 0 0 29 0 0 1000 157.0576 0.7852882 95.63567 0.4781784
Jun 16th 19:44:09.834 UTC 3 9 1 242 234 637.3104 1061.9 0 191.5186 9.19078 0 0 36 0 0 0 0 NaN 0 NaN
Jun 16th 19:44:07.797 UTC 2 13 40 344 340 1155.647 1440.648 0 323.5833 153.798 0 0 29 0 0 990 155.357 0.7846315 93.93507 0.4744195
Jun 16th 19:43:09.067 UTC 3 10 0 240 232 634.9105 1052.964 0 191.2519 9.208762 0 0 35 0 0 0 0 NaN 0 NaN
Jun 16th 19:43:07.795 UTC 2 14 42 342 334 1149.729 1412.24 0 323.8285 154.9898 0 0 29 0 0 945 147.5498 0.7806869 89.72785 0.4747505
Jun 16th 19:42:09.056 UTC 3 13 0 237 229 622.288 1036.425 0 190.9707 9.208762 0 0 35 0 0 0 0 NaN 0 NaN
Jun 16th 19:42:07.795 UTC 2 15 41 341 330 1147.704 1393.828 0 324.5212 156.1215 0 0 29 0 0 880 136.2951 0.7744038 84.7731 0.4816653
Jun 16th 19:41:09.056 UTC 3 13 0 237 229 622.288 1036.425 0 190.9707 9.208762 0 0 35 0 0 0 0 NaN 0 NaN
Jun 16th 19:41:07.793 UTC 2 15 39 340 330 1145.394 1393.828 0 325.0438 156.1215 0 0 29 0 0 860 133.4244 0.7757232 82.17243 0.4777467
Jun 16th 19:40:09.057 UTC 3 12 1 234 228 618.048 1029.985 0 191.1335 9.256583 0 0 35 0 0 0 0 NaN 0 NaN
Jun 16th 19:40:07.804 UTC 2 13 38 336 329 1130.355 1389.484 0 312.854 157.1794 0 0 29 0 0 860 133.4244 0.7757232 82.17243 0.4777467
Jun 16th 19:39:09.047 UTC 3 15 0 233 223 609.678 1006.91 0 191.0935 9.217236 0 0 35 0 0 0 0 NaN 0 NaN
Jun 16th 19:39:06.744 UTC 2 15 40 333 325 1127.355 1373.605 0 290.6198 157.5959 0 0 28 0 0 850 131.9275 0.7760442 80.67556 0.4745621
Jun 16th 19:38:09.067 UTC 3 14 0 230 222 603.6637 1002.417 0 189.9561 9.252599 0 0 35 0 0 0 0 NaN 0 NaN
Jun 16th 19:38:06.735 UTC 2 15 40 330 324 1119.557 1369.642 0 290.8674 157.8488 0 0 28 0 0 840 130.616 0.7774762 79.44403 0.4728811
Jun 16th 19:37:08.046 UTC 3 15 1 228 220 600.2887 989.0527 0 189.8291 9.164094 0 0 34 0 0 0 0 NaN 0 NaN
Jun 16th 19:37:06.735 UTC 2 15 35 327 324 1108.891 1369.642 0 292.2167 157.8488 0 0 28 0 0 840 130.616 0.7774762 79.44403 0.4728811
Jun 16th 19:36:08.055 UTC 3 13 1 225 219 593.8712 986.3179 0 189.3701 9.212017 0 0 34 0 0 0 0 NaN 0 NaN
Jun 16th 19:36:05.485 UTC 2 14 37 326 322 1107.271 1360.582 0 291.3205 127.7028 0 0 27 0 0 840 130.616 0.7774762 79.44403 0.4728811
Jun 16th 19:35:08.055 UTC 3 14 0 223 218 588.8425 978.9911 0 189.0831 9.212017 0 0 34 0 0 0 0 NaN 0 NaN
Jun 16th 19:35:05.486 UTC 2 14 37 324 317 1104.259 1337.785 0 289.464 125.0781 0 0 27 0 0 840 130.616 0.7774762 79.44403 0.4728811
Jun 16th 19:34:08.046 UTC 3 13 0 222 217 588.2425 976.6903 0 189.4187 9.24595 0 0 34 0 0 0 0 NaN 0 NaN
Jun 16th 19:34:05.488 UTC 2 15 37 322 313 1096.609 1328.375 0 290.1767 125.8909 0 0 27 0 0 840 130.616 0.7774762 79.44403 0.4728811
Jun 16th 19:33:08.047 UTC 3 13 2 221 215 585.7625 970.2379 0 189.1619 9.197283 0 0 34 0 0 0 0 NaN 0 NaN
Jun 16th 19:33:05.482 UTC 2 14 35 319 311 1090.257 1321.52 0 287.2686 121.5682 0 0 27 0 0 840 130.616 0.7774762 79.44403 0.4728811
Jun 16th 19:32:08.046 UTC 3 12 0 218 213 581.02 962.5121 0 187.1056 9.21377 0 0 34 0 0 0 0 NaN 0 NaN
Jun 16th 19:32:05.499 UTC 2 15 38 317 306 1086.034 1299.517 0 287.1908 120.0878 0 0 27 0 0 840 130.616 0.7774762 79.44403 0.4728811
Jun 16th 19:31:08.047 UTC 3 9 1 217 213 578.5674 962.5121 0 187.5258 9.297845 0 0 34 0 0 0 0 NaN 0 NaN
Jun 16th 19:31:05.488 UTC 2 15 40 313 303 1078.41 1286.737 0 284.2928 120.4296 0 0 27 0 0 830 129.47 0.7799401 78.29809 0.4716752
Jun 16th 19:30:08.055 UTC 3 8 0 214 212 573.6524 959.3178 0 187.3328 9.307142 0 0 34 0 0 0 0 NaN 0 NaN
Jun 16th 19:30:05.488 UTC 2 15 38 309 303 1065.829 1286.737 0 284.3074 120.4296 0 0 27 0 0 825 128.8961 0.7811888 77.72419 0.4710557
Jun 16th 19:29:08.056 UTC 3 8 0 213 211 571.6274 955.7661 0 187.3799 9.330123 0 0 34 0 0 0 0 NaN 0 NaN
Jun 16th 19:29:04.356 UTC 2 13 38 308 302 1064.029 1282.668 0 284.5732 119.3937 0 0 26 0 0 825 128.8961 0.7811888 77.72419 0.4710557
Jun 16th 19:28:08.045 UTC 3 10 0 212 208 569.8574 939.1181 0 187.6433 9.356811 0 0 34 0 0 0 0 NaN 0 NaN
Jun 16th 19:28:01.263 UTC 2 14 38 304 299 1049.907 1273.529 0 284.842 118.7422 0 0 23 0 0 825 128.8961 0.7811888 77.72419 0.4710557
Jun 16th 19:27:08.057 UTC 3 11 0 212 205 569.8574 925.3708 0 187.6433 9.369358 0 0 34 0 0 0 0 NaN 0 NaN
Jun 16th 19:27:01.263 UTC 2 15 40 302 294 1045.247 1253.565 0 284.3706 118.21 0 0 23 0 0 820 128.1407 0.7813458 76.96877 0.4693217
Jun 16th 19:26:08.057 UTC 3 9 1 210 205 556.6273 925.3708 0 188.0879 9.414808 0 0 34 0 0 0 0 NaN 0 NaN
Jun 16th 19:26:01.274 UTC 2 14 38 301 293 1039.273 1247.681 0 284.7352 116.4989 0 0 23 0 0 820 128.1407 0.7813458 76.96877 0.4693217
Jun 16th 19:25:08.046 UTC 3 9 0 209 204 554.8573 918.8258 0 188.1102 9.413799 0 0 34 0 0 0 0 NaN 0 NaN
Jun 16th 19:24:59.152 UTC 2 15 39 297 290 1016.796 1231.301 0 286.0339 116.7097 0 0 21 0 0 815 127.5668 0.7826186 76.39487 0.4686802
Jun 16th 19:24:07.096 UTC 3 9 1 207 202 546.2285 915.8453 0 188.505 9.425848 0 0 33 0 0 0 0 NaN 0 NaN
Jun 16th 19:23:59.152 UTC 2 14 39 295 288 1008.512 1220.748 0 285.9908 117.5891 0 0 21 0 0 815 127.5668 0.7826186 76.39487 0.4686802
Jun 16th 19:23:07.120 UTC 3 9 0 205 201 541.3497 914.4763 0 188.897 9.45811 0 0 33 0 0 0 0 NaN 0 NaN
Jun 16th 19:22:59.163 UTC 2 15 39 294 283 997.3069 1202.363 0 286.3294 118.4513 0 0 21 0 0 815 127.5668 0.7826186 76.39487 0.4686802
Jun 16th 19:22:07.076 UTC 3 10 0 203 197 531.7797 892.1129 0 188.5923 9.498729 0 0 33 0 0 0 0 NaN 0 NaN
Jun 16th 19:21:59.153 UTC 2 15 39 291 282 986.8293 1198.327 0 287.1639 118.625 0 0 21 0 0 805 125.5207 0.779632 76.44878 0.4748372
Jun 16th 19:21:07.097 UTC 3 8 0 202 197 530.6897 892.1129 0 189.2292 9.56069 0 0 33 0 0 0 0 NaN 0 NaN
Jun 16th 19:20:59.153 UTC 2 15 39 287 279 971.6868 1180.109 0 288.8192 118.8267 0 0 21 0 0 805 125.5207 0.779632 76.44878 0.4748372
Jun 16th 19:20:07.086 UTC 3 10 0 200 194 527.1197 878.6528 0 189.4857 9.579782 0 0 33 0 0 0 0 NaN 0 NaN
Jun 16th 19:19:59.162 UTC 2 15 39 285 278 966.592 1175.919 0 286.2054 119.1884 0 0 21 0 0 790 122.3302 0.7742415 74.5542 0.471862
Jun 16th 19:19:06.138 UTC 3 11 0 200 191 527.1197 862.9652 0 189.4857 9.653308 0 0 32 0 0 0 0 NaN 0 NaN
Jun 16th 19:18:59.163 UTC 2 15 40 282 275 955.597 1162.142 0 287.0458 119.9642 0 0 21 0 0 785 121.1715 0.771793 74.59554 0.4751309
Jun 16th 19:18:06.149 UTC 3 11 0 199 191 525.3197 862.9652 0 189.3542 9.653308 0 0 32 0 0 0 0 NaN 0 NaN
Jun 16th 19:17:59.153 UTC 2 15 41 282 272 955.597 1151.966 0 287.0458 121.0839 0 0 21 0 0 770 118.2892 0.7681116 71.93123 0.4670859
Jun 16th 19:17:05.068 UTC 3 12 0 197 190 520.8147 858.0732 0 188.919 9.653308 0 0 31 0 0 0 0 NaN 0 NaN
Jun 16th 19:16:59.152 UTC 2 15 39 279 271 946.5969 1149.407 0 288.5269 121.5008 0 0 21 0 0 760 116.4802 0.7663169 70.23121 0.4620474
Jun 16th 19:16:05.076 UTC 3 10 0 192 190 511.6272 858.0732 0 188.213 9.673282 0 0 31 0 0 0 0 NaN 0 NaN
Jun 16th 19:15:59.161 UTC 2 14 39 276 269 937.8227 1138.659 0 281.3523 119.8045 0 0 21 0 0 760 116.4802 0.7663169 70.23121 0.4620474
Jun 16th 19:15:05.067 UTC 3 10 1 192 189 511.6272 853.1844 0 188.213 9.682514 0 0 31 0 0 0 0 NaN 0 NaN
Jun 16th 19:14:56.947 UTC 2 15 40 273 264 930.1302 1113.733 0 282.5155 121.0259 0 0 19 0 0 760 116.4802 0.7663169 70.23121 0.4620474
Jun 16th 19:14:05.066 UTC 3 11 0 190 186 504.8447 835.9014 0 187.7511 9.726572 0 0 31 0 0 0 0 NaN 0 NaN
Jun 16th 19:13:56.939 UTC 2 15 40 271 264 926.5977 1113.733 0 278.3795 121.0259 0 0 19 0 0 745 114.3869 0.7676975 68.21797 0.4578387
Jun 16th 19:13:05.066 UTC 3 10 0 190 184 504.8447 823.2709 0 187.7511 9.781509 0 0 31 0 0 0 0 NaN 0 NaN
Jun 16th 19:12:56.952 UTC 2 15 39 270 262 918.9702 1105.886 0 278.881 121.8359 0 0 19 0 0 745 114.3869 0.7676975 68.21797 0.4578387
Jun 16th 19:12:05.075 UTC 3 11 0 190 182 504.8447 811.7893 0 187.7511 9.781118 0 0 31 0 0 0 0 NaN 0 NaN
Jun 16th 19:11:56.942 UTC 2 13 39 267 260 913.3061 1095.898 0 276.4727 115.7471 0 0 19 0 0 745 114.3869 0.7676975 68.21797 0.4578387
Jun 16th 19:11:05.065 UTC 3 11 1 188 180 501.9397 802.1553 0 187.8148 9.785269 0 0 31 0 0 0 0 NaN 0 NaN
Jun 16th 19:10:56.950 UTC 2 15 40 265 256 909.6836 1078.034 0 274.9167 116.3884 0 0 19 0 0 730 112.2688 0.7689644 66.09985 0.4527387
Jun 16th 19:10:05.065 UTC 3 12 0 185 178 494.8896 794.9306 0 188.1216 9.816543 0 0 31 0 0 0 0 NaN 0 NaN
Jun 16th 19:09:56.950 UTC 2 15 40 261 255 899.1385 1074.636 0 275.388 112.1051 0 0 19 0 0 715 110.6024 0.7734436 64.43348 0.4505838
Jun 16th 19:09:05.066 UTC 3 12 0 183 178 489.9247 794.9306 0 187.9693 9.816543 0 0 31 0 0 0 0 NaN 0 NaN
Jun 16th 19:08:56.950 UTC 2 15 38 260 252 895.1561 1061.498 0 275.8811 110.5609 0 0 19 0 0 715 110.6024 0.7734436 64.43348 0.4505838
Jun 16th 19:08:04.231 UTC 3 11 0 183 176 489.9247 786.005 0 187.9693 9.939033 0 0 30 0 0 0 0 NaN 0 NaN
Jun 16th 19:07:56.940 UTC 2 14 38 255 251 869.2249 1055.017 0 277.1988 109.8187 0 0 19 0 0 715 110.6024 0.7734436 64.43348 0.4505838
Jun 16th 19:07:04.231 UTC 3 11 0 180 174 482.3096 773.8979 0 187.5763 9.954603 0 0 30 0 0 0 0 NaN 0 NaN
Jun 16th 19:06:56.949 UTC 2 15 40 254 246 865.7598 1031.099 0 277.7792 109.2435 0 0 19 0 0 705 108.8684 0.7721161 63.5994 0.4510596
Jun 16th 19:06:04.232 UTC 3 10 1 178 173 477.5271 766.2616 0 185.678 10.01958 0 0 30 0 0 0 0 NaN 0 NaN
Jun 16th 19:05:56.947 UTC 2 15 39 253 243 862.0811 1013.529 0 277.2401 110.0386 0 0 19 0 0 705 108.8684 0.7721161 63.5994 0.4510596
Jun 16th 19:05:04.231 UTC 3 10 0 177 172 475.8921 763.3226 0 185.845 10.06887 0 0 30 0 0 0 0 NaN 0 NaN
Jun 16th 19:04:56.940 UTC 2 15 40 250 241 848.761 1004.721 0 278.1336 110.6923 0 0 19 0 0 670 103.1193 0.7695468 61.90031 0.4619426
Jun 16th 19:04:03.396 UTC 3 10 0 176 171 470.9121 762.0078 0 185.7388 10.10784 0 0 29 0 0 0 0 NaN 0 NaN
Jun 16th 19:03:56.953 UTC 2 15 40 249 239 846.106 992.4419 0 278.1682 110.8287 0 0 19 0 0 620 94.13965 0.7591907 58.87967 0.4748361
Jun 16th 19:03:02.301 UTC 3 9 0 173 171 462.0434 762.0078 0 186.7537 10.16354 0 0 28 0 0 0 0 NaN 0 NaN
Jun 16th 19:02:56.953 UTC 2 15 40 247 238 840.6272 985.2141 0 278.6071 111.2357 0 0 19 0 0 610 92.4515 0.7577992 58.54152 0.4798486
Jun 16th 19:02:02.301 UTC 3 9 0 172 170 458.0609 756.2798 0 186.2467 10.20319 0 0 28 0 0 0 0 NaN 0 NaN
Jun 16th 19:01:56.941 UTC 2 15 38 244 237 832.0547 979.119 0 278.7206 111.5427 0 0 19 0 0 600 90.40504 0.7533754 56.93106 0.4744255
Jun 16th 19:01:02.303 UTC 3 7 0 172 168 458.0609 752.6834 0 186.2467 10.33277 0 0 28 0 0 0 0 NaN 0 NaN
Jun 16th 19:00:55.735 UTC 2 15 39 241 236 824.3721 974.1696 0 270.7467 111.4817 0 0 18 0 0 600 90.40504 0.7533754 56.93106 0.4744255
Jun 16th 19:00:00.404 UTC 3 8 0 170 166 453.4821 744.4886 0 186.2697 10.3616 0 0 26 0 0 0 0 NaN 0 NaN
Jun 16th 18:59:55.724 UTC 2 14 39 239 235 818.7546 973.2091 0 270.6171 112.2618 0 0 18 0 0 595 89.56966 0.7526863 56.18568 0.4721486
Jun 16th 18:59:00.401 UTC 3 11 0 169 162 447.5084 718.5896 0 186.8104 10.36719 0 0 26 0 0 0 0 NaN 0 NaN
Jun 16th 18:58:55.716 UTC 2 15 39 238 230 816.9547 951.8286 0 271.5477 113.5868 0 0 18 0 0 595 89.56966 0.7526863 56.18568 0.4721486
Jun 16th 18:57:59.402 UTC 3 10 1 167 160 443.5034 712.5871 0 187.1745 10.47196 0 0 25 0 0 0 0 NaN 0 NaN
Jun 16th 18:57:55.726 UTC 2 15 40 235 228 799.791 942.1691 0 271.7885 114.3869 0 0 18 0 0 590 88.99426 0.7541887 55.61028 0.4712735
Jun 16th 18:56:59.394 UTC 3 12 0 166 157 441.4784 702.3658 0 187.9112 10.53157 0 0 25 0 0 0 0 NaN 0 NaN
Jun 16th 18:56:55.727 UTC 2 15 39 234 226 797.0909 930.2758 0 272.1899 107.3456 0 0 18 0 0 585 88.22373 0.754049 54.91975 0.4693995
Jun 16th 18:55:58.566 UTC 3 11 0 164 157 435.5609 702.3658 0 188.3719 10.56102 0 0 24 0 0 0 0 NaN 0 NaN
Jun 16th 18:55:55.727 UTC 2 14 40 232 223 789.6434 921.1459 0 272.8686 108.3537 0 0 18 0 0 585 88.22373 0.754049 54.91975 0.4693995
Jun 16th 18:54:57.637 UTC 3 10 0 161 157 425.7934 702.3658 0 188.1983 10.57103 0 0 23 0 0 0 0 NaN 0 NaN
Jun 16th 18:54:54.562 UTC 2 15 38 230 222 786.0201 917.2751 0 268.868 108.3537 0 0 17 0 0 580 87.47112 0.7540613 54.16713 0.466958
Jun 16th 18:53:57.646 UTC 3 9 0 158 156 420.1746 696.9026 0 187.5368 10.63501 0 0 23 0 0 0 0 NaN 0 NaN
Jun 16th 18:53:54.560 UTC 2 14 38 227 220 778.9814 911.413 0 269.7161 109.6122 0 0 17 0 0 580 87.47112 0.7540613 54.16713 0.466958
Jun 16th 18:52:57.648 UTC 3 11 0 157 154 418.4046 691.3564 0 186.6992 10.63501 0 0 23 0 0 0 0 NaN 0 NaN
Jun 16th 18:52:54.551 UTC 2 15 35 224 216 771.3674 902.8542 0 265.85 110.6091 0 0 17 0 0 580 87.47112 0.7540613 54.16713 0.466958
Jun 16th 18:51:57.637 UTC 3 9 0 157 153 418.4046 686.2985 0 186.6992 10.72458 0 0 23 0 0 0 0 NaN 0 NaN
Jun 16th 18:51:54.561 UTC 2 14 35 218 215 757.3098 896.8677 0 268.321 108.5196 0 0 17 0 0 580 87.47112 0.7540613 54.16713 0.466958
Jun 16th 18:50:56.434 UTC 3 9 1 156 150 417.5046 676.4348 0 187.294 10.84253 0 0 22 0 0 0 0 NaN 0 NaN
Jun 16th 18:50:54.571 UTC 2 15 38 216 209 751.1597 870.1836 0 269.3145 103.338 0 0 17 0 0 580 87.47112 0.7540613 54.16713 0.466958
Jun 16th 18:49:56.444 UTC 3 9 1 152 149 406.1846 671.8587 0 188.904 10.85663 0 0 22 0 0 0 0 NaN 0 NaN
Jun 16th 18:49:54.560 UTC 2 15 36 216 206 751.1597 856.0501 0 269.3145 104.4941 0 0 17 0 0 580 87.47112 0.7540613 54.16713 0.466958
Jun 16th 18:48:56.444 UTC 3 8 1 152 147 406.1846 660.1505 0 188.904 10.93497 0 0 22 0 0 0 0 NaN 0 NaN
Jun 16th 18:48:52.257 UTC 2 15 38 214 204 746.6972 848.1935 0 270.0049 104.4815 0 0 15 0 0 580 87.47112 0.7540613 54.16713 0.466958
Jun 16th 18:47:56.433 UTC 3 9 0 151 144 404.9746 647.4626 0 188.5269 11.00677 0 0 22 0 0 0 0 NaN 0 NaN
Jun 16th 18:47:52.248 UTC 2 15 40 211 199 734.1647 828.0512 0 270.8944 105.3697 0 0 15 0 0 580 87.47112 0.7540613 54.16713 0.466958
Jun 16th 18:46:55.360 UTC 3 10 0 151 142 404.9746 639.9921 0 188.5269 11.05401 0 0 21 0 0 0 0 NaN 0 NaN
Jun 16th 18:46:52.247 UTC 2 15 41 206 199 716.1983 828.0512 0 274.1961 105.3697 0 0 15 0 0 560 83.48412 0.7453939 52.46913 0.4684744
Jun 16th 18:45:54.197 UTC 3 11 0 149 141 398.1197 636.9446 0 188.0107 11.05401 0 0 20 0 0 0 0 NaN 0 NaN
Jun 16th 18:45:52.259 UTC 2 14 39 203 197 711.1328 820.2904 0 269.6046 106.7563 0 0 15 0 0 560 83.48412 0.7453939 52.46913 0.4684744
Jun 16th 18:44:52.854 UTC 3 13 1 144 138 390.4322 618.4489 0 188.1309 10.81364 0 0 19 0 0 0 0 NaN 0 NaN
Jun 16th 18:44:52.248 UTC 2 15 38 201 194 707.0828 808.429 0 266.2157 107.4731 0 0 15 0 0 555 82.42612 0.7425776 51.73813 0.4661093
Jun 16th 18:43:52.246 UTC 2 15 36 198 192 692.7953 800.8278 0 268.1008 108.4549 0 0 15 0 0 555 82.42612 0.7425776 51.73813 0.4661093
Jun 16th 18:43:51.870 UTC 3 15 0 142 136 382.7821 606.597 0 188.4293 10.81364 0 0 18 0 0 0 0 NaN 0 NaN
Jun 16th 18:42:52.245 UTC 2 15 37 197 189 686.8215 787.7569 0 269.0116 109.5469 0 0 15 0 0 555 82.42612 0.7425776 51.73813 0.4661093
Jun 16th 18:42:51.874 UTC 3 12 0 141 136 374.4121 606.597 0 188.3519 11.00575 0 0 18 0 0 0 0 NaN 0 NaN
Jun 16th 18:41:52.257 UTC 2 13 38 195 187 682.9725 782.1979 0 265.194 103.2202 0 0 15 0 0 555 82.42612 0.7425776 51.73813 0.4661093
Jun 16th 18:41:51.873 UTC 3 15 0 141 130 374.4121 578.1609 0 188.3519 11.00555 0 0 18 0 0 0 0 NaN 0 NaN
Jun 16th 18:40:52.247 UTC 2 15 41 192 182 671.3137 765.2786 0 265.2685 103.7386 0 0 15 0 0 540 79.53954 0.7364773 50.01455 0.4630977
Jun 16th 18:40:51.873 UTC 3 12 2 136 129 363.5434 569.4874 0 189.3855 10.83999 0 0 18 0 0 0 0 NaN 0 NaN
Jun 16th 18:39:52.246 UTC 2 15 40 188 181 656.8425 760.7345 0 268.3539 104.2433 0 0 15 0 0 535 78.76856 0.7361548 49.64357 0.4639586
Jun 16th 18:39:51.873 UTC 3 15 0 135 125 357.5696 554.8657 0 188.5349 10.79352 0 0 18 0 0 0 0 NaN 0 NaN
Jun 16th 18:38:52.255 UTC 2 14 39 184 179 639.78 747.1914 0 268.2321 105.5968 0 0 15 0 0 535 78.76856 0.7361548 49.64357 0.4639586
Jun 16th 18:38:51.863 UTC 3 15 0 132 124 343.8896 553.0627 0 187.7433 10.86164 0 0 18 0 0 0 0 NaN 0 NaN
Jun 16th 18:37:52.255 UTC 2 14 39 183 177 637.1249 736.3863 0 268.3725 104.1334 0 0 15 0 0 530 77.99356 0.7357883 48.86857 0.4610243
Jun 16th 18:37:50.926 UTC 3 15 0 128 122 335.3946 544.3159 0 189.9566 10.58365 0 0 17 0 0 0 0 NaN 0 NaN
Jun 16th 18:36:51.131 UTC 2 15 41 181 173 632.0174 718.4681 0 268.5385 101.6113 0 0 14 0 0 520 76.45583 0.7351522 48.13084 0.4627965
Jun 16th 18:36:50.928 UTC 3 12 1 126 122 331.1159 544.3159 0 189.1691 10.69796 0 0 17 0 0 0 0 NaN 0 NaN
Jun 16th 18:35:51.133 UTC 2 14 46 179 169 624.1274 694.7773 0 269.3502 103.118 0 0 14 0 0 415 60.41272 0.7278641 41.28775 0.4974428
Jun 16th 18:35:50.923 UTC 3 10 1 126 122 331.1159 544.3159 0 189.1691 10.77646 0 0 17 0 0 0 0 NaN 0 NaN
Jun 16th 18:34:51.133 UTC 2 15 46 178 166 619.0424 684.7317 0 269.3577 103.5908 0 0 14 0 0 310 44.22362 0.7132841 30.69862 0.4951391
Jun 16th 18:34:50.933 UTC 3 7 0 123 122 320.9482 544.3159 0 186.7002 10.91394 0 0 17 0 0 0 0 NaN 0 NaN
Jun 16th 18:33:51.124 UTC 2 15 42 176 166 611.3361 684.7317 0 270.6178 103.5908 0 0 14 0 0 210 28.71977 0.6838041 18.39477 0.4379708
Jun 16th 18:33:50.923 UTC 3 9 0 122 119 319.1331 534.7967 0 186.4949 10.99519 0 0 17 0 0 0 0 NaN 0 NaN
Jun 16th 18:32:51.133 UTC 2 15 41 173 165 600.5601 679.7057 0 269.5009 103.5616 0 0 14 0 0 180 23.83422 0.6620617 15.25422 0.4237283
Jun 16th 18:32:50.923 UTC 3 8 0 122 117 319.1331 524.215 0 186.4949 11.10252 0 0 17 0 0 0 0 NaN 0 NaN
Jun 16th 18:31:51.132 UTC 2 15 41 170 161 585.5825 661.2483 0 269.709 104.4129 0 0 14 0 0 135 16.92675 0.6269166 11.14675 0.4128425
Jun 16th 18:31:50.933 UTC 3 7 0 120 117 313.3506 524.215 0 188.0308 11.16373 0 0 17 0 0 0 0 NaN 0 NaN
Jun 16th 18:30:51.134 UTC 2 15 40 167 159 576.9005 657.6519 0 266.8719 105.2234 0 0 14 0 0 120 14.40491 0.6002047 9.434912 0.3931213
Jun 16th 18:30:50.923 UTC 3 7 0 120 116 313.3506 522.5013 0 188.0308 11.17705 0 0 17 0 0 0 0 NaN 0 NaN
Jun 16th 18:29:51.123 UTC 2 14 39 163 159 561.9505 657.6519 0 265.7758 105.7748 0 0 14 0 0 105 12.22964 0.5823638 7.589639 0.3614114
Jun 16th 18:29:50.923 UTC 3 10 0 118 113 307.9356 504.0407 0 188.5271 11.17705 0 0 17 0 0 0 0 NaN 0 NaN
Jun 16th 18:28:51.132 UTC 2 15 39 162 156 559.498 644.8171 0 266.9066 104.2067 0 0 14 0 0 105 12.22964 0.5823638 7.589639 0.3614114
Jun 16th 18:28:50.936 UTC 3 9 0 117 110 305.9106 491.6655 0 189.5329 11.35088 0 0 17 0 0 0 0 NaN 0 NaN
Jun 16th 18:27:51.131 UTC 2 15 38 159 153 547.7665 634.395 0 266.8524 103.8262 0 0 14 0 0 105 12.22964 0.5823638 7.589639 0.3614114
Jun 16th 18:27:50.924 UTC 3 10 0 115 108 296.6407 482.4081 0 190.8327 11.41731 0 0 17 0 0 0 0 NaN 0 NaN
Jun 16th 18:26:50.232 UTC 3 8 1 113 108 288.8557 482.4081 0 190.9026 11.52533 0 0 16 0 0 0 0 NaN 0 NaN
Jun 16th 18:26:50.184 UTC 2 15 39 157 150 543.004 624.2025 0 266.9001 104.5955 0 0 13 0 0 105 12.22964 0.5823638 7.589639 0.3614114
Jun 16th 18:25:50.221 UTC 3 10 0 112 105 285.1769 467.0875 0 191.2053 11.56678 0 0 16 0 0 0 0 NaN 0 NaN
Jun 16th 18:25:50.194 UTC 2 15 39 154 147 529.5114 611.6423 0 268.7967 102.0969 0 0 13 0 0 100 11.4492 0.5724602 7.209205 0.3604602
Jun 16th 18:24:50.242 UTC 3 12 0 111 102 284.3769 457.4535 0 190.0408 11.5825 0 0 16 0 0 0 0 NaN 0 NaN
Jun 16th 18:24:50.201 UTC 2 13 40 153 144 524.5314 600.684 0 269.6365 103.5883 0 0 13 0 0 100 11.4492 0.5724602 7.209205 0.3604602
Jun 16th 18:23:50.232 UTC 3 15 0 106 98 266.8419 437.3112 0 188.4855 11.52769 0 0 16 0 0 0 0 NaN 0 NaN
Jun 16th 18:23:50.193 UTC 2 14 38 150 140 510.6602 577.6346 0 271.5226 104.3232 0 0 13 0 0 100 11.4492 0.5724602 7.209205 0.3604602
Jun 16th 18:22:50.232 UTC 3 15 2 105 95 264.8169 430.112 0 189.3402 9.693135 0 0 16 0 0 0 0 NaN 0 NaN
Jun 16th 18:22:49.132 UTC 2 15 43 147 137 500.6814 567.5378 0 269.2104 105.0005 0 0 12 0 0 35 3.829331 0.5470473 1.969331 0.2813331
Jun 16th 18:21:50.231 UTC 3 15 2 104 93 262.7919 420.3089 0 188.1638 9.412862 0 0 16 0 0 0 0 NaN 0 NaN
Jun 16th 18:21:49.133 UTC 2 15 40 145 137 483.8965 567.5378 0 270.1067 105.0005 0 0 12 0 0 15 1.664248 0.5547495 0.7042483 0.2347494
Jun 16th 18:20:50.232 UTC 3 15 1 100 93 257.1969 420.3089 0 187.8219 9.412862 0 0 16 0 0 0 0 NaN 0 NaN
Jun 16th 18:20:49.142 UTC 2 15 37 141 136 475.2264 565.8306 0 264.1182 105.4451 0 0 12 0 0 15 1.664248 0.5547495 0.7042483 0.2347494
Jun 16th 18:19:50.231 UTC 3 13 3 96 91 244.9832 409.5995 0 186.4526 8.097844 0 0 16 0 0 0 0 NaN 0 NaN
Jun 16th 18:19:49.132 UTC 2 13 36 138 135 470.2165 562.649 0 260.2272 99.1259 0 0 12 0 0 15 1.664248 0.5547495 0.7042483 0.2347494
Jun 16th 18:18:50.232 UTC 3 15 2 94 88 243.2932 388.1042 0 185.4512 7.400405 0 0 16 0 0 0 0 NaN 0 NaN
Jun 16th 18:18:49.132 UTC 2 13 38 136 130 465.308 534.3598 0 259.2836 98.95347 0 0 12 0 0 15 1.664248 0.5547495 0.7042483 0.2347494
Jun 16th 18:17:50.241 UTC 3 15 0 92 87 238.8982 381.3039 0 186.3159 7.365926 0 0 16 0 0 0 0 NaN 0 NaN
Jun 16th 18:17:48.030 UTC 2 15 38 136 126 465.308 516.1257 0 259.2836 99.7844 0 0 11 0 0 15 1.664248 0.5547495 0.7042483 0.2347494
Jun 16th 18:16:50.228 UTC 3 11 1 92 87 238.8982 381.3039 0 186.3159 7.383154 0 0 16 0 0 0 0 NaN 0 NaN
Jun 16th 18:16:48.030 UTC 2 15 37 134 125 458.1529 513.5728 0 259.654 100.3624 0 0 11 0 0 15 1.664248 0.5547495 0.7042483 0.2347494
Jun 16th 18:15:49.466 UTC 3 10 1 92 84 238.8982 374.293 0 186.3159 7.522323 0 0 15 0 0 0 0 NaN 0 NaN
Jun 16th 18:15:48.029 UTC 2 15 40 132 122 450.4917 496.2355 0 260.8811 96.46783 0 0 11 0 0 15 1.664248 0.5547495 0.7042483 0.2347494
Jun 16th 18:14:49.466 UTC 3 11 0 89 82 228.8282 362.7858 0 188.6492 7.51452 0 0 15 0 0 0 0 NaN 0 NaN
Jun 16th 18:14:46.982 UTC 2 15 39 127 120 437.9741 490.5744 0 257.9555 95.64711 0 0 10 0 0 15 1.664248 0.5547495 0.7042483 0.2347494
Jun 16th 18:13:49.468 UTC 3 11 0 87 79 221.7182 353.0337 0 184.8936 7.702604 0 0 15 0 0 0 0 NaN 0 NaN
Jun 16th 18:13:46.980 UTC 2 15 39 125 118 424.2941 484.8846 0 258.0566 96.68905 0 0 10 0 0 15 1.664248 0.5547495 0.7042483 0.2347494
Jun 16th 18:12:49.457 UTC 3 13 0 83 77 213.4982 339.5385 0 183.5539 7.702604 0 0 15 0 0 0 0 NaN 0 NaN
Jun 16th 18:12:45.908 UTC 2 15 36 123 116 420.6341 478.8917 0 249.9012 97.198 0 0 9 0 0 15 1.664248 0.5547495 0.7042483 0.2347494
Jun 16th 18:11:48.504 UTC 3 12 1 82 76 207.5245 337.4579 0 183.9845 7.745131 0 0 14 0 0 0 0 NaN 0 NaN
Jun 16th 18:11:45.896 UTC 2 15 33 118 116 405.4929 478.8917 0 231.641 97.198 0 0 9 0 0 15 1.664248 0.5547495 0.7042483 0.2347494
Jun 16th 18:10:47.628 UTC 3 12 0 79 75 201.402 334.0242 0 182.5114 7.828824 0 0 13 0 0 0 0 NaN 0 NaN
Jun 16th 18:10:45.906 UTC 2 14 36 117 111 403.7229 461.4298 0 232.2696 78.35014 0 0 9 0 0 15 1.664248 0.5547495 0.7042483 0.2347494
Jun 16th 18:09:47.639 UTC 3 15 1 78 71 197.4195 307.8475 0 183.6783 7.074894 0 0 13 0 0 0 0 NaN 0 NaN
Jun 16th 18:09:45.907 UTC 2 15 35 116 106 396.0954 443.2372 0 232.6665 80.11025 0 0 9 0 0 15 1.664248 0.5547495 0.7042483 0.2347494
Jun 16th 18:08:47.638 UTC 3 15 2 76 68 187.4632 295.2298 0 184.0438 6.829807 0 0 13 0 0 0 0 NaN 0 NaN
Jun 16th 18:08:44.703 UTC 2 15 35 113 104 390.7854 431.3376 0 225.8797 69.42579 0 0 8 0 0 15 1.664248 0.5547495 0.7042483 0.2347494
Jun 16th 18:07:47.637 UTC 3 12 1 76 68 187.4632 295.2298 0 184.0438 6.810428 0 0 13 0 0 0 0 NaN 0 NaN
Jun 16th 18:07:44.704 UTC 2 14 37 109 101 372.5042 418.0912 0 227.9847 61.31484 0 0 8 0 0 15 1.664248 0.5547495 0.7042483 0.2347494
Jun 16th 18:06:47.638 UTC 3 12 0 73 66 183.2107 290.7813 0 183.5207 6.813436 0 0 13 0 0 0 0 NaN 0 NaN
Jun 16th 18:06:43.633 UTC 2 14 39 109 97 372.5042 402.0207 0 227.9847 62.73701 0 0 7 0 0 15 1.664248 0.5547495 0.7042483 0.2347494
Jun 16th 18:05:47.628 UTC 3 11 0 71 64 180.1507 279.6667 0 183.9678 6.804118 0 0 13 0 0 0 0 NaN 0 NaN
Jun 16th 18:05:43.644 UTC 2 15 40 104 95 352.3854 395.0481 0 226.5219 62.85402 0 0 7 0 0 5 0.5470419 0.5470419 0.1870419 0.1870419
Jun 16th 18:04:47.648 UTC 3 12 0 68 63 166.4032 272.0048 0 184.3616 6.804118 0 0 13 0 0 0 0 NaN 0 NaN
Jun 16th 18:04:43.634 UTC 2 15 37 100 93 337.5053 386.1417 0 226.0859 63.65015 0 0 7 0 0 0 0 NaN 0 NaN
Jun 16th 18:03:47.638 UTC 3 10 1 67 62 164.3782 264.7004 0 182.9451 6.859602 0 0 13 0 0 0 0 NaN 0 NaN
Jun 16th 18:03:42.382 UTC 2 15 38 98 91 326.4466 373.6517 0 227.1167 62.01424 0 0 6 0 0 0 0 NaN 0 NaN
Jun 16th 18:02:47.636 UTC 3 10 0 65 60 157.8307 250.9084 0 180.0047 6.913354 0 0 13 0 0 0 0 NaN 0 NaN
Jun 16th 18:02:42.391 UTC 2 15 37 97 89 320.4053 364.34 0 226.4988 59.50751 0 0 6 0 0 0 0 NaN 0 NaN
Jun 16th 18:01:47.626 UTC 3 10 0 65 60 157.8307 250.9084 0 180.0047 6.913354 0 0 13 0 0 0 0 NaN 0 NaN
Jun 16th 18:01:42.380 UTC 2 15 33 93 87 306.1516 357.4567 0 225.4775 60.05973 0 0 6 0 0 0 0 NaN 0 NaN
Jun 16th 18:00:47.636 UTC 3 10 0 64 59 157.0307 247.0918 0 178.9032 6.926595 0 0 13 0 0 0 0 NaN 0 NaN
Jun 16th 18:00:42.380 UTC 2 15 32 93 84 306.1516 344.3891 0 225.4775 60.86363 0 0 6 0 0 0 0 NaN 0 NaN
Jun 16th 17:59:47.636 UTC 3 8 1 63 59 156.2307 247.0918 0 176.4384 7.029264 0 0 13 0 0 0 0 NaN 0 NaN
Jun 16th 17:59:42.378 UTC 2 15 29 90 83 296.924 339.3088 0 225.4585 61.3841 0 0 6 0 0 0 0 NaN 0 NaN
Jun 16th 17:58:46.605 UTC 3 10 1 61 56 151.5182 238.83 0 173.8605 7.029678 0 0 12 0 0 0 0 NaN 0 NaN
Jun 16th 17:58:42.390 UTC 2 15 29 86 79 285.999 317.8454 0 226.4122 61.69465 0 0 6 0 0 0 0 NaN 0 NaN
Jun 16th 17:57:46.606 UTC 3 10 0 60 56 149.8832 238.83 0 174.2071 7.029678 0 0 12 0 0 0 0 NaN 0 NaN
Jun 16th 17:57:42.380 UTC 2 15 26 85 77 282.279 308.7666 0 226.2995 62.38704 0 0 6 0 0 0 0 NaN 0 NaN
Jun 16th 17:56:46.606 UTC 3 11 0 57 53 142.9982 224.588 0 174.4243 7.032078 0 0 12 0 0 0 0 NaN 0 NaN
Jun 16th 17:56:42.379 UTC 2 15 25 84 75 279.579 302.8024 0 226.2079 63.56538 0 0 6 0 0 0 0 NaN 0 NaN
Jun 16th 17:55:46.606 UTC 3 10 0 56 52 141.6582 221.8245 0 174.731 7.179825 0 0 12 0 0 0 0 NaN 0 NaN
Jun 16th 17:55:42.390 UTC 2 15 23 82 73 274.854 298.4688 0 226.4604 63.58173 0 0 6 0 0 0 0 NaN 0 NaN
Jun 16th 17:54:46.616 UTC 3 8 0 54 51 131.5782 220.3533 0 177.1023 7.088083 0 0 12 0 0 0 0 NaN 0 NaN
Jun 16th 17:54:42.381 UTC 2 15 24 78 70 257.244 283.4801 0 225.1115 64.80724 0 0 6 0 0 0 0 NaN 0 NaN
Jun 16th 17:53:46.619 UTC 3 5 0 52 51 129.3982 220.3533 0 180.4371 7.309825 0 0 12 0 0 0 0 NaN 0 NaN
Jun 16th 17:53:42.384 UTC 2 14 22 73 70 241.6052 283.4801 0 216.4638 65.50912 0 0 6 0 0 0 0 NaN 0 NaN
Jun 16th 17:52:46.608 UTC 3 6 0 52 48 129.3982 213.9328 0 180.4371 7.378694 0 0 12 0 0 0 0 NaN 0 NaN
Jun 16th 17:52:42.370 UTC 2 15 25 72 63 238.9202 259.4063 0 216.457 56.57195 0 0 6 0 0 0 0 NaN 0 NaN
Jun 16th 17:51:46.617 UTC 3 5 0 51 47 128.1982 212.618 0 181.9075 7.490906 0 0 12 0 0 0 0 NaN 0 NaN
Jun 16th 17:51:42.391 UTC 2 15 23 72 62 238.9202 252.4241 0 216.457 57.25674 0 0 6 0 0 0 0 NaN 0 NaN
Jun 16th 17:50:46.610 UTC 3 7 1 48 44 122.6987 196.4039 0 182.1215 7.575418 0 0 12 0 0 0 0 NaN 0 NaN
Jun 16th 17:50:41.154 UTC 2 15 22 66 59 213.7142 239.2448 0 212.6786 57.40889 0 0 5 0 0 0 0 NaN 0 NaN
Jun 16th 17:49:46.609 UTC 3 7 1 46 42 118.2362 179.8102 0 187.1107 7.551596 0 0 12 0 0 0 0 NaN 0 NaN
Jun 16th 17:49:41.155 UTC 2 15 19 65 58 205.3442 234.5315 0 213.6222 56.59412 0 0 5 0 0 0 0 NaN 0 NaN
Jun 16th 17:48:46.616 UTC 3 7 0 46 40 118.2362 171.4558 0 187.1107 7.779886 0 0 12 0 0 0 0 NaN 0 NaN
Jun 16th 17:48:41.154 UTC 2 14 21 63 54 195.3204 215.4613 0 213.7135 50.35451 0 0 5 0 0 0 0 NaN 0 NaN
Jun 16th 17:47:45.504 UTC 3 9 0 46 38 118.2362 159.9039 0 187.1107 7.779886 0 0 11 0 0 0 0 NaN 0 NaN
Jun 16th 17:47:41.144 UTC 2 15 18 60 52 184.363 205.3806 0 213.7653 50.69017 0 0 5 0 0 0 0 NaN 0 NaN
Jun 16th 17:46:45.504 UTC 3 12 0 44 35 112.5662 146.3034 0 187.3755 7.779886 0 0 11 0 0 0 0 NaN 0 NaN
Jun 16th 17:46:41.165 UTC 2 14 14 59 51 181.708 198.7942 0 212.6602 51.14627 0 0 5 0 0 0 0 NaN 0 NaN
Jun 16th 17:45:44.544 UTC 3 13 0 44 34 112.5662 143.5877 0 187.3755 7.779886 0 0 10 0 0 0 0 NaN 0 NaN
Jun 16th 17:45:41.154 UTC 2 15 12 55 48 174.438 188.6942 0 200.1485 52.33082 0 0 5 0 0 0 0 NaN 0 NaN
Jun 16th 17:44:43.575 UTC 3 15 2 41 30 106.7137 129.0011 0 183.7374 6.674572 0 0 9 0 0 0 0 NaN 0 NaN
Jun 16th 17:44:41.154 UTC 2 15 11 53 45 169.948 176.9573 0 199.7482 52.97179 0 0 5 0 0 0 0 NaN 0 NaN
Jun 16th 17:43:43.576 UTC 3 15 1 36 29 89.63625 123.1326 0 175.0445 5.2321 0 0 9 0 0 0 0 NaN 0 NaN
Jun 16th 17:43:41.163 UTC 2 15 8 50 44 158.7392 172.0366 0 202.7505 53.68598 0 0 5 0 0 0 0 NaN 0 NaN
Jun 16th 17:42:43.566 UTC 3 14 0 33 29 83.42625 123.1326 0 177.3864 5.326811 0 0 9 0 0 0 0 NaN 0 NaN
Jun 16th 17:42:41.153 UTC 2 14 8 48 41 149.0192 161.8218 0 200.5906 42.87313 0 0 5 0 0 0 0 NaN 0 NaN
Jun 16th 17:41:43.587 UTC 3 14 0 31 28 79.06126 119.6128 0 175.8022 5.330967 0 0 9 0 0 0 0 NaN 0 NaN
Jun 16th 17:41:41.152 UTC 2 15 7 45 37 142.147 145.3907 0 195.6328 44.00851 0 0 5 0 0 0 0 NaN 0 NaN
Jun 16th 17:40:43.577 UTC 3 13 1 30 25 77.26125 109.564 0 174.2871 5.586943 0 0 9 0 0 0 0 NaN 0 NaN
Jun 16th 17:40:41.164 UTC 2 15 8 44 34 139.462 131.8253 0 192.6636 39.44569 0 0 5 0 0 0 0 NaN 0 NaN
Jun 16th 17:39:42.609 UTC 3 12 0 28 23 67.12125 99.92039 0 173.3254 5.39511 0 0 8 0 0 0 0 NaN 0 NaN
Jun 16th 17:39:41.154 UTC 2 15 8 41 33 128.647 130.9636 0 188.8438 40.08283 0 0 5 0 0 0 0 NaN 0 NaN
Jun 16th 17:38:42.617 UTC 3 12 1 27 20 63.4425 83.90736 0 175.7201 5.692657 0 0 8 0 0 0 0 NaN 0 NaN
Jun 16th 17:38:41.155 UTC 2 15 8 37 30 109.7695 110.9107 0 192.0649 41.9208 0 0 5 0 0 0 0 NaN 0 NaN
Jun 16th 17:37:41.154 UTC 2 15 9 35 27 104.247 97.60052 0 183.1598 31.545 0 0 5 0 0 0 0 NaN 0 NaN
Jun 16th 17:37:40.924 UTC 3 12 1 25 18 60.3625 72.96822 0 177.7447 5.520498 0 0 6 0 0 0 0 NaN 0 NaN
Jun 16th 17:36:41.164 UTC 2 14 10 32 25 93.8925 89.80141 0 173.1777 32.85647 0 0 5 0 0 0 0 NaN 0 NaN
Jun 16th 17:36:40.932 UTC 3 10 0 24 18 58.3375 72.96822 0 178.1913 5.843822 0 0 6 0 0 0 0 NaN 0 NaN
Jun 16th 17:35:41.154 UTC 2 15 9 31 22 91.17 78.20487 0 171.1626 33.39761 0 0 5 0 0 0 0 NaN 0 NaN
Jun 16th 17:35:40.926 UTC 3 9 0 20 16 43.92625 57.94127 0 177.4981 5.647163 0 0 6 0 0 0 0 NaN 0 NaN
Jun 16th 17:34:40.144 UTC 2 14 9 30 20 85.59 71.92155 0 168.1184 26.65221 0 0 4 0 0 0 0 NaN 0 NaN
Jun 16th 17:34:39.923 UTC 3 9 1 19 15 43.32625 52.9344 0 174.4507 5.65329 0 0 5 0 0 0 0 NaN 0 NaN
Jun 16th 17:33:40.153 UTC 2 15 8 26 16 67.73625 52.70462 0 173.5195 14.1169 0 0 4 0 0 0 0 NaN 0 NaN
Jun 16th 17:33:39.924 UTC 3 9 0 19 14 43.32625 45.4289 0 174.4507 5.573515 0 0 5 0 0 0 0 NaN 0 NaN
Jun 16th 17:32:39.075 UTC 3 9 1 19 13 43.32625 41.69529 0 174.4507 5.51962 0 0 4 0 0 0 0 NaN 0 NaN
Jun 16th 17:32:39.051 UTC 2 15 8 22 13 54.14626 38.17226 0 158.4902 9.144089 0 0 3 0 0 0 0 NaN 0 NaN
Jun 16th 17:31:39.066 UTC 3 8 0 17 12 32.64625 39.26045 0 161.8755 5.246561 0 0 4 0 0 0 0 NaN 0 NaN
Jun 16th 17:31:39.041 UTC 2 15 6 19 12 38.2425 37.45745 0 155.6534 7.413151 0 0 3 0 0 0 0 NaN 0 NaN
Jun 16th 17:30:39.065 UTC 3 10 0 16 9 31.29625 26.11303 0 157.7979 5.325639 0 0 4 0 0 0 0 NaN 0 NaN
Jun 16th 17:30:39.051 UTC 2 15 4 16 10 33.0725 25.69818 0 155.6365 5.856999 0 0 3 0 0 0 0 NaN 0 NaN
Jun 16th 17:29:39.040 UTC 2 15 1 15 9 32.1725 21.75076 0 150.7198 5.398341 0 0 3 0 0 0 0 NaN 0 NaN
Jun 16th 17:29:38.363 UTC 3 13 0 14 6 27.89125 14.34416 0 162.1724 5.325639 0 0 3 0 0 0 0 NaN 0 NaN
Jun 16th 17:28:39.041 UTC 2 11 0 13 8 23.9375 21.03275 0 152.494 5.280876 0 0 3 0 0 0 0 NaN 0 NaN
Jun 16th 17:28:38.352 UTC 3 13 1 11 5 22.2625 12.48372 0 135.0075 5.175127 0 0 3 0 0 0 0 NaN 0 NaN
Jun 16th 17:27:39.051 UTC 2 11 0 11 6 21.7875 14.66645 0 136.5539 5.273592 0 0 3 0 0 0 0 NaN 0 NaN
Jun 16th 17:27:37.332 UTC 3 14 1 8 2 17.2525 3.085845 0 140.3689 5.129148 0 0 2 0 0 0 0 NaN 0 NaN
Jun 16th 17:26:39.041 UTC 2 10 0 8 5 15.33 11.07963 0 128.6962 5.127082 0 0 3 0 0 0 0 NaN 0 NaN
Jun 16th 17:26:37.323 UTC 3 12 0 7 1 15.6175 1.879586 0 149.7288 5.237239 0 0 2 0 0 0 0 NaN 0 NaN
Jun 16th 17:25:39.041 UTC 2 10 0 7 3 13.02 5.329206 0 113.8975 5.014884 0 0 3 0 0 0 0 NaN 0 NaN
Jun 16th 17:25:37.324 UTC 3 9 1 4 0 10.19 0 0 162.8689 5.002445 0 0 2 0 0 0 0 NaN 0 NaN
Jun 16th 17:24:37.857 UTC 2 10 0 6 1 10.365 1.400921 0 101.1262 5.587812 0 0 2 0 0 0 0 NaN 0 NaN
Jun 16th 17:24:36.343 UTC 3 7 1 0 0 0 0 0 NaN 4.547854 0 0 1 0 0 0 0 NaN 0 NaN
Jun 16th 17:23:37.856 UTC 2 7 0 3 1 5.475 1.400921 0 104.826 5.109199 0 0 2 0 0 0 0 NaN 0 NaN
Jun 16th 17:23:36.340 UTC 3 5 1 0 0 0 0 0 NaN 4.885944 0 0 1 0 0 0 0 NaN 0 NaN
Jun 16th 17:22:37.857 UTC 2 5 0 1 0 2.025 0 0 59.79117 5.865335 0 0 2 0 0 0 0 NaN 0 NaN
Jun 16th 17:22:36.338 UTC 3 3 0 0 0 0 0 0 NaN 4.338436 0 0 1 0 0 0 0 NaN 0 NaN
Jun 16th 17:21:36.703 UTC 2 3 0 0 0 0 0 0 NaN 3.540984 0 0 1 0 0 0 0 NaN 0 NaN
Jun 16th 17:21:36.338 UTC 3 1 0 0 0 0 0 0 NaN 11.59423 0 0 1 0 0 0 0 NaN 0 NaN
Jun 16th 17:20:35.614 UTC 2 0 0 0 0 0 0 0 NaN NaN 0 0 0 0 0 0 0 NaN 0 NaN
Jun 16th 17:20:35.606 UTC 3 0 0 0 0 0 0 0 NaN NaN 0 0 0 0 0 0 0 NaN 0 NaN