dt1 dt2 dt3 dt4 controller drones queue deliveries fullTrips revenue costs penalties avgDelTime avgWaitTime fDel fRet fLaunch collisions unknown penalties rejecValue avgRejecValue potentialLost avgPotentialLost
Jun 16th 23:19:39.022 UTC 2 15 52 953 946 2555.04 3706.425 0 339.243 185.1742 0 0 78 0 0 1445 576.2575 1.993971 334.7944 1.158458
Jun 16th 23:19:35.207 UTC 3 11 0 641 632 1714.214 2995.701 10 197.9391 10.71928 2 3 91 0 0 0 0 NaN 0 NaN
Jun 16th 23:18:39.021 UTC 2 15 54 949 941 2537.818 3693.778 0 340.0121 185.2543 0 0 78 0 0 1430 572.3903 2.001365 334.9772 1.171249
Jun 16th 23:18:35.217 UTC 3 9 0 639 631 1712.814 2989.146 10 197.814 10.73533 2 3 91 0 0 0 0 NaN 0 NaN
Jun 16th 23:17:39.020 UTC 2 15 55 948 937 2537.098 3681.103 0 339.8257 185.9387 0 0 78 0 0 1410 564.8679 2.003078 331.5048 1.175549
Jun 16th 23:17:35.219 UTC 3 10 0 637 629 1708.899 2978.488 10 197.9219 10.7459 2 3 91 0 0 0 0 NaN 0 NaN
Jun 16th 23:16:39.010 UTC 2 15 53 944 934 2530.653 3673.339 0 340.7129 186.4859 0 0 78 0 0 1385 558.4226 2.015966 331.8095 1.197868
Jun 16th 23:16:35.209 UTC 3 11 0 636 628 1706.419 2972.39 10 197.9985 10.7459 2 3 91 0 0 0 0 NaN 0 NaN
Jun 16th 23:15:39.011 UTC 2 14 53 939 932 2518.874 3661.857 0 341.8322 186.8779 0 0 78 0 0 1365 553.8337 2.028695 331.2707 1.213446
Jun 16th 23:15:35.207 UTC 3 9 1 634 627 1701.106 2965.615 10 197.913 10.77312 2 3 91 0 0 0 0 NaN 0 NaN
Jun 16th 23:14:39.020 UTC 2 15 54 936 928 2509.717 3645.592 0 342.2898 187.0859 0 0 78 0 0 1355 551.2556 2.034153 331.3926 1.222851
Jun 16th 23:14:35.217 UTC 3 11 0 634 623 1701.106 2951.6 10 197.913 10.78045 2 3 91 0 0 0 0 NaN 0 NaN
Jun 16th 23:13:39.021 UTC 2 15 55 934 923 2504.099 3628.554 0 342.4899 187.7854 0 0 78 0 0 1335 546.0994 2.045316 331.6364 1.242084
Jun 16th 23:13:35.218 UTC 3 10 0 633 622 1699.336 2943.964 10 197.8095 10.79872 2 3 91 0 0 0 0 NaN 0 NaN
Jun 16th 23:12:39.010 UTC 2 15 50 931 923 2494.038 3628.554 0 343.3603 187.7854 0 0 78 0 0 1310 539.6541 2.059748 331.9411 1.266951
Jun 16th 23:12:35.217 UTC 3 11 0 630 621 1688.457 2942.231 10 197.939 10.79872 2 3 91 0 0 0 0 NaN 0 NaN
Jun 16th 23:11:39.010 UTC 2 15 48 928 920 2482.423 3617.079 0 340.5703 188.3703 0 0 78 0 0 1285 533.2087 2.074742 332.2458 1.292785
Jun 16th 23:11:35.208 UTC 3 12 0 627 619 1678.803 2933.972 10 197.8693 10.80484 2 3 91 0 0 0 0 NaN 0 NaN
Jun 16th 23:10:39.021 UTC 2 15 48 925 916 2477.08 3597.881 0 340.6224 188.9471 0 0 78 0 0 1265 528.0525 2.087164 332.4896 1.314188
Jun 16th 23:10:35.217 UTC 3 10 1 626 619 1676.793 2933.972 10 198.0676 10.83113 2 3 91 0 0 0 0 NaN 0 NaN
Jun 16th 23:09:39.010 UTC 2 15 48 923 914 2470.532 3588.86 0 341.0286 189.2735 0 0 78 0 0 1255 525.4744 2.093523 332.4765 1.324608
Jun 16th 23:09:35.216 UTC 3 9 0 625 617 1672.653 2929.639 10 198.0175 10.85603 2 3 91 0 0 0 0 NaN 0 NaN
Jun 16th 23:08:39.010 UTC 2 15 43 921 914 2464.066 3588.86 0 340.9101 189.2735 0 0 78 0 0 1230 519.0291 2.109874 332.1063 1.350026
Jun 16th 23:08:35.209 UTC 3 11 0 623 615 1666.811 2916.431 10 198.1102 10.85603 2 3 91 0 0 0 0 NaN 0 NaN
Jun 16th 23:07:36.958 UTC 2 15 47 918 910 2454.702 3577.768 0 341.1249 186.4503 0 0 76 0 0 1220 516.4509 2.116602 331.9583 1.360485
Jun 16th 23:07:34.383 UTC 3 14 0 622 610 1659.183 2891.607 10 198.334 10.87274 2 3 90 0 0 0 0 NaN 0 NaN
Jun 16th 23:06:36.958 UTC 2 15 47 915 908 2449.87 3568.788 0 340.9804 186.7972 0 0 76 0 0 1210 513.8728 2.123441 331.8102 1.371116
Jun 16th 23:06:34.375 UTC 3 13 0 620 607 1650.071 2876.558 10 198.6529 10.92211 2 3 90 0 0 0 0 NaN 0 NaN
Jun 16th 23:05:36.968 UTC 2 15 46 912 907 2438.744 3563.369 0 341.687 186.9946 0 0 76 0 0 1195 508.8761 2.129189 329.2436 1.377588
Jun 16th 23:05:33.491 UTC 3 12 0 618 606 1642.631 2874.931 10 198.8327 10.94213 2 3 89 0 0 0 0 NaN 0 NaN
Jun 16th 23:04:36.958 UTC 2 15 49 909 902 2430.7 3539.184 0 342.1771 187.2592 0 0 76 0 0 1180 504.593 2.138106 327.3905 1.387248
Jun 16th 23:04:32.746 UTC 3 13 0 615 604 1633.597 2867.514 10 199.1731 10.95609 2 3 88 0 0 0 0 NaN 0 NaN
Jun 16th 23:03:36.958 UTC 2 15 49 908 899 2427.021 3533.133 0 342.3643 187.5394 0 0 76 0 0 1165 500.7258 2.149038 327.1684 1.404156
Jun 16th 23:03:32.755 UTC 3 11 0 612 603 1625.172 2860.488 10 199.3964 10.9793 2 3 88 0 0 0 0 NaN 0 NaN
Jun 16th 23:02:36.958 UTC 2 13 51 906 896 2423.871 3520.238 0 342.7972 188.0679 0 0 76 0 0 1145 494.4673 2.159246 324.1499 1.415502
Jun 16th 23:02:32.755 UTC 3 10 1 612 603 1625.172 2857.836 10 199.3964 10.99543 2 2 88 0 0 0 0 NaN 0 NaN
Jun 16th 23:01:36.969 UTC 2 15 51 903 892 2416.716 3502.348 0 343.3317 188.3594 0 0 76 0 0 1135 491.8891 2.166913 323.7318 1.426131
Jun 16th 23:01:32.745 UTC 3 8 0 609 603 1614.731 2857.836 10 198.4051 11.0019 2 2 88 0 0 0 0 NaN 0 NaN
Jun 16th 23:00:36.969 UTC 2 15 47 897 891 2403.705 3497.628 0 340.4886 188.5266 0 0 76 0 0 1105 483.0525 2.185758 320.2953 1.4493
Jun 16th 23:00:32.747 UTC 3 11 1 607 599 1610.321 2850.164 10 198.1515 11.00757 2 2 88 0 0 0 0 NaN 0 NaN
Jun 16th 22:59:36.958 UTC 2 15 45 896 890 2395.335 3492.902 0 340.6876 188.6898 0 0 76 0 0 1090 479.1853 2.198098 319.6681 1.466367
Jun 16th 22:59:32.757 UTC 3 11 0 605 598 1608.371 2847.895 10 198.6107 11.02304 2 2 88 0 0 0 0 NaN 0 NaN
Jun 16th 22:58:36.968 UTC 2 15 42 894 887 2391.96 3483.09 0 340.969 189.2424 0 0 76 0 0 1060 471.4509 2.223825 318.4138 1.501952
Jun 16th 22:58:32.748 UTC 3 11 1 602 597 1601.791 2843.134 10 198.8062 11.02716 2 2 88 0 0 0 0 NaN 0 NaN
Jun 16th 22:57:36.959 UTC 2 15 42 892 885 2384.515 3475.166 0 341.0558 189.5944 0 0 76 0 0 1045 468.0432 2.239441 316.8961 1.51625
Jun 16th 22:57:32.746 UTC 3 13 0 600 594 1597.996 2828.867 10 198.9789 11.04443 2 2 88 0 0 0 0 NaN 0 NaN
Jun 16th 22:56:36.958 UTC 2 15 43 889 881 2376.742 3456.843 0 341.4843 186.5665 0 0 76 0 0 1030 464.176 2.253282 315.864 1.53332
Jun 16th 22:56:32.747 UTC 3 14 0 600 590 1597.996 2815.649 10 198.9789 11.06178 2 2 88 0 0 0 0 NaN 0 NaN
Jun 16th 22:55:36.968 UTC 2 15 43 886 879 2369.255 3447.426 0 342.116 186.9395 0 0 76 0 0 1020 461.5979 2.262735 315.1759 1.54498
Jun 16th 22:55:32.748 UTC 3 14 0 598 587 1594.171 2806.181 10 199.3783 11.10893 2 2 88 0 0 0 0 NaN 0 NaN
Jun 16th 22:54:36.968 UTC 2 15 43 884 877 2364.775 3437.441 0 342.4563 187.3354 0 0 76 0 0 1010 459.0198 2.272375 314.4878 1.55687
Jun 16th 22:54:31.920 UTC 3 13 0 596 586 1583.349 2800.364 10 199.5575 11.12387 2 2 87 0 0 0 0 NaN 0 NaN
Jun 16th 22:53:36.969 UTC 2 15 44 884 874 2364.775 3427.989 0 342.4563 187.5879 0 0 76 0 0 990 452.934 2.287545 310.292 1.567131
Jun 16th 22:53:31.913 UTC 3 15 1 592 581 1563.2 2781.278 10 199.6671 11.14779 2 2 87 0 0 0 0 NaN 0 NaN
Jun 16th 22:52:36.968 UTC 2 15 46 879 870 2349.665 3414.356 0 342.9466 188.2963 0 0 76 0 0 980 450.3559 2.297734 309.6039 1.579612
Jun 16th 22:52:31.905 UTC 3 15 0 588 579 1556.13 2768.989 10 199.9929 11.1644 2 2 87 0 0 0 0 NaN 0 NaN
Jun 16th 22:51:36.958 UTC 2 15 44 877 868 2344.31 3409.187 0 342.9999 188.6598 0 0 76 0 0 960 445.1996 2.318748 308.0927 1.60465
Jun 16th 22:51:31.915 UTC 3 15 0 587 577 1549.92 2759.559 10 200.192 11.18955 2 2 87 0 0 0 0 NaN 0 NaN
Jun 16th 22:50:36.958 UTC 2 14 43 872 868 2338.205 3409.187 0 343.5784 188.8001 0 0 76 0 0 950 442.6215 2.329587 307.1346 1.616498
Jun 16th 22:50:31.912 UTC 3 12 0 585 576 1547.67 2755.88 10 200.2255 11.22013 2 2 87 0 0 0 0 NaN 0 NaN
Jun 16th 22:49:36.969 UTC 2 15 42 869 865 2332.195 3398.299 0 343.597 189.1875 0 0 76 0 0 930 433.639 2.331393 300.5822 1.616033
Jun 16th 22:49:31.914 UTC 3 12 0 581 575 1533.608 2748.882 10 200.3608 11.23457 2 2 87 0 0 0 0 NaN 0 NaN
Jun 16th 22:48:36.968 UTC 2 15 45 867 860 2329.045 3379.219 0 344.037 189.6203 0 0 76 0 0 920 431.0609 2.342722 299.6241 1.628392
Jun 16th 22:48:31.116 UTC 3 10 0 581 575 1533.608 2748.882 10 200.3608 11.24088 2 2 86 0 0 0 0 NaN 0 NaN
Jun 16th 22:47:34.692 UTC 2 13 48 866 858 2323.071 3369.706 0 344.1994 189.8718 0 0 74 0 0 905 427.1937 2.360186 298.187 1.647442
Jun 16th 22:47:31.106 UTC 3 12 0 580 570 1531.583 2716.885 10 200.4415 11.26535 2 2 86 0 0 0 0 NaN 0 NaN
Jun 16th 22:46:34.704 UTC 2 15 50 864 852 2319.011 3344.716 0 344.7961 189.9988 0 0 74 0 0 890 423.0464 2.376665 295.6598 1.66101
Jun 16th 22:46:30.145 UTC 3 12 1 578 568 1526.364 2710.263 10 200.0842 11.29823 2 2 85 0 0 0 0 NaN 0 NaN
Jun 16th 22:45:34.704 UTC 2 15 50 860 850 2311.891 3336.777 0 345.1265 190.4026 0 0 74 0 0 880 420.4682 2.389024 294.5667 1.673674
Jun 16th 22:45:29.258 UTC 3 11 1 578 567 1526.364 2703.019 10 200.0842 11.31377 2 2 84 0 0 0 0 NaN 0 NaN
Jun 16th 22:44:34.694 UTC 2 15 47 857 849 2303.636 3331.25 0 344.869 190.549 0 0 74 0 0 855 410.4007 2.400004 287.1992 1.679528
Jun 16th 22:44:29.258 UTC 3 12 0 576 566 1522.764 2701.66 10 200.1089 11.31377 2 2 84 0 0 0 0 NaN 0 NaN
Jun 16th 22:43:34.706 UTC 2 15 43 855 848 2299.081 3327.682 0 344.6206 190.7411 0 0 74 0 0 830 403.9554 2.433466 284.129 1.71162
Jun 16th 22:43:29.250 UTC 3 13 0 572 564 1510.31 2692.887 10 200.299 11.31901 2 2 84 0 0 0 0 NaN 0 NaN
Jun 16th 22:42:34.704 UTC 2 15 41 850 846 2284.784 3318.109 0 344.7018 191.1218 0 0 74 0 0 810 398.7991 2.461723 281.6728 1.738721
Jun 16th 22:42:29.259 UTC 3 13 1 570 562 1504.61 2686.237 10 200.1143 11.34679 2 2 84 0 0 0 0 NaN 0 NaN
Jun 16th 22:41:34.704 UTC 2 14 41 849 844 2283.984 3310.804 0 344.9025 191.2568 0 0 74 0 0 790 393.2284 2.488787 278.1271 1.760298
Jun 16th 22:41:28.462 UTC 3 13 1 568 561 1499.731 2683.659 10 200.1066 11.3504 2 2 83 0 0 0 0 NaN 0 NaN
Jun 16th 22:40:34.693 UTC 2 15 41 848 841 2282.894 3298.649 0 344.9899 190.9727 0 0 74 0 0 780 390.6502 2.504168 276.899 1.774994
Jun 16th 22:40:28.462 UTC 3 11 0 567 561 1494.534 2683.659 10 200.2595 11.38116 2 2 83 0 0 0 0 NaN 0 NaN
Jun 16th 22:39:34.706 UTC 2 13 44 845 838 2276.569 3290.962 0 345.6407 190.7184 0 0 74 0 0 770 388.0721 2.519949 275.6709 1.790071
Jun 16th 22:39:27.757 UTC 3 10 1 564 558 1488.031 2668.071 10 200.3428 11.4061 2 2 82 0 0 0 0 NaN 0 NaN
Jun 16th 22:38:33.560 UTC 2 15 47 843 832 2273.014 3267.188 0 345.8486 191.3895 0 0 73 0 0 760 385.494 2.536145 274.1728 1.803769
Jun 16th 22:38:27.757 UTC 3 9 0 563 557 1486.261 2665.703 10 200.2524 11.43757 2 2 82 0 0 0 0 NaN 0 NaN
Jun 16th 22:37:33.552 UTC 2 15 44 839 831 2261.6 3265.057 0 346.7646 191.5509 0 0 73 0 0 740 380.3377 2.569849 271.1766 1.832274
Jun 16th 22:37:27.766 UTC 3 7 0 562 557 1483.539 2665.703 10 200.4296 11.46058 2 2 82 0 0 0 0 NaN 0 NaN
Jun 16th 22:36:33.572 UTC 2 15 44 836 827 2254.802 3249.088 0 347.3195 192.3013 0 0 73 0 0 720 375.1815 2.605427 268.1804 1.862364
Jun 16th 22:36:27.766 UTC 3 7 0 561 556 1477.959 2661.803 10 200.6169 11.47733 2 2 82 0 0 0 0 NaN 0 NaN
Jun 16th 22:35:33.561 UTC 2 15 43 834 825 2250.153 3239.758 0 347.7454 192.5262 0 0 73 0 0 705 371.3143 2.633435 265.9332 1.886051
Jun 16th 22:35:27.766 UTC 3 8 0 560 553 1474.239 2646.683 10 200.5969 11.50045 2 2 82 0 0 0 0 NaN 0 NaN
Jun 16th 22:34:32.549 UTC 2 13 44 831 824 2242.733 3237.849 0 348.2963 193.0675 0 0 72 0 0 690 367.4471 2.66266 263.6861 1.910769
Jun 16th 22:34:27.757 UTC 3 7 0 559 552 1466.611 2640.786 10 200.3805 11.52736 2 2 82 0 0 0 0 NaN 0 NaN
Jun 16th 22:33:32.562 UTC 2 15 40 829 820 2239.019 3219.567 0 348.4933 193.3782 0 0 72 0 0 660 359.7127 2.725096 258.7867 1.960505
Jun 16th 22:33:27.748 UTC 3 9 0 558 550 1464.976 2633.957 10 200.4577 11.52736 2 2 82 0 0 0 0 NaN 0 NaN
Jun 16th 22:32:32.572 UTC 2 15 40 825 817 2232.568 3209.043 0 349.1735 193.9592 0 0 72 0 0 655 358.139 2.733886 257.213 1.963458
Jun 16th 22:32:27.767 UTC 3 8 0 556 550 1460.946 2633.957 10 200.6006 11.53378 2 2 82 0 0 0 0 NaN 0 NaN
Jun 16th 22:31:32.563 UTC 2 14 39 824 816 2228.586 3204.85 0 348.9051 194.3414 0 0 72 0 0 645 351.898 2.727892 250.972 1.945519
Jun 16th 22:31:27.760 UTC 3 12 0 556 545 1460.946 2611.093 10 200.6006 11.54737 2 2 82 0 0 0 0 NaN 0 NaN
Jun 16th 22:30:32.561 UTC 2 15 36 819 814 2211.258 3199.47 0 349.4619 194.5712 0 0 72 0 0 645 351.898 2.727892 250.972 1.945519
Jun 16th 22:30:27.760 UTC 3 12 0 551 544 1446.199 2602.238 10 200.8411 11.55208 2 2 82 0 0 0 0 NaN 0 NaN
Jun 16th 22:29:32.561 UTC 2 14 36 817 811 2204.27 3190.981 0 349.9539 195.1431 0 0 72 0 0 645 351.898 2.727892 250.972 1.945519
Jun 16th 22:29:27.749 UTC 3 10 0 551 544 1446.199 2602.238 10 200.8411 11.58484 2 2 82 0 0 0 0 NaN 0 NaN
Jun 16th 22:28:31.542 UTC 2 15 40 814 806 2190.89 3168.522 0 350.5726 195.5514 0 0 71 0 0 640 346.7621 2.709079 248.4349 1.940897
Jun 16th 22:28:27.760 UTC 3 10 0 550 541 1445.299 2586.866 10 200.9237 11.60097 2 2 82 0 0 0 0 NaN 0 NaN
Jun 16th 22:27:31.549 UTC 2 15 39 813 803 2186.908 3159.23 0 350.6073 196.0393 0 0 71 0 0 630 342.3457 2.71703 245.0245 1.944639
Jun 16th 22:27:27.750 UTC 3 12 0 548 539 1441.646 2572.375 10 200.7271 11.60097 2 2 82 0 0 0 0 NaN 0 NaN
Jun 16th 22:26:31.561 UTC 2 15 39 809 800 2171.63 3145.495 0 351.7194 196.1774 0 0 71 0 0 630 342.3457 2.71703 245.0245 1.944639
Jun 16th 22:26:26.791 UTC 3 13 1 547 536 1439.166 2565.664 10 200.5526 11.62142 2 2 81 0 0 0 0 NaN 0 NaN
Jun 16th 22:25:31.549 UTC 2 15 40 806 796 2166.04 3127.816 0 352.4428 196.8806 0 0 71 0 0 625 339.9568 2.719654 243.8618 1.950894
Jun 16th 22:25:26.788 UTC 3 13 0 544 535 1429.409 2562.489 10 200.7687 11.6353 2 2 81 0 0 0 0 NaN 0 NaN
Jun 16th 22:24:31.552 UTC 2 15 39 805 795 2166.04 3122.813 0 348.1824 197.1003 0 0 71 0 0 620 338.3882 2.728937 242.2932 1.953977
Jun 16th 22:24:26.778 UTC 3 11 1 541 534 1424.384 2560.009 10 200.7878 11.67366 2 2 81 0 0 0 0 NaN 0 NaN
Jun 16th 22:23:31.541 UTC 2 15 40 802 792 2154.712 3108.012 0 348.5107 197.7754 0 0 71 0 0 615 336.0037 2.731738 239.9087 1.950477
Jun 16th 22:23:26.789 UTC 3 14 0 540 530 1422.614 2546.408 10 200.9138 11.68592 2 2 81 0 0 0 0 NaN 0 NaN
Jun 16th 22:22:31.551 UTC 2 15 37 799 790 2146.642 3102.52 0 348.7121 198.159 0 0 71 0 0 610 334.4392 2.741305 238.5076 1.954981
Jun 16th 22:22:26.789 UTC 3 15 4 536 525 1414.739 2520.165 10 200.5004 11.24092 2 2 81 0 0 0 0 NaN 0 NaN
Jun 16th 22:21:31.551 UTC 2 15 37 794 789 2134.182 3096.282 0 349.1848 198.3572 0 0 71 0 0 610 334.4392 2.741305 238.5076 1.954981
Jun 16th 22:21:26.779 UTC 3 15 1 533 524 1409.586 2511.494 10 201.0643 11.24694 2 2 81 0 0 0 0 NaN 0 NaN
Jun 16th 22:20:31.541 UTC 2 13 37 794 788 2134.182 3090.432 0 349.1848 194.3565 0 0 71 0 0 610 334.4392 2.741305 238.5076 1.954981
Jun 16th 22:20:26.780 UTC 3 14 0 531 523 1405.761 2504.662 10 201.3416 11.2609 2 2 81 0 0 0 0 NaN 0 NaN
Jun 16th 22:19:30.460 UTC 2 15 37 790 785 2119.265 3076.474 0 349.35 194.5946 0 0 70 0 0 610 334.4392 2.741305 238.5076 1.954981
Jun 16th 22:19:25.820 UTC 3 12 0 530 523 1404.126 2504.662 10 201.3523 11.27266 2 2 80 0 0 0 0 NaN 0 NaN
Jun 16th 22:18:30.447 UTC 2 13 38 790 783 2119.265 3068.506 0 349.35 194.9714 0 0 70 0 0 610 334.4392 2.741305 238.5076 1.954981
Jun 16th 22:18:25.819 UTC 3 10 1 529 521 1402.586 2492.019 10 201.3691 11.33195 2 2 80 0 0 0 0 NaN 0 NaN
Jun 16th 22:17:30.459 UTC 2 15 38 789 779 2117.24 3052.152 0 349.6168 195.1166 0 0 70 0 0 610 334.4392 2.741305 238.5076 1.954981
Jun 16th 22:17:24.883 UTC 3 11 0 529 519 1402.586 2481.479 10 201.3691 11.33601 2 2 79 0 0 0 0 NaN 0 NaN
Jun 16th 22:16:30.458 UTC 2 13 40 785 776 2111.54 3045.195 0 340.5011 195.6517 0 0 70 0 0 605 333.9029 2.759528 237.9714 1.966706
Jun 16th 22:16:24.892 UTC 3 10 0 527 518 1395.866 2475.444 10 200.8684 11.37037 2 2 79 0 0 0 0 NaN 0 NaN
Jun 16th 22:15:30.448 UTC 2 15 40 782 773 2105.072 3029.619 0 340.8648 195.8875 0 0 70 0 0 590 326.4311 2.766366 230.7448 1.955464
Jun 16th 22:15:24.881 UTC 3 13 0 525 514 1390.521 2458.822 10 200.4541 11.37827 2 2 79 0 0 0 0 NaN 0 NaN
Jun 16th 22:14:30.458 UTC 2 15 39 777 771 2096.83 3021.938 0 341.4352 196.338 0 0 70 0 0 580 322.9031 2.783648 227.5828 1.961921
Jun 16th 22:14:24.003 UTC 3 15 0 522 512 1378.574 2441.159 10 200.8877 11.37827 2 2 78 0 0 0 0 NaN 0 NaN
Jun 16th 22:13:30.458 UTC 2 15 36 776 770 2092.847 3015.961 0 341.651 196.5628 0 0 70 0 0 580 322.9031 2.783648 227.5828 1.961921
Jun 16th 22:13:23.044 UTC 3 14 0 520 512 1376.024 2441.159 10 200.8688 11.39924 2 2 77 0 0 0 0 NaN 0 NaN
Jun 16th 22:12:30.448 UTC 2 15 39 775 766 2092.047 2999.712 0 341.8151 187.4178 0 0 70 0 0 580 322.9031 2.783648 227.5828 1.961921
Jun 16th 22:12:21.320 UTC 3 15 0 517 510 1369.329 2430.896 10 200.6586 11.41832 2 2 75 0 0 0 0 NaN 0 NaN
Jun 16th 22:11:30.458 UTC 2 15 38 770 764 2080.163 2989.679 0 342.5026 187.6298 0 0 70 0 0 580 322.9031 2.783648 227.5828 1.961921
Jun 16th 22:11:21.331 UTC 3 15 0 517 506 1369.329 2415.863 10 200.6586 11.44354 2 2 75 0 0 0 0 NaN 0 NaN
Jun 16th 22:10:30.458 UTC 2 15 40 770 760 2080.163 2972.699 0 342.5026 188.075 0 0 70 0 0 575 322.0874 2.80076 226.767 1.971887
Jun 16th 22:10:21.343 UTC 3 14 0 517 505 1369.329 2407.658 10 200.6586 11.47536 2 2 75 0 0 0 0 NaN 0 NaN
Jun 16th 22:09:30.448 UTC 2 15 39 767 758 2067.35 2966.33 0 343.1675 188.43 0 0 70 0 0 575 322.0874 2.80076 226.767 1.971887
Jun 16th 22:09:20.381 UTC 3 14 0 515 504 1363.711 2403.12 10 200.356 11.48251 2 2 74 0 0 0 0 NaN 0 NaN
Jun 16th 22:08:30.448 UTC 2 15 39 765 755 2060.971 2952.027 0 343.5522 188.8842 0 0 70 0 0 570 314.5406 2.759129 219.2203 1.922985
Jun 16th 22:08:20.380 UTC 3 14 0 510 502 1349.795 2389.912 10 199.4609 11.51262 2 2 74 0 0 0 0 NaN 0 NaN
Jun 16th 22:07:28.340 UTC 2 15 40 761 753 2046.553 2939.617 0 341.2795 189.185 0 0 68 0 0 570 314.5406 2.759129 219.2203 1.922985
Jun 16th 22:07:20.370 UTC 3 14 1 508 499 1346.54 2374.215 10 199.3379 11.46692 2 2 74 0 0 0 0 NaN 0 NaN
Jun 16th 22:06:28.340 UTC 2 15 39 759 753 2043.703 2939.617 0 340.4794 189.185 0 0 68 0 0 555 301.6961 2.717983 206.5937 1.861205
Jun 16th 22:06:20.371 UTC 3 15 0 507 498 1344.087 2370.711 10 199.3735 11.46692 2 2 74 0 0 0 0 NaN 0 NaN
Jun 16th 22:05:28.346 UTC 2 14 39 757 750 2034.838 2923.767 0 340.6927 190.0768 0 0 68 0 0 545 293.17 2.689633 199.1072 1.826671
Jun 16th 22:05:20.381 UTC 3 13 3 507 497 1344.087 2365.656 10 199.3735 11.02941 2 2 74 0 0 0 0 NaN 0 NaN
Jun 16th 22:04:28.345 UTC 2 15 38 755 746 2030.338 2904.703 0 340.9243 187.7557 0 0 68 0 0 545 293.17 2.689633 199.1072 1.826671
Jun 16th 22:04:20.383 UTC 3 15 2 502 494 1332.781 2344.41 10 199.2201 10.99875 2 2 74 0 0 0 0 NaN 0 NaN
Jun 16th 22:03:28.346 UTC 2 15 38 755 744 2030.338 2897.957 0 340.9243 188.1599 0 0 68 0 0 545 293.17 2.689633 199.1072 1.826671
Jun 16th 22:03:19.360 UTC 3 15 2 501 492 1329.102 2333.563 10 199.0595 10.92726 2 2 73 0 0 0 0 NaN 0 NaN
Jun 16th 22:02:28.335 UTC 2 15 38 751 743 2025.728 2893.528 0 334.6516 187.25 0 0 68 0 0 545 293.17 2.689633 199.1072 1.826671
Jun 16th 22:02:19.361 UTC 3 12 1 499 492 1321.73 2333.563 10 198.8966 10.94386 2 2 73 0 0 0 0 NaN 0 NaN
Jun 16th 22:01:28.347 UTC 2 15 40 748 740 2018.648 2883.077 0 332.6688 187.6887 0 0 68 0 0 540 289.5612 2.681123 195.4984 1.81017
Jun 16th 22:01:17.525 UTC 3 13 0 499 490 1321.73 2323.31 10 198.8966 10.96397 2 2 71 0 0 0 0 NaN 0 NaN
Jun 16th 22:00:28.349 UTC 2 15 38 743 739 2002.912 2879.18 0 330.2229 187.9365 0 0 68 0 0 540 289.5612 2.681123 195.4984 1.81017
Jun 16th 22:00:17.525 UTC 3 11 0 497 490 1318.355 2323.31 10 198.9451 10.98594 2 2 71 0 0 0 0 NaN 0 NaN
Jun 16th 21:59:28.348 UTC 2 15 35 742 737 1999.448 2874.732 0 330.4323 188.4272 0 0 68 0 0 540 289.5612 2.681123 195.4984 1.81017
Jun 16th 21:59:17.535 UTC 3 12 0 495 488 1309.55 2320.282 10 198.5117 11.00185 2 2 71 0 0 0 0 NaN 0 NaN
Jun 16th 21:58:28.349 UTC 2 15 36 739 734 1993.855 2858.786 0 330.9269 182.0343 0 0 68 0 0 540 289.5612 2.681123 195.4984 1.81017
Jun 16th 21:58:17.524 UTC 3 9 0 492 487 1300.672 2318.587 10 198.6113 11.03439 2 2 71 0 0 0 0 NaN 0 NaN
Jun 16th 21:57:27.379 UTC 2 14 37 737 731 1987.476 2847.652 0 331.3366 177.7493 0 0 67 0 0 540 289.5612 2.681123 195.4984 1.81017
Jun 16th 21:57:17.513 UTC 3 11 0 490 484 1289.063 2302.686 10 198.8265 11.04675 2 2 71 0 0 0 0 NaN 0 NaN
Jun 16th 21:56:27.377 UTC 2 14 40 736 726 1986.276 2827.031 0 331.7102 178.1553 0 0 67 0 0 535 286.9442 2.681722 192.8813 1.802629
Jun 16th 21:56:17.523 UTC 3 10 0 489 483 1287.723 2296.138 10 199.0908 11.05957 2 2 71 0 0 0 0 NaN 0 NaN
Jun 16th 21:55:27.366 UTC 2 15 38 735 723 1984.926 2817.885 0 331.8837 178.6182 0 0 67 0 0 535 286.9442 2.681722 192.8813 1.802629
Jun 16th 21:55:17.513 UTC 3 8 1 489 482 1287.723 2292.883 10 199.0908 11.09704 2 2 71 0 0 0 0 NaN 0 NaN
Jun 16th 21:54:27.368 UTC 2 15 40 732 721 1973.17 2812.987 0 331.9218 178.714 0 0 67 0 0 525 283.0644 2.695852 189.0015 1.800015
Jun 16th 21:54:16.066 UTC 3 12 0 487 478 1282.368 2276.844 10 199.2035 11.09704 2 2 69 0 0 0 0 NaN 0 NaN
Jun 16th 21:53:27.369 UTC 2 14 40 725 720 1949.481 2807.064 0 333.7541 179.1128 0 0 67 0 0 520 281.7893 2.709513 187.7265 1.805062
Jun 16th 21:53:16.074 UTC 3 12 0 487 475 1282.368 2261.84 10 199.2035 11.14581 2 2 69 0 0 0 0 NaN 0 NaN
Jun 16th 21:52:27.379 UTC 2 15 39 722 717 1941.951 2794.245 0 333.7481 179.5302 0 0 67 0 0 515 279.1593 2.710284 185.3664 1.799674
Jun 16th 21:52:16.075 UTC 3 12 0 485 474 1276.683 2254.976 10 198.7025 11.16771 2 2 69 0 0 0 0 NaN 0 NaN
Jun 16th 21:51:27.379 UTC 2 15 36 721 715 1941.151 2782.678 0 333.8732 179.9567 0 0 67 0 0 515 279.1593 2.710284 185.3664 1.799674
Jun 16th 21:51:16.063 UTC 3 14 1 479 471 1264.425 2236.792 10 198.9986 11.17537 2 2 69 0 0 0 0 NaN 0 NaN
Jun 16th 21:50:27.370 UTC 2 15 37 720 711 1937.169 2770.494 0 334.0869 180.4573 0 0 67 0 0 515 279.1593 2.710284 185.3664 1.799674
Jun 16th 21:50:16.064 UTC 3 14 0 478 470 1259.17 2229.791 10 198.6588 11.17898 2 2 69 0 0 0 0 NaN 0 NaN
Jun 16th 21:49:27.378 UTC 2 13 39 717 707 1929.441 2757.216 0 334.9556 181.1107 0 0 67 0 0 515 279.1593 2.710284 185.3664 1.799674
Jun 16th 21:49:15.145 UTC 3 12 1 477 469 1258.37 2227.691 10 198.7915 11.21254 2 2 68 0 0 0 0 NaN 0 NaN
Jun 16th 21:48:27.370 UTC 2 15 40 715 703 1923.444 2738.972 0 335.4718 181.5516 0 0 67 0 0 515 279.1593 2.710284 185.3664 1.799674
Jun 16th 21:48:15.146 UTC 3 13 0 477 466 1258.37 2219.787 10 198.7915 11.23825 2 2 68 0 0 0 0 NaN 0 NaN
Jun 16th 21:47:27.368 UTC 2 15 40 710 702 1910.284 2733.914 0 332.1243 181.7869 0 0 67 0 0 490 260.2739 2.655856 168.6158 1.720569
Jun 16th 21:47:15.147 UTC 3 15 4 472 459 1243.669 2185.763 10 198.5302 10.32758 2 2 68 0 0 0 0 NaN 0 NaN
Jun 16th 21:46:27.379 UTC 2 14 40 707 701 1900.403 2727.959 0 331.9992 182.1797 0 0 67 0 0 490 260.2739 2.655856 168.6158 1.720569
Jun 16th 21:46:15.136 UTC 3 14 3 471 459 1243.069 2185.763 10 198.6739 10.27276 2 2 68 0 0 0 0 NaN 0 NaN
Jun 16th 21:45:27.375 UTC 2 15 37 705 699 1898.063 2723.897 0 332.3688 182.4295 0 0 67 0 0 485 258.5584 2.66555 166.9002 1.720621
Jun 16th 21:45:15.147 UTC 3 15 3 466 457 1232.017 2175.124 10 198.3919 10.23027 2 2 68 0 0 0 0 NaN 0 NaN
Jun 16th 21:44:27.377 UTC 2 15 37 702 696 1892.76 2711.033 0 332.3025 180.3841 0 0 67 0 0 485 258.5584 2.66555 166.9002 1.720621
Jun 16th 21:44:15.148 UTC 3 15 1 464 456 1226.834 2168.369 10 198.4173 10.11184 2 2 68 0 0 0 0 NaN 0 NaN
Jun 16th 21:43:27.367 UTC 2 14 38 700 693 1890.21 2698.767 0 332.0586 179.0731 0 0 67 0 0 485 258.5584 2.66555 166.9002 1.720621
Jun 16th 21:43:15.137 UTC 3 13 1 463 455 1225.934 2162.966 10 198.57 10.0925 2 2 68 0 0 0 0 NaN 0 NaN
Jun 16th 21:42:27.369 UTC 2 14 39 699 689 1884.236 2678.733 0 332.2999 179.9819 0 0 67 0 0 485 258.5584 2.66555 166.9002 1.720621
Jun 16th 21:42:15.137 UTC 3 15 0 460 452 1217.774 2156.696 10 198.1379 10.01949 2 2 68 0 0 0 0 NaN 0 NaN
Jun 16th 21:41:27.376 UTC 2 15 37 696 687 1872.041 2669.252 0 332.8192 180.153 0 0 67 0 0 485 258.5584 2.66555 166.9002 1.720621
Jun 16th 21:41:15.148 UTC 3 15 1 458 448 1214.369 2141.289 10 198.6622 9.910412 2 2 68 0 0 0 0 NaN 0 NaN
Jun 16th 21:40:27.380 UTC 2 14 39 694 685 1868.049 2660.796 0 333.0234 179.4318 0 0 67 0 0 485 258.5584 2.66555 166.9002 1.720621
Jun 16th 21:40:15.146 UTC 3 14 1 457 446 1213.469 2126.195 10 198.8168 9.904581 2 2 68 0 0 0 0 NaN 0 NaN
Jun 16th 21:39:27.369 UTC 2 15 37 691 683 1861.794 2652.396 0 333.1039 179.6203 0 0 67 0 0 485 258.5584 2.66555 166.9002 1.720621
Jun 16th 21:39:13.616 UTC 3 13 1 453 446 1194.719 2126.195 10 198.5775 9.904856 2 2 66 0 0 0 0 NaN 0 NaN
Jun 16th 21:38:27.378 UTC 2 15 37 688 682 1855.692 2648.475 0 332.829 179.8165 0 0 67 0 0 485 258.5584 2.66555 166.9002 1.720621
Jun 16th 21:38:13.616 UTC 3 13 0 451 443 1192.429 2110.128 10 198.903 9.928295 2 2 66 0 0 0 0 NaN 0 NaN
Jun 16th 21:37:26.339 UTC 2 15 37 686 680 1849.358 2642.721 0 333.2482 180.2926 0 0 66 0 0 485 258.5584 2.66555 166.9002 1.720621
Jun 16th 21:37:13.617 UTC 3 11 1 450 442 1189.774 2106.362 10 199.2109 9.947543 2 2 66 0 0 0 0 NaN 0 NaN
Jun 16th 21:36:26.328 UTC 2 14 37 682 678 1843.168 2633.802 0 333.9651 180.6239 0 0 66 0 0 485 258.5584 2.66555 166.9002 1.720621
Jun 16th 21:36:13.615 UTC 3 11 0 449 440 1187.014 2096.371 10 199.0756 9.975904 2 2 66 0 0 0 0 NaN 0 NaN
Jun 16th 21:35:26.337 UTC 2 15 39 681 672 1841.143 2613.417 0 334.0867 181.2698 0 0 66 0 0 485 258.5584 2.66555 166.9002 1.720621
Jun 16th 21:35:13.625 UTC 3 11 0 446 438 1183.189 2086.807 10 198.6945 9.997857 2 2 66 0 0 0 0 NaN 0 NaN
Jun 16th 21:34:26.337 UTC 2 15 40 678 669 1836.488 2600.496 0 334.94 181.4865 0 0 66 0 0 470 251.6615 2.67725 165.3133 1.758652
Jun 16th 21:34:13.626 UTC 3 13 0 445 435 1180.174 2069.763 10 198.6118 10.011 2 2 66 0 0 0 0 NaN 0 NaN
Jun 16th 21:33:26.327 UTC 2 15 40 676 665 1831.583 2581.2 0 335.453 182.0049 0 0 66 0 0 465 249.2914 2.680552 162.9432 1.752077
Jun 16th 21:33:13.616 UTC 3 15 0 443 433 1176.124 2059.999 10 198.8785 10.011 2 2 66 0 0 0 0 NaN 0 NaN
Jun 16th 21:32:26.339 UTC 2 15 40 674 663 1824.439 2572.826 0 335.9224 182.4892 0 0 66 0 0 455 243.0367 2.670733 162.2671 1.783154
Jun 16th 21:32:13.615 UTC 3 13 0 440 432 1164.736 2055.573 10 198.7474 10.02664 2 2 66 0 0 0 0 NaN 0 NaN
Jun 16th 21:31:26.337 UTC 2 14 39 670 663 1818.319 2572.826 0 332.6845 182.6939 0 0 66 0 0 445 239.1076 2.686603 159.688 1.794247
Jun 16th 21:31:13.613 UTC 3 13 1 440 431 1164.736 2050.84 10 198.7474 10.03782 2 2 66 0 0 0 0 NaN 0 NaN
Jun 16th 21:30:26.328 UTC 2 14 40 667 660 1813.184 2559.102 0 333.4641 183.1679 0 0 66 0 0 445 239.1076 2.686603 159.688 1.794247
Jun 16th 21:30:13.624 UTC 3 13 0 438 428 1161.236 2044.292 10 198.7934 10.05374 2 2 66 0 0 0 0 NaN 0 NaN
Jun 16th 21:29:26.341 UTC 2 15 38 664 659 1805.677 2554.608 0 333.7653 183.1679 0 0 66 0 0 440 237.6309 2.700351 158.2113 1.797855
Jun 16th 21:29:13.614 UTC 3 12 0 436 427 1158.496 2042.565 10 198.5967 10.08788 2 2 66 0 0 0 0 NaN 0 NaN
Jun 16th 21:28:25.348 UTC 2 15 37 663 656 1803.47 2542.706 0 333.3138 183.904 0 0 65 0 0 440 237.6309 2.700351 158.2113 1.797855
Jun 16th 21:28:13.614 UTC 3 12 0 431 426 1141.137 2037.096 10 199.3644 10.10845 2 2 66 0 0 0 0 NaN 0 NaN
Jun 16th 21:27:25.342 UTC 2 15 38 660 652 1795.86 2532.047 0 332.7336 181.0707 0 0 65 0 0 440 237.6309 2.700351 158.2113 1.797855
Jun 16th 21:27:13.615 UTC 3 9 1 429 425 1130.967 2031.693 10 199.182 10.14371 2 2 66 0 0 0 0 NaN 0 NaN
Jun 16th 21:26:25.340 UTC 2 15 39 658 650 1792.607 2526.979 0 332.9072 181.5495 0 0 65 0 0 440 237.6309 2.700351 158.2113 1.797855
Jun 16th 21:26:13.613 UTC 3 7 0 429 425 1130.967 2031.693 10 199.182 10.16733 2 2 66 0 0 0 0 NaN 0 NaN
Jun 16th 21:25:25.350 UTC 2 15 36 653 648 1776.471 2519.225 0 334.4462 181.8336 0 0 65 0 0 440 237.6309 2.700351 158.2113 1.797855
Jun 16th 21:25:13.624 UTC 3 7 1 429 422 1130.967 2009.477 10 199.182 10.18941 2 2 66 0 0 0 0 NaN 0 NaN
Jun 16th 21:24:25.350 UTC 2 13 39 651 645 1769.235 2510.351 0 334.4072 181.2908 0 0 65 0 0 440 237.6309 2.700351 158.2113 1.797855
Jun 16th 21:24:13.615 UTC 3 10 0 428 418 1127.288 1983.603 10 199.1299 10.18987 2 2 66 0 0 0 0 NaN 0 NaN
Jun 16th 21:23:24.287 UTC 2 15 40 649 638 1765.885 2482.914 0 335.0991 182.0797 0 0 64 0 0 440 237.6309 2.700351 158.2113 1.797855
Jun 16th 21:23:11.972 UTC 3 10 0 427 418 1123.609 1983.603 10 199.0945 10.18987 2 2 64 0 0 0 0 NaN 0 NaN
Jun 16th 21:22:24.297 UTC 2 14 38 645 637 1751.433 2477.434 0 336.5823 182.6134 0 0 64 0 0 440 237.6309 2.700351 158.2113 1.797855
Jun 16th 21:22:11.972 UTC 3 9 1 426 418 1121.974 1983.603 10 199.2807 10.20318 2 2 64 0 0 0 0 NaN 0 NaN
Jun 16th 21:21:24.288 UTC 2 15 40 643 632 1746.908 2451.437 0 337.0292 183.19 0 0 64 0 0 430 233.2483 2.712189 158.3336 1.841089
Jun 16th 21:21:11.362 UTC 3 12 0 424 414 1118.995 1964.817 10 199.3505 10.20645 2 2 63 0 0 0 0 NaN 0 NaN
Jun 16th 21:20:24.288 UTC 2 14 40 642 631 1741.928 2450.064 0 337.3728 183.6778 0 0 64 0 0 430 233.2483 2.712189 158.3336 1.841089
Jun 16th 21:20:11.363 UTC 3 12 0 423 412 1117.194 1955.885 10 199.1542 10.24339 2 2 63 0 0 0 0 NaN 0 NaN
Jun 16th 21:19:24.279 UTC 2 14 40 637 629 1728.264 2444.566 0 334.8905 184.2325 0 0 64 0 0 415 223.4801 2.692532 148.5655 1.789945
Jun 16th 21:19:11.353 UTC 3 12 0 422 411 1111.153 1951.832 10 198.7739 10.2538 2 2 63 0 0 0 0 NaN 0 NaN
Jun 16th 21:18:24.299 UTC 2 15 36 633 627 1723.234 2437.823 0 333.95 184.5041 0 0 64 0 0 415 223.4801 2.692532 148.5655 1.789945
Jun 16th 21:18:10.441 UTC 3 12 1 419 411 1102.428 1951.832 10 199.0489 10.2538 2 2 62 0 0 0 0 NaN 0 NaN
Jun 16th 21:17:24.298 UTC 2 14 37 629 625 1710.595 2428.409 0 334.4853 185.1737 0 0 64 0 0 415 223.4801 2.692532 148.5655 1.789945
Jun 16th 21:17:08.064 UTC 3 13 0 415 409 1096.048 1944.486 10 198.2141 10.26096 2 2 59 0 0 0 0 NaN 0 NaN
Jun 16th 21:16:24.289 UTC 2 15 34 628 623 1704.621 2420.993 0 334.7507 185.4485 0 0 64 0 0 415 223.4801 2.692532 148.5655 1.789945
Jun 16th 21:16:08.074 UTC 3 12 1 413 408 1089.651 1937.399 10 198.0997 10.295 2 2 59 0 0 0 0 NaN 0 NaN
Jun 16th 21:15:24.279 UTC 2 13 36 627 621 1703.281 2414.56 0 335.0066 182.9711 0 0 64 0 0 415 223.4801 2.692532 148.5655 1.789945
Jun 16th 21:15:08.073 UTC 3 10 0 413 407 1089.651 1933.27 10 198.0997 10.31964 2 2 59 0 0 0 0 NaN 0 NaN
Jun 16th 21:14:23.255 UTC 2 14 37 624 616 1695.302 2392.65 0 335.93 182.3353 0 0 63 0 0 415 223.4801 2.692532 148.5655 1.789945
Jun 16th 21:14:08.084 UTC 3 12 1 411 403 1086.911 1913.303 10 198.3376 10.34482 2 2 59 0 0 0 0 NaN 0 NaN
Jun 16th 21:13:23.252 UTC 2 15 39 622 611 1688.08 2375.009 0 336.4762 182.7919 0 0 63 0 0 415 223.4801 2.692532 148.5655 1.789945
Jun 16th 21:13:08.083 UTC 3 12 0 411 402 1086.911 1908.312 10 198.3376 10.34898 2 2 59 0 0 0 0 NaN 0 NaN
Jun 16th 21:12:22.358 UTC 2 15 40 620 609 1685.84 2372.217 0 337.0417 183.3609 0 0 62 0 0 405 220.7449 2.725245 146.7152 1.811299
Jun 16th 21:12:08.073 UTC 3 9 1 410 402 1084.886 1908.312 10 198.4061 10.38207 2 2 59 0 0 0 0 NaN 0 NaN
Jun 16th 21:11:22.367 UTC 2 15 38 615 607 1673.72 2365.947 0 338.742 183.8882 0 0 62 0 0 405 220.7449 2.725245 146.7152 1.811299
Jun 16th 21:11:08.064 UTC 3 8 0 407 402 1081.696 1908.312 10 198.3854 10.40366 2 2 59 0 0 0 0 NaN 0 NaN
Jun 16th 21:10:22.366 UTC 2 13 37 609 606 1661.57 2365.028 0 339.7216 184.7445 0 0 62 0 0 405 220.7449 2.725245 146.7152 1.811299
Jun 16th 21:10:08.073 UTC 3 8 0 406 400 1078.017 1900.136 10 198.3668 10.42769 2 2 59 0 0 0 0 NaN 0 NaN
Jun 16th 21:09:20.287 UTC 2 15 38 607 602 1652.39 2351.114 0 340.4357 185.1591 0 0 60 0 0 405 220.7449 2.725245 146.7152 1.811299
Jun 16th 21:09:08.074 UTC 3 10 0 404 397 1072.19 1884.152 10 198.1513 10.44456 2 2 59 0 0 0 0 NaN 0 NaN
Jun 16th 21:08:20.296 UTC 2 15 37 607 598 1652.39 2332.871 0 340.4357 186.2619 0 0 60 0 0 405 220.7449 2.725245 146.7152 1.811299
Jun 16th 21:08:08.062 UTC 3 9 0 403 397 1069.737 1884.152 10 198.3722 10.4542 2 2 59 0 0 0 0 NaN 0 NaN
Jun 16th 21:07:20.296 UTC 2 13 38 604 596 1644.266 2326.262 0 341.3023 186.9691 0 0 60 0 0 405 220.7449 2.725245 146.7152 1.811299
Jun 16th 21:07:08.074 UTC 3 6 1 403 397 1069.737 1884.152 10 198.3722 10.49555 2 2 59 0 0 0 0 NaN 0 NaN
Jun 16th 21:06:19.316 UTC 2 15 40 601 591 1638.606 2304.99 0 342.2562 187.7353 0 0 59 0 0 400 217.4178 2.717723 145.0832 1.81354
Jun 16th 21:06:08.083 UTC 3 9 0 401 393 1062.207 1863.492 10 198.3679 10.49804 2 2 59 0 0 0 0 NaN 0 NaN
Jun 16th 21:05:19.307 UTC 2 15 40 600 588 1637.134 2295.114 0 341.3763 188.4726 0 0 59 0 0 385 207.7316 2.697812 137.2442 1.782392
Jun 16th 21:05:07.135 UTC 3 11 1 400 391 1061.407 1852.812 10 198.3421 10.49804 2 2 58 0 0 0 0 NaN 0 NaN
Jun 16th 21:04:19.308 UTC 2 14 40 597 587 1627.183 2290.544 0 341.586 188.8192 0 0 59 0 0 380 205.0771 2.698383 134.8619 1.774499
Jun 16th 21:04:07.136 UTC 3 10 1 398 390 1057.605 1847.052 10 198.3781 10.5198 2 2 58 0 0 0 0 NaN 0 NaN
Jun 16th 21:03:18.266 UTC 2 14 40 592 586 1617.139 2288.071 0 342.5911 189.0741 0 0 58 0 0 375 202.1459 2.695279 131.9308 1.759077
Jun 16th 21:03:06.343 UTC 3 11 0 398 388 1057.605 1843.561 10 198.3781 10.52901 2 2 57 0 0 0 0 NaN 0 NaN
Jun 16th 21:02:18.256 UTC 2 14 37 588 585 1610.003 2283.996 0 342.2466 188.3099 0 0 58 0 0 375 202.1459 2.695279 131.9308 1.759077
Jun 16th 21:02:06.354 UTC 3 9 1 394 387 1046.31 1837.472 10 198.5193 10.58686 2 2 57 0 0 0 0 NaN 0 NaN
Jun 16th 21:01:18.246 UTC 2 15 37 587 580 1608.653 2269.361 0 342.6465 189.471 0 0 58 0 0 375 202.1459 2.695279 131.9308 1.759077
Jun 16th 21:01:06.353 UTC 3 11 0 391 385 1037.357 1831.785 10 198.6571 10.58686 2 2 57 0 0 0 0 NaN 0 NaN
Jun 16th 21:00:18.258 UTC 2 14 37 586 577 1607.303 2257.937 0 342.6018 189.7509 0 0 58 0 0 375 202.1459 2.695279 131.9308 1.759077
Jun 16th 21:00:06.341 UTC 3 13 0 389 382 1033.902 1818.695 10 198.926 10.61135 2 2 57 0 0 0 0 NaN 0 NaN
Jun 16th 20:59:18.245 UTC 2 15 37 580 572 1586.523 2235.494 0 344.6309 189.59 0 0 58 0 0 375 202.1459 2.695279 131.9308 1.759077
Jun 16th 20:59:06.340 UTC 3 11 0 389 381 1033.902 1811.78 10 198.926 10.62502 2 2 57 0 0 0 0 NaN 0 NaN
Jun 16th 20:58:18.256 UTC 2 15 37 580 569 1586.523 2223.789 0 344.6309 190.5184 0 0 58 0 0 375 202.1459 2.695279 131.9308 1.759077
Jun 16th 20:58:06.352 UTC 3 11 1 386 379 1023.387 1803.215 10 199.1817 10.66218 2 2 57 0 0 0 0 NaN 0 NaN
Jun 16th 20:57:18.254 UTC 2 13 39 578 567 1582.518 2218.351 0 344.9268 191.0505 0 0 58 0 0 375 202.1459 2.695279 131.9308 1.759077
Jun 16th 20:57:05.594 UTC 3 8 0 386 379 1023.387 1803.215 10 199.1817 10.70348 2 2 56 0 0 0 0 NaN 0 NaN
Jun 16th 20:56:17.133 UTC 2 15 40 573 563 1567.774 2202.472 0 346.2423 191.603 0 0 57 0 0 370 200.5741 2.710461 131.1764 1.772655
Jun 16th 20:56:05.593 UTC 3 7 0 384 379 1009.786 1803.215 10 199.0659 10.72017 2 2 56 0 0 0 0 NaN 0 NaN
Jun 16th 20:55:17.143 UTC 2 15 40 569 562 1559.238 2198.927 0 346.083 191.9232 0 0 57 0 0 355 195.3859 2.751914 128.1123 1.804398
Jun 16th 20:55:05.603 UTC 3 9 0 382 376 1007.096 1780.396 10 199.2031 10.74731 2 2 56 0 0 0 0 NaN 0 NaN
Jun 16th 20:54:17.143 UTC 2 15 36 566 561 1548.125 2196.335 0 346.5706 192.2532 0 0 57 0 0 350 192.7509 2.753584 125.4772 1.792532
Jun 16th 20:54:05.593 UTC 3 10 0 381 374 1006.196 1773.857 10 198.9985 10.75652 2 2 56 0 0 0 0 NaN 0 NaN
Jun 16th 20:53:17.133 UTC 2 14 36 563 559 1542.26 2188.645 0 346.7431 192.4769 0 0 57 0 0 350 192.7509 2.753584 125.4772 1.792532
Jun 16th 20:53:04.725 UTC 3 9 0 381 374 1006.196 1773.857 10 198.9985 10.78098 2 2 55 0 0 0 0 NaN 0 NaN
Jun 16th 20:52:17.143 UTC 2 14 36 562 556 1540.91 2180.826 0 346.8962 192.8679 0 0 57 0 0 350 192.7509 2.753584 125.4772 1.792532
Jun 16th 20:52:03.817 UTC 3 6 1 380 374 1002.213 1773.857 10 199.2634 10.82107 2 2 54 0 0 0 0 NaN 0 NaN
Jun 16th 20:51:17.142 UTC 2 14 38 559 551 1528.164 2170.283 0 348.2056 193.56 0 0 57 0 0 350 192.7509 2.753584 125.4772 1.792532
Jun 16th 20:51:03.818 UTC 3 8 1 378 371 999.6783 1763.786 10 199.1978 10.84309 2 2 54 0 0 0 0 NaN 0 NaN
Jun 16th 20:50:17.152 UTC 2 13 39 553 547 1503.377 2146.375 0 350.6241 194.2341 0 0 57 0 0 350 192.7509 2.753584 125.4772 1.792532
Jun 16th 20:50:03.816 UTC 3 8 0 377 370 994.5933 1759.998 10 198.8784 10.85466 2 2 54 0 0 0 0 NaN 0 NaN
Jun 16th 20:49:17.142 UTC 2 15 40 552 540 1502.477 2115.182 0 350.7967 195.6645 0 0 57 0 0 345 188.849 2.736942 121.5754 1.761962
Jun 16th 20:49:03.807 UTC 3 8 1 375 369 990.3145 1755.741 10 199.3105 10.87419 2 2 54 0 0 0 0 NaN 0 NaN
Jun 16th 20:48:17.143 UTC 2 15 39 551 539 1496.897 2113.481 0 351.3171 195.9709 0 0 57 0 0 335 180.1041 2.688121 113.3705 1.692096
Jun 16th 20:48:03.125 UTC 3 12 0 372 365 978.5583 1738.193 10 199.1553 10.87419 2 2 53 0 0 0 0 NaN 0 NaN
Jun 16th 20:47:16.204 UTC 2 15 38 548 537 1482.722 2101.648 0 352.2268 196.4912 0 0 56 0 0 335 180.1041 2.688121 113.3705 1.692096
Jun 16th 20:47:03.124 UTC 3 12 0 372 363 978.5583 1727.969 10 199.1553 10.89634 2 2 53 0 0 0 0 NaN 0 NaN
Jun 16th 20:46:16.214 UTC 2 15 37 544 535 1474.859 2092.487 0 331.7958 196.9899 0 0 56 0 0 335 180.1041 2.688121 113.3705 1.692096
Jun 16th 20:46:01.716 UTC 3 12 1 370 362 974.9583 1721.36 10 199.405 10.91026 2 2 51 0 0 0 0 NaN 0 NaN
Jun 16th 20:45:16.215 UTC 2 15 36 539 534 1459.581 2087.426 0 324.2086 197.2925 0 0 56 0 0 335 180.1041 2.688121 113.3705 1.692096
Jun 16th 20:45:01.717 UTC 3 12 1 367 359 971.3583 1712.135 10 200.0011 10.98227 2 2 51 0 0 0 0 NaN 0 NaN
Jun 16th 20:44:16.216 UTC 2 15 33 539 534 1459.581 2087.426 0 324.2086 197.2925 0 0 56 0 0 335 180.1041 2.688121 113.3705 1.692096
Jun 16th 20:44:00.903 UTC 3 13 1 367 356 971.3583 1698.719 10 200.0011 10.99603 2 2 50 0 0 0 0 NaN 0 NaN
Jun 16th 20:43:16.215 UTC 2 15 34 536 531 1456.206 2079.722 0 315.51 198.1665 0 0 56 0 0 335 180.1041 2.688121 113.3705 1.692096
Jun 16th 20:43:00.064 UTC 3 13 1 363 353 959.8633 1686.318 10 200.6256 11.06804 2 2 49 0 0 0 0 NaN 0 NaN
Jun 16th 20:42:16.215 UTC 2 13 34 533 531 1450.788 2079.722 0 316.2953 177.3938 0 0 56 0 0 335 180.1041 2.688121 113.3705 1.692096
Jun 16th 20:42:00.075 UTC 3 14 0 362 349 955.7233 1666.457 10 200.6727 11.10191 2 2 49 0 0 0 0 NaN 0 NaN
Jun 16th 20:41:16.203 UTC 2 14 36 532 524 1449.988 2054.605 0 316.3778 170.8625 0 0 56 0 0 335 180.1041 2.688121 113.3705 1.692096
Jun 16th 20:41:00.066 UTC 3 14 0 358 349 941.0608 1666.457 10 200.5752 11.10191 2 2 49 0 0 0 0 NaN 0 NaN
Jun 16th 20:40:15.317 UTC 2 15 36 529 521 1443.283 2040.092 0 317.5292 171.4839 0 0 55 0 0 335 180.1041 2.688121 113.3705 1.692096
Jun 16th 20:39:58.667 UTC 3 14 1 355 346 934.2508 1646.589 10 200.834 11.06424 2 2 47 0 0 0 0 NaN 0 NaN
Jun 16th 20:39:15.306 UTC 2 13 38 527 519 1435.509 2032.219 0 318.2624 163.327 0 0 55 0 0 335 180.1041 2.688121 113.3705 1.692096
Jun 16th 20:38:58.677 UTC 3 14 0 354 345 933.1608 1645.3 10 200.5398 11.08624 2 2 47 0 0 0 0 NaN 0 NaN
Jun 16th 20:38:13.357 UTC 2 14 40 527 515 1435.509 2010.395 0 318.2624 163.755 0 0 53 0 0 335 180.1041 2.688121 113.3705 1.692096
Jun 16th 20:37:58.676 UTC 3 14 0 352 343 929.9507 1639.374 10 200.9259 11.10585 2 2 47 0 0 0 0 NaN 0 NaN
Jun 16th 20:37:12.389 UTC 2 15 40 523 512 1423.29 1999.865 0 318.9849 164.1968 0 0 52 0 0 335 180.1041 2.688121 113.3705 1.692096
Jun 16th 20:36:58.666 UTC 3 11 0 350 342 926.3807 1636.719 10 200.5612 11.16026 2 2 47 0 0 0 0 NaN 0 NaN
Jun 16th 20:36:12.388 UTC 2 15 38 519 512 1419.675 1999.865 0 302.0242 164.1968 0 0 52 0 0 330 177.5334 2.689899 110.7997 1.678784
Jun 16th 20:35:57.738 UTC 3 14 0 348 338 921.8907 1605.516 10 200.9373 11.1858 2 2 46 0 0 0 0 NaN 0 NaN
Jun 16th 20:35:12.400 UTC 2 15 37 517 510 1414.865 1994.006 0 302.2884 164.6248 0 0 52 0 0 330 177.5334 2.689899 110.7997 1.678784
Jun 16th 20:34:56.788 UTC 3 13 0 345 337 912.6132 1599.645 10 200.8537 11.21731 2 2 45 0 0 0 0 NaN 0 NaN
Jun 16th 20:34:12.391 UTC 2 15 35 513 508 1402.659 1988.169 0 292.2028 165.1976 0 0 52 0 0 330 177.5334 2.689899 110.7997 1.678784
Jun 16th 20:33:56.787 UTC 3 14 1 344 334 909.9132 1590.275 10 200.5042 11.2377 2 2 45 0 0 0 0 NaN 0 NaN
Jun 16th 20:33:12.402 UTC 2 15 36 510 506 1392.468 1982.02 0 292.873 165.6959 0 0 52 0 0 330 177.5334 2.689899 110.7997 1.678784
Jun 16th 20:32:55.981 UTC 3 14 0 344 332 909.9132 1578.609 10 200.5042 11.26978 2 2 44 0 0 0 0 NaN 0 NaN
Jun 16th 20:32:12.401 UTC 2 14 37 509 502 1390.668 1967.596 0 293.1287 148.9695 0 0 52 0 0 330 177.5334 2.689899 110.7997 1.678784
Jun 16th 20:31:55.168 UTC 3 15 2 342 329 906.5382 1556.906 10 200.6922 11.08496 2 2 43 0 0 0 0 NaN 0 NaN
Jun 16th 20:31:12.392 UTC 2 15 35 505 499 1378.63 1956.478 0 294.2798 149.536 0 0 52 0 0 330 177.5334 2.689899 110.7997 1.678784
Jun 16th 20:30:55.165 UTC 3 14 1 338 329 897.0207 1556.906 10 200.5175 11.09237 2 2 43 0 0 0 0 NaN 0 NaN
Jun 16th 20:30:12.401 UTC 2 12 38 504 496 1373.545 1944.103 0 294.4347 140.0165 0 0 52 0 0 330 177.5334 2.689899 110.7997 1.678784
Jun 16th 20:29:55.155 UTC 3 13 0 335 329 893.4406 1556.906 10 199.7169 11.12304 2 2 43 0 0 0 0 NaN 0 NaN
Jun 16th 20:29:10.582 UTC 2 15 39 501 491 1357.84 1923.603 0 295.413 140.5528 0 0 50 0 0 330 177.5334 2.689899 110.7997 1.678784
Jun 16th 20:28:55.154 UTC 3 11 0 334 328 887.8606 1552.834 10 199.8548 11.1529 2 2 43 0 0 0 0 NaN 0 NaN
Jun 16th 20:28:10.582 UTC 2 14 39 499 488 1356.5 1910.006 0 276.8121 141.0623 0 0 50 0 0 330 177.5334 2.689899 110.7997 1.678784
Jun 16th 20:27:55.164 UTC 3 11 0 333 327 884.1818 1550.386 10 199.5972 11.17582 2 2 43 0 0 0 0 NaN 0 NaN
Jun 16th 20:27:10.592 UTC 2 15 40 496 486 1351.12 1902.497 0 276.2957 141.1585 0 0 50 0 0 310 165.0546 2.66217 98.49794 1.588676
Jun 16th 20:26:54.513 UTC 3 12 0 332 324 883.0918 1532.822 10 199.2147 11.2133 2 2 42 0 0 0 0 NaN 0 NaN
Jun 16th 20:26:10.583 UTC 2 15 39 494 485 1347.475 1898.406 0 276.4453 141.4312 0 0 50 0 0 305 160.6015 2.632812 94.04491 1.54172
Jun 16th 20:25:54.503 UTC 3 14 0 330 321 876.5181 1521.283 10 199.6063 11.24154 2 2 42 0 0 0 0 NaN 0 NaN
Jun 16th 20:25:10.582 UTC 2 15 35 488 484 1327.801 1893.632 0 276.1091 141.6788 0 0 50 0 0 305 160.6015 2.632812 94.04491 1.54172
Jun 16th 20:24:54.514 UTC 3 15 0 329 319 874.748 1511.116 10 198.8763 11.18098 2 2 42 0 0 0 0 NaN 0 NaN
Jun 16th 20:24:10.580 UTC 2 15 35 486 482 1324.786 1885.204 0 275.9378 123.2475 0 0 50 0 0 305 160.6015 2.632812 94.04491 1.54172
Jun 16th 20:23:53.717 UTC 3 14 1 326 316 867.0843 1501.744 10 199.4447 11.26141 2 2 41 0 0 0 0 NaN 0 NaN
Jun 16th 20:23:10.590 UTC 2 14 36 485 480 1318.576 1878.142 0 276.0504 122.6852 0 0 50 0 0 305 160.6015 2.632812 94.04491 1.54172
Jun 16th 20:22:53.716 UTC 3 15 1 325 313 859.6143 1481.075 10 199.5025 11.23679 2 2 41 0 0 0 0 NaN 0 NaN
Jun 16th 20:22:10.591 UTC 2 14 38 483 475 1315.334 1865.148 0 276.2642 123.0801 0 0 50 0 0 305 160.6015 2.632812 94.04491 1.54172
Jun 16th 20:21:53.726 UTC 3 15 1 322 311 851.5218 1475.082 10 200.1479 11.23612 2 2 41 0 0 0 0 NaN 0 NaN
Jun 16th 20:21:10.581 UTC 2 15 40 480 470 1307.398 1839.836 0 276.5132 122.7025 0 0 50 0 0 300 155.0871 2.584784 88.53044 1.475507
Jun 16th 20:20:53.715 UTC 3 12 1 320 311 842.158 1475.082 10 199.9563 11.30057 2 2 41 0 0 0 0 NaN 0 NaN
Jun 16th 20:20:10.581 UTC 2 14 40 477 468 1297.723 1832.666 0 277.7518 123.2868 0 0 50 0 0 300 155.0871 2.584784 88.53044 1.475507
Jun 16th 20:19:53.718 UTC 3 14 0 318 308 836.6392 1462.48 10 200.1936 11.32029 2 2 41 0 0 0 0 NaN 0 NaN
Jun 16th 20:19:10.592 UTC 2 15 36 476 465 1296.373 1815.529 0 278.1443 123.4032 0 0 50 0 0 300 155.0871 2.584784 88.53044 1.475507
Jun 16th 20:18:53.719 UTC 3 15 2 316 305 831.9592 1454.116 10 200.2817 11.10686 2 2 41 0 0 0 0 NaN 0 NaN
Jun 16th 20:18:08.552 UTC 2 15 39 473 461 1293.358 1794.213 0 258.3344 123.7692 0 0 48 0 0 300 155.0871 2.584784 88.53044 1.475507
Jun 16th 20:17:53.718 UTC 3 14 0 315 304 830.7491 1448.277 10 200.1138 11.08014 2 2 41 0 0 0 0 NaN 0 NaN
Jun 16th 20:17:08.560 UTC 2 15 40 469 460 1283.834 1788.74 0 257.1408 123.9858 0 0 48 0 0 295 153.3509 2.599167 86.79426 1.471089
Jun 16th 20:16:53.718 UTC 3 11 0 308 304 813.0453 1448.277 10 199.9281 11.14759 2 2 41 0 0 0 0 NaN 0 NaN
Jun 16th 20:16:08.561 UTC 2 15 36 467 460 1279.761 1788.74 0 257.1598 123.9858 0 0 48 0 0 290 152.5159 2.629584 86.04928 1.483608
Jun 16th 20:15:53.708 UTC 3 12 0 307 302 808.9616 1439.064 10 199.782 11.17989 2 2 41 0 0 0 0 NaN 0 NaN
Jun 16th 20:15:08.550 UTC 2 14 34 466 460 1277.5 1788.74 0 253.544 114.8616 0 0 48 0 0 290 152.5159 2.629584 86.04928 1.483608
Jun 16th 20:14:53.728 UTC 3 11 1 307 299 808.9616 1429.063 10 199.782 11.24401 2 2 41 0 0 0 0 NaN 0 NaN
Jun 16th 20:14:07.469 UTC 2 14 36 462 458 1266.896 1777.031 0 248.0962 104.2643 0 0 47 0 0 290 152.5159 2.629584 86.04928 1.483608
Jun 16th 20:13:53.717 UTC 3 14 0 304 294 804.1666 1401.91 10 200.3466 11.25598 2 2 41 0 0 0 0 NaN 0 NaN
Jun 16th 20:13:06.437 UTC 2 15 35 460 454 1253.421 1758.494 0 247.7935 103.5227 0 0 46 0 0 290 152.5159 2.629584 86.04928 1.483608
Jun 16th 20:12:53.044 UTC 3 15 2 303 291 802.3965 1390.269 10 200.4902 11.24374 2 2 40 0 0 0 0 NaN 0 NaN
Jun 16th 20:12:06.438 UTC 2 15 34 460 452 1253.421 1748.787 0 247.7935 103.8082 0 0 46 0 0 290 152.5159 2.629584 86.04928 1.483608
Jun 16th 20:11:53.054 UTC 3 14 1 303 290 802.3965 1385.788 10 200.4902 11.22024 2 2 40 0 0 0 0 NaN 0 NaN
Jun 16th 20:11:06.428 UTC 2 14 34 459 450 1250.766 1743.85 0 248.0097 100.726 0 0 46 0 0 290 152.5159 2.629584 86.04928 1.483608
Jun 16th 20:10:53.055 UTC 3 14 2 298 288 793.0515 1380.532 10 200.9314 10.836 2 2 40 0 0 0 0 NaN 0 NaN
Jun 16th 20:10:05.478 UTC 2 14 35 456 446 1239.626 1729.241 0 245.3306 95.39426 0 0 45 0 0 290 152.5159 2.629584 86.04928 1.483608
Jun 16th 20:09:52.411 UTC 3 14 3 294 285 785.6265 1367.468 10 198.9215 10.72338 2 2 39 0 0 0 0 NaN 0 NaN
Jun 16th 20:09:05.480 UTC 2 15 36 450 444 1224.347 1721.314 0 245.3195 95.49349 0 0 45 0 0 290 152.5159 2.629584 86.04928 1.483608
Jun 16th 20:08:52.400 UTC 3 14 0 291 283 778.1577 1359.647 10 198.5017 10.76046 2 2 39 0 0 0 0 NaN 0 NaN
Jun 16th 20:08:05.478 UTC 2 15 33 449 443 1220.627 1719.846 0 245.1705 95.65204 0 0 45 0 0 290 152.5159 2.629584 86.04928 1.483608
Jun 16th 20:07:51.614 UTC 3 13 0 288 283 772.5101 1359.647 10 199.1457 10.77677 2 2 38 0 0 0 0 NaN 0 NaN
Jun 16th 20:07:05.489 UTC 2 15 32 445 441 1202.057 1708.796 0 245.7055 95.90783 0 0 45 0 0 290 152.5159 2.629584 86.04928 1.483608
Jun 16th 20:06:51.604 UTC 3 13 0 288 282 772.5101 1353.268 10 199.1457 10.78329 2 2 38 0 0 0 0 NaN 0 NaN
Jun 16th 20:06:05.479 UTC 2 15 34 443 436 1196.282 1688.877 0 245.4428 93.68443 0 0 45 0 0 290 152.5159 2.629584 86.04928 1.483608
Jun 16th 20:05:51.604 UTC 3 8 1 286 282 769.5101 1353.268 10 199.4071 10.87747 2 2 38 0 0 0 0 NaN 0 NaN
Jun 16th 20:05:04.437 UTC 2 15 37 443 433 1196.282 1679.01 0 245.4428 93.31501 0 0 44 0 0 290 152.5159 2.629584 86.04928 1.483608
Jun 16th 20:04:51.614 UTC 3 9 0 285 279 766.8101 1335.956 10 199.063 10.91527 2 2 38 0 0 0 0 NaN 0 NaN
Jun 16th 20:04:03.419 UTC 2 14 38 440 430 1190.827 1667.4 0 246.2859 93.51501 0 0 43 0 0 290 152.5159 2.629584 86.04928 1.483608
Jun 16th 20:03:51.613 UTC 3 8 0 284 277 765.6101 1327.895 10 199.5764 10.94649 2 2 38 0 0 0 0 NaN 0 NaN
Jun 16th 20:03:02.459 UTC 2 15 40 438 427 1186.317 1658.788 0 245.638 93.45692 0 0 42 0 0 280 148.5229 2.652194 82.21976 1.46821
Jun 16th 20:02:51.602 UTC 3 8 0 283 276 761.9313 1321.273 10 199.3607 10.97794 2 2 38 0 0 0 0 NaN 0 NaN
Jun 16th 20:02:02.448 UTC 2 14 40 433 425 1176.692 1652.916 0 246.0682 93.81644 0 0 42 0 0 265 142.8923 2.696081 77.41918 1.460739
Jun 16th 20:01:51.603 UTC 3 8 0 282 276 755.9576 1321.273 10 199.6111 10.97794 2 2 38 0 0 0 0 NaN 0 NaN
Jun 16th 20:01:02.459 UTC 2 15 39 428 424 1165.269 1649.709 0 246.4223 93.81644 0 0 42 0 0 245 136.5342 2.786412 76.13107 1.553695
Jun 16th 20:00:51.613 UTC 3 9 0 281 275 755.0576 1317.221 10 199.5817 10.97794 2 2 38 0 0 0 0 NaN 0 NaN
Jun 16th 20:00:02.458 UTC 2 13 39 426 423 1158.731 1646.99 0 246.7316 93.66479 0 0 42 0 0 245 136.5342 2.786412 76.13107 1.553695
Jun 16th 19:59:51.613 UTC 3 8 0 280 274 753.4225 1315.88 10 199.2125 10.9892 2 2 38 0 0 0 0 NaN 0 NaN
Jun 16th 19:59:02.459 UTC 2 14 39 424 416 1150.819 1618.168 0 247.1638 94.34106 0 0 42 0 0 245 136.5342 2.786412 76.13107 1.553695
Jun 16th 19:58:51.603 UTC 3 9 0 278 273 747.4338 1308.78 10 198.8437 10.9892 2 2 38 0 0 0 0 NaN 0 NaN
Jun 16th 19:58:02.458 UTC 2 13 40 423 413 1147.14 1607.49 0 247.4504 94.31741 0 0 42 0 0 245 136.5342 2.786412 76.13107 1.553695
Jun 16th 19:57:50.898 UTC 3 9 1 276 271 742.0563 1300.129 10 199.1208 11.01718 2 2 37 0 0 0 0 NaN 0 NaN
Jun 16th 19:57:01.469 UTC 2 15 40 419 410 1134.935 1595.495 0 248.697 94.48554 0 0 41 0 0 235 132.8031 2.825597 75.65496 1.60968
Jun 16th 19:56:50.889 UTC 3 9 0 276 270 742.0563 1294.41 10 199.1208 11.03445 2 2 37 0 0 0 0 NaN 0 NaN
Jun 16th 19:56:01.469 UTC 2 15 40 418 407 1133.135 1579.632 0 248.7092 95.08246 0 0 41 0 0 230 131.5253 2.859245 75.71716 1.646025
Jun 16th 19:55:50.883 UTC 3 11 0 276 267 742.0563 1279.878 10 199.1208 11.06242 2 2 37 0 0 0 0 NaN 0 NaN
Jun 16th 19:55:01.469 UTC 2 14 40 413 405 1125.595 1570.4 0 247.3174 95.62347 0 0 41 0 0 220 127.2074 2.891077 73.40929 1.668393
Jun 16th 19:54:50.892 UTC 3 10 0 274 267 737.2012 1279.878 10 199.3195 11.07264 2 2 37 0 0 0 0 NaN 0 NaN
Jun 16th 19:54:01.459 UTC 2 15 39 411 402 1121.178 1563.159 0 245.0157 95.83348 0 0 41 0 0 215 123.5915 2.87422 73.47208 1.708653
Jun 16th 19:53:50.885 UTC 3 12 0 272 263 730.8674 1256.091 10 199.3328 11.1294 2 2 37 0 0 0 0 NaN 0 NaN
Jun 16th 19:53:01.469 UTC 2 15 39 410 401 1119.828 1558.979 0 245.073 96.03777 0 0 41 0 0 205 121.8403 2.971714 71.72089 1.74929
Jun 16th 19:52:50.891 UTC 3 10 0 269 263 720.8624 1256.091 10 199.9177 11.18341 2 2 37 0 0 0 0 NaN 0 NaN
Jun 16th 19:52:01.469 UTC 2 13 38 402 401 1100.73 1558.979 0 244.5392 95.81402 0 0 41 0 0 205 121.8403 2.971714 71.72089 1.74929
Jun 16th 19:51:50.889 UTC 3 8 0 269 262 720.8624 1252.342 10 199.9177 11.26414 2 2 37 0 0 0 0 NaN 0 NaN
Jun 16th 19:51:00.448 UTC 2 13 38 402 398 1100.73 1544.341 0 244.5392 94.88178 0 0 40 0 0 205 121.8403 2.971714 71.72089 1.74929
Jun 16th 19:50:50.033 UTC 3 9 1 269 260 720.8624 1247.495 10 199.9177 11.2969 2 2 36 0 0 0 0 NaN 0 NaN
Jun 16th 19:50:00.437 UTC 2 15 38 401 392 1094.52 1523.337 0 244.7293 93.21879 0 0 40 0 0 205 121.8403 2.971714 71.72089 1.74929
Jun 16th 19:49:50.044 UTC 3 9 1 266 259 710.6061 1241.189 10 200.0018 11.30786 2 2 36 0 0 0 0 NaN 0 NaN
Jun 16th 19:49:00.438 UTC 2 14 38 399 390 1090.47 1514.131 0 245.3027 93.76842 0 0 40 0 0 205 121.8403 2.971714 71.72089 1.74929
Jun 16th 19:48:50.042 UTC 3 10 1 265 256 704.5648 1230.614 10 200.1963 11.3448 2 2 36 0 0 0 0 NaN 0 NaN
Jun 16th 19:47:59.457 UTC 2 15 38 396 387 1082.319 1500.6 0 245.1251 92.16348 0 0 39 0 0 205 121.8403 2.971714 71.72089 1.74929
Jun 16th 19:47:48.442 UTC 3 13 0 262 253 697.1473 1222.071 10 199.2851 11.3448 2 2 34 0 0 0 0 NaN 0 NaN
Jun 16th 19:46:58.437 UTC 2 15 40 393 383 1072.779 1484.941 0 245.2906 92.90529 0 0 38 0 0 200 119.5931 2.989827 71.7837 1.794592
Jun 16th 19:46:48.431 UTC 3 13 0 260 251 693.7948 1212.076 10 200.2402 11.40913 2 2 34 0 0 0 0 NaN 0 NaN
Jun 16th 19:45:58.437 UTC 2 15 39 390 382 1067.589 1480.748 0 245.6369 92.97347 0 0 38 0 0 195 118.7589 3.045099 70.94949 1.819218
Jun 16th 19:45:48.431 UTC 3 13 0 258 249 686.186 1199.401 10 200.7972 11.43319 2 2 34 0 0 0 0 NaN 0 NaN
Jun 16th 19:44:58.448 UTC 2 15 37 388 381 1062.928 1476.606 0 245.2566 93.16069 0 0 38 0 0 195 118.7589 3.045099 70.94949 1.819218
Jun 16th 19:44:48.430 UTC 3 14 0 254 246 676.7885 1178.445 10 201.1502 11.50277 2 2 34 0 0 0 0 NaN 0 NaN
Jun 16th 19:43:57.519 UTC 2 15 39 386 377 1060.116 1460.558 0 243.5956 92.95454 0 0 37 0 0 195 118.7589 3.045099 70.94949 1.819218
Jun 16th 19:43:47.756 UTC 3 12 0 254 246 676.7885 1178.445 10 201.1502 11.5269 2 2 33 0 0 0 0 NaN 0 NaN
Jun 16th 19:42:57.509 UTC 2 15 39 381 375 1044.014 1451.585 0 244.272 93.28043 0 0 37 0 0 190 117.0279 3.079682 69.39856 1.826278
Jun 16th 19:42:47.757 UTC 3 12 0 254 243 676.7885 1167.471 10 201.1502 11.61037 2 2 33 0 0 0 0 NaN 0 NaN
Jun 16th 19:41:57.519 UTC 2 13 38 380 375 1041.561 1451.585 0 244.2035 92.85978 0 0 37 0 0 190 117.0279 3.079682 69.39856 1.826278
Jun 16th 19:41:47.767 UTC 3 10 0 252 243 668.8985 1167.471 10 200.8155 11.66195 2 2 33 0 0 0 0 NaN 0 NaN
Jun 16th 19:40:55.601 UTC 2 15 39 378 370 1035.943 1431.241 0 244.2086 91.63641 0 0 35 0 0 190 117.0279 3.079682 69.39856 1.826278
Jun 16th 19:40:47.756 UTC 3 10 0 250 242 666.4985 1161.108 10 200.4207 11.68427 2 2 33 0 0 0 0 NaN 0 NaN
Jun 16th 19:39:54.636 UTC 2 15 40 377 366 1034.403 1416.201 0 244.4778 92.19833 0 0 34 0 0 185 113.2027 3.059533 65.57336 1.772253
Jun 16th 19:39:47.012 UTC 3 10 0 247 242 658.5672 1161.108 10 201.0512 11.68427 2 2 32 0 0 0 0 NaN 0 NaN
Jun 16th 19:38:54.634 UTC 2 15 38 373 364 1025.117 1405.715 0 244.864 91.96263 0 0 34 0 0 185 113.2027 3.059533 65.57336 1.772253
Jun 16th 19:38:47.023 UTC 3 8 0 245 242 650.1409 1161.108 10 199.2811 11.74784 2 2 32 0 0 0 0 NaN 0 NaN
Jun 16th 19:37:54.646 UTC 2 14 39 370 361 1016.927 1392.813 0 245.5776 92.37437 0 0 34 0 0 180 111.2556 3.090433 64.63122 1.795312
Jun 16th 19:37:47.023 UTC 3 8 1 245 240 650.1409 1152.658 10 199.2811 11.79663 2 2 32 0 0 0 0 NaN 0 NaN
Jun 16th 19:36:54.645 UTC 2 15 40 368 358 1009.004 1383.7 0 243.9668 92.57823 0 0 34 0 0 170 107.7223 3.168304 63.74546 1.874866
Jun 16th 19:36:47.022 UTC 3 6 0 245 240 650.1409 1152.658 10 199.2811 11.85416 2 2 32 0 0 0 0 NaN 0 NaN
Jun 16th 19:35:54.636 UTC 2 15 40 365 358 1003.177 1383.7 0 243.2441 92.57823 0 0 34 0 0 155 99.67813 3.215424 58.83776 1.897992
Jun 16th 19:35:47.022 UTC 3 9 0 243 236 647.7059 1135.11 10 199.4509 11.89302 2 2 32 0 0 0 0 NaN 0 NaN
Jun 16th 19:34:54.635 UTC 2 15 39 360 355 991.0743 1374.212 0 243.7622 93.17821 0 0 34 0 0 150 97.49884 3.249961 56.88447 1.896149
Jun 16th 19:34:47.013 UTC 3 10 0 243 234 647.7059 1125.304 10 199.4509 11.9367 2 2 32 0 0 0 0 NaN 0 NaN
Jun 16th 19:33:54.644 UTC 2 15 36 358 353 984.73 1368.526 0 243.1028 93.5903 0 0 34 0 0 150 97.49884 3.249961 56.88447 1.896149
Jun 16th 19:33:47.023 UTC 3 11 0 240 233 637.551 1116.767 10 199.8951 11.9367 2 2 32 0 0 0 0 NaN 0 NaN
Jun 16th 19:32:54.643 UTC 2 14 36 356 350 975.5626 1353.62 0 243.6482 92.5984 0 0 34 0 0 150 97.49884 3.249961 56.88447 1.896149
Jun 16th 19:32:46.154 UTC 3 12 0 239 231 636.4609 1104.865 10 200.1688 11.94786 2 2 31 0 0 0 0 NaN 0 NaN
Jun 16th 19:31:53.622 UTC 2 14 38 354 346 972.9926 1339.646 0 244.3005 92.22885 0 0 33 0 0 150 97.49884 3.249961 56.88447 1.896149
Jun 16th 19:31:46.145 UTC 3 12 0 238 229 635.2609 1099.079 10 200.1952 11.99847 2 2 31 0 0 0 0 NaN 0 NaN
Jun 16th 19:30:53.634 UTC 2 15 40 352 340 962.4963 1314.659 0 245.0013 92.13553 0 0 33 0 0 150 97.49884 3.249961 56.88447 1.896149
Jun 16th 19:30:46.155 UTC 3 11 0 236 227 632.2009 1084.413 10 200.5513 12.12301 2 2 31 0 0 0 0 NaN 0 NaN
Jun 16th 19:29:53.624 UTC 2 15 40 350 339 955.1825 1311.159 0 245.6375 92.31432 0 0 33 0 0 135 86.33894 3.197739 55.48282 2.054919
Jun 16th 19:29:46.154 UTC 3 10 0 235 226 628.5222 1074.833 10 200.2839 12.1595 2 2 31 0 0 0 0 NaN 0 NaN
Jun 16th 19:28:53.622 UTC 2 14 39 346 339 947.3575 1311.159 0 246.429 92.55923 0 0 33 0 0 125 80.41691 3.216676 49.96354 1.998541
Jun 16th 19:28:46.165 UTC 3 10 0 233 225 624.7197 1070.483 10 200.2121 12.20095 2 2 31 0 0 0 0 NaN 0 NaN
Jun 16th 19:27:53.633 UTC 2 15 40 342 335 934.0637 1294.677 0 246.6197 93.21953 0 0 33 0 0 115 74.54575 3.24112 44.09238 1.91706
Jun 16th 19:27:45.492 UTC 3 12 0 231 223 620.0096 1061.669 10 199.4898 12.20095 2 2 30 0 0 0 0 NaN 0 NaN
Jun 16th 19:26:53.633 UTC 2 15 39 339 333 926.0579 1288.744 0 246.137 93.63545 0 0 33 0 0 110 72.58863 3.299483 42.13525 1.915239
Jun 16th 19:26:45.482 UTC 3 13 0 230 221 619.4097 1054.885 10 199.426 12.23718 2 2 30 0 0 0 0 NaN 0 NaN
Jun 16th 19:25:52.581 UTC 2 15 38 337 331 924.3578 1281.456 0 246.9857 93.96655 0 0 32 0 0 110 72.58863 3.299483 42.13525 1.915239
Jun 16th 19:25:45.494 UTC 3 13 0 229 219 618.2097 1048.86 10 199.5271 12.30691 2 2 30 0 0 0 0 NaN 0 NaN
Jun 16th 19:24:52.602 UTC 2 14 38 336 328 921.7028 1264.955 0 247.5127 94.61695 0 0 32 0 0 110 72.58863 3.299483 42.13525 1.915239
Jun 16th 19:24:45.493 UTC 3 13 0 226 217 614.0096 1038.712 10 199.4112 12.36402 2 2 30 0 0 0 0 NaN 0 NaN
Jun 16th 19:23:52.591 UTC 2 15 39 332 323 914.3828 1246.427 0 245.0782 95.51058 0 0 32 0 0 110 72.58863 3.299483 42.13525 1.915239
Jun 16th 19:23:44.617 UTC 3 13 0 223 216 596.5653 1031.481 10 199.0676 12.37521 2 2 29 0 0 0 0 NaN 0 NaN
Jun 16th 19:22:51.723 UTC 2 15 39 331 321 913.4828 1237.252 0 245.259 95.3597 0 0 31 0 0 110 72.58863 3.299483 42.13525 1.915239
Jun 16th 19:22:44.626 UTC 3 11 0 221 215 593.5803 1025.262 10 199.3408 12.46265 2 2 29 0 0 0 0 NaN 0 NaN
Jun 16th 19:21:50.756 UTC 2 15 39 329 320 909.6803 1234.996 0 246.0929 95.57616 0 0 30 0 0 105 71.75706 3.417003 41.30368 1.966842
Jun 16th 19:21:44.626 UTC 3 12 0 220 212 592.2303 1014.878 10 199.5006 12.52256 2 2 29 0 0 0 0 NaN 0 NaN
Jun 16th 19:20:50.754 UTC 2 15 37 323 318 896.736 1228.917 0 242.0521 96.04303 0 0 30 0 0 105 71.75706 3.417003 41.30368 1.966842
Jun 16th 19:20:44.615 UTC 3 12 0 220 211 592.2303 1007.972 10 199.5006 12.53985 2 2 29 0 0 0 0 NaN 0 NaN
Jun 16th 19:19:50.745 UTC 2 15 36 320 315 889.1985 1218.591 0 241.3085 93.83566 0 0 30 0 0 105 71.75706 3.417003 41.30368 1.966842
Jun 16th 19:19:44.615 UTC 3 11 0 217 210 587.8104 1001.616 10 200.0581 12.64167 2 2 29 0 0 0 0 NaN 0 NaN
Jun 16th 19:18:48.765 UTC 2 14 38 318 313 881.5485 1208.861 0 242.0345 94.55115 0 0 28 0 0 105 71.75706 3.417003 41.30368 1.966842
Jun 16th 19:18:44.617 UTC 3 13 0 214 206 577.8054 983.2029 10 199.418 12.705 2 2 29 0 0 0 0 NaN 0 NaN
Jun 16th 19:17:48.764 UTC 2 15 36 316 310 876.9661 1195.634 0 242.6971 92.19238 0 0 28 0 0 105 71.75706 3.417003 41.30368 1.966842
Jun 16th 19:17:44.626 UTC 3 11 1 214 205 577.8054 977.8004 10 199.418 12.77478 2 2 29 0 0 0 0 NaN 0 NaN
Jun 16th 19:16:48.755 UTC 2 14 38 314 305 873.1561 1176.095 0 243.1834 90.33681 0 0 28 0 0 105 71.75706 3.417003 41.30368 1.966842
Jun 16th 19:16:44.617 UTC 3 12 0 213 205 576.7153 973.486 10 199.8822 12.77478 2 1 29 0 0 0 0 NaN 0 NaN
Jun 16th 19:15:46.714 UTC 2 15 40 313 301 871.1461 1159.609 0 243.166 91.0566 0 0 26 0 0 105 71.75706 3.417003 41.30368 1.966842
Jun 16th 19:15:44.615 UTC 3 12 0 210 203 570.8653 962.3618 10 199.7855 12.8175 2 1 29 0 0 0 0 NaN 0 NaN
Jun 16th 19:14:46.713 UTC 2 15 38 309 300 865.1711 1158.193 0 244.4885 91.27956 0 0 26 0 0 100 65.84737 3.292368 35.39399 1.769699
Jun 16th 19:14:44.625 UTC 3 11 0 209 202 570.0653 958.8036 10 199.5228 12.90259 2 1 29 0 0 0 0 NaN 0 NaN
Jun 16th 19:13:45.703 UTC 2 15 39 306 297 858.916 1144.346 0 245.3602 91.89913 0 0 25 0 0 95 63.45914 3.339955 35.45826 1.866224
Jun 16th 19:13:44.626 UTC 3 11 1 207 200 567.2303 947.5294 10 198.9673 12.97053 2 1 29 0 0 0 0 NaN 0 NaN
Jun 16th 19:12:45.703 UTC 2 15 40 302 294 847.9472 1133.835 0 243.1847 92.1845 0 0 25 0 0 90 59.55824 3.308791 31.55737 1.753187
Jun 16th 19:12:43.657 UTC 3 12 0 207 198 567.2303 935.8978 10 198.9673 13.00008 2 1 28 0 0 0 0 NaN 0 NaN
Jun 16th 19:11:45.694 UTC 2 15 40 299 293 839.8022 1130.474 0 242.8031 92.39011 0 0 25 0 0 75 47.02556 3.135037 23.38219 1.558813
Jun 16th 19:11:43.664 UTC 3 12 0 205 197 554.2253 929.3273 10 199.2147 13.05811 2 1 28 0 0 0 0 NaN 0 NaN
Jun 16th 19:10:45.693 UTC 2 15 38 298 292 833.8284 1124.708 0 242.7861 92.61647 0 0 25 0 0 70 44.43583 3.173988 23.44746 1.674819
Jun 16th 19:10:42.768 UTC 3 10 1 202 197 546.1702 929.3273 10 199.5013 13.11825 2 1 27 0 0 0 0 NaN 0 NaN
Jun 16th 19:09:45.705 UTC 2 15 38 295 289 824.8247 1110.16 0 243.0648 93.36069 0 0 25 0 0 70 44.43583 3.173988 23.44746 1.674819
Jun 16th 19:09:42.757 UTC 3 10 0 201 196 542.4915 921.1836 10 199.236 13.17722 2 1 27 0 0 0 0 NaN 0 NaN
Jun 16th 19:08:45.694 UTC 2 14 39 293 286 819.4922 1101.655 0 243.0872 92.00409 0 0 25 0 0 70 44.43583 3.173988 23.44746 1.674819
Jun 16th 19:08:42.766 UTC 3 10 0 201 193 542.4915 911.5528 10 199.236 13.29937 2 1 27 0 0 0 0 NaN 0 NaN
Jun 16th 19:07:45.702 UTC 2 15 39 293 281 819.4922 1081.264 0 243.0872 92.06023 0 0 25 0 0 70 44.43583 3.173988 23.44746 1.674819
Jun 16th 19:07:42.766 UTC 3 11 0 201 191 542.4915 899.5447 10 199.236 13.35075 2 1 27 0 0 0 0 NaN 0 NaN
Jun 16th 19:06:44.704 UTC 2 15 39 288 279 806.0322 1072.118 0 245.1221 91.92217 0 0 24 0 0 65 38.46113 2.958548 23.514 1.808769
Jun 16th 19:06:42.012 UTC 3 10 0 198 191 537.7214 899.5447 10 198.8008 13.39272 2 1 26 0 0 0 0 NaN 0 NaN
Jun 16th 19:05:44.705 UTC 2 15 39 284 277 798.1972 1065.8 0 243.0717 92.49448 0 0 24 0 0 60 37.72832 3.144027 23.10119 1.925099
Jun 16th 19:05:42.002 UTC 3 10 0 195 189 529.7526 887.6801 10 199.6143 13.50047 2 1 26 0 0 0 0 NaN 0 NaN
Jun 16th 19:04:43.685 UTC 2 14 40 283 275 796.3972 1056.862 0 243.1923 93.06825 0 0 23 0 0 55 37.19683 3.38153 23.1697 2.106337
Jun 16th 19:04:41.183 UTC 3 11 0 194 188 528.9526 885.0474 10 198.9456 13.50047 2 1 25 0 0 0 0 NaN 0 NaN
Jun 16th 19:03:43.705 UTC 2 15 38 279 274 784.8072 1053.565 0 242.573 93.06825 0 0 23 0 0 45 30.50467 3.389407 19.67179 2.185754
Jun 16th 19:03:41.185 UTC 3 11 0 193 186 525.9376 876.7314 10 199.4279 13.60847 2 1 25 0 0 0 0 NaN 0 NaN
Jun 16th 19:02:43.695 UTC 2 14 39 277 270 781.6972 1042.09 0 242.9877 92.93813 0 0 23 0 0 45 30.50467 3.389407 19.67179 2.185754
Jun 16th 19:02:41.195 UTC 3 10 0 192 185 524.8476 870.9299 10 199.8789 13.73865 2 1 25 0 0 0 0 NaN 0 NaN
Jun 16th 19:01:42.603 UTC 2 15 38 274 267 775.1346 1035.73 0 243.4658 92.3926 0 0 22 0 0 45 30.50467 3.389407 19.67179 2.185754
Jun 16th 19:01:40.317 UTC 3 11 1 191 183 523.0386 855.0956 10 198.8861 13.78147 2 1 24 0 0 0 0 NaN 0 NaN
Jun 16th 19:00:42.612 UTC 2 14 39 271 265 767.5084 1028.907 0 243.9186 91.65999 0 0 22 0 0 45 30.50467 3.389407 19.67179 2.185754
Jun 16th 19:00:40.319 UTC 3 11 0 189 181 518.2986 843.9076 10 199.2103 13.8312 2 1 24 0 0 0 0 NaN 0 NaN
Jun 16th 18:59:42.615 UTC 2 15 38 268 259 760.1158 1012.068 0 245.2029 93.11608 0 0 22 0 0 45 30.50467 3.389407 19.67179 2.185754
Jun 16th 18:59:40.310 UTC 3 14 0 189 178 518.2986 830.5623 10 199.2103 13.8312 2 1 24 0 0 0 0 NaN 0 NaN
Jun 16th 18:58:42.615 UTC 2 15 37 265 256 755.4659 995.11 0 245.9286 93.14494 0 0 22 0 0 45 30.50467 3.389407 19.67179 2.185754
Jun 16th 18:58:40.317 UTC 3 12 1 186 178 506.4253 830.5623 10 198.7577 13.90754 2 1 24 0 0 0 0 NaN 0 NaN
Jun 16th 18:57:41.520 UTC 2 14 38 262 254 748.4309 986.8068 0 246.9736 93.22282 0 0 21 0 0 45 30.50467 3.389407 19.67179 2.185754
Jun 16th 18:57:40.316 UTC 3 13 0 184 175 501.4603 819.9231 10 199.3802 13.9693 2 1 24 0 0 0 0 NaN 0 NaN
Jun 16th 18:56:41.531 UTC 2 15 36 259 250 742.2684 966.074 0 247.7894 94.09499 0 0 21 0 0 45 30.50467 3.389407 19.67179 2.185754
Jun 16th 18:56:39.654 UTC 3 15 1 183 173 499.1503 809.9381 10 198.898 13.9693 2 1 23 0 0 0 0 NaN 0 NaN
Jun 16th 18:55:41.530 UTC 2 15 36 258 247 738.1284 953.9222 0 248.0388 94.05952 0 0 21 0 0 45 30.50467 3.389407 19.67179 2.185754
Jun 16th 18:55:39.666 UTC 3 15 0 179 171 480.1528 797.6044 10 197.4084 13.92297 2 1 23 0 0 0 0 NaN 0 NaN
Jun 16th 18:54:40.509 UTC 2 14 39 255 245 730.3209 944.1414 0 247.427 94.66041 0 0 20 0 0 45 30.50467 3.389407 19.67179 2.185754
Jun 16th 18:54:38.972 UTC 3 12 0 177 171 476.2528 797.6044 10 198.002 14.0818 2 1 22 0 0 0 0 NaN 0 NaN
Jun 16th 18:53:40.509 UTC 2 15 40 251 243 718.9158 938.7612 0 244.1479 94.72166 0 0 20 0 0 20 16.45851 4.114628 8.223638 2.055909
Jun 16th 18:53:38.972 UTC 3 14 0 175 169 472.7978 791.369 10 197.3271 14.0818 2 1 22 0 0 0 0 NaN 0 NaN
Jun 16th 18:52:40.519 UTC 2 15 39 247 241 704.377 929.1751 0 241.786 95.15804 0 0 20 0 0 15 15.4472 5.149065 8.302321 2.767441
Jun 16th 18:52:38.972 UTC 3 11 1 175 169 472.7978 791.369 10 197.3271 14.23292 2 1 22 0 0 0 0 NaN 0 NaN
Jun 16th 18:51:40.509 UTC 2 15 37 245 240 700.372 923.4471 0 238.4778 95.41803 0 0 20 0 0 15 15.4472 5.149065 8.302321 2.767441
Jun 16th 18:51:38.972 UTC 3 10 1 172 168 463.6353 786.9684 10 197.3754 14.32705 2 1 22 0 0 0 0 NaN 0 NaN
Jun 16th 18:50:40.508 UTC 2 15 38 243 236 694.0795 905.28 0 238.0653 96.00871 0 0 20 0 0 15 15.4472 5.149065 8.302321 2.767441
Jun 16th 18:50:38.982 UTC 3 11 0 170 165 458.6703 776.0101 10 197.1392 14.42317 2 1 22 0 0 0 0 NaN 0 NaN
Jun 16th 18:49:39.582 UTC 2 15 38 242 234 690.7595 895.1546 0 238.1906 92.40743 0 0 19 0 0 15 15.4472 5.149065 8.302321 2.767441
Jun 16th 18:49:38.971 UTC 3 11 0 170 163 458.6703 768.0163 10 197.1392 14.55606 2 1 22 0 0 0 0 NaN 0 NaN
Jun 16th 18:48:39.581 UTC 2 14 38 240 232 687.5024 884.7899 0 236.4027 86.71494 0 0 19 0 0 15 15.4472 5.149065 8.302321 2.767441
Jun 16th 18:48:38.982 UTC 3 8 0 168 163 454.3915 768.0163 10 198.1041 14.69001 2 1 22 0 0 0 0 NaN 0 NaN
Jun 16th 18:47:39.572 UTC 2 15 40 238 228 682.8145 871.2148 0 233.3181 86.67219 0 0 19 0 0 5 5.889622 5.889622 2.902747 2.902747
Jun 16th 18:47:38.973 UTC 3 7 0 166 162 449.6228 761.1586 10 199.0314 14.82981 2 1 22 0 0 0 0 NaN 0 NaN
Jun 16th 18:46:39.573 UTC 2 15 38 235 226 676.0486 862.2957 0 233.0908 87.10234 0 0 19 0 0 0 0 NaN 0 NaN
Jun 16th 18:46:38.972 UTC 3 11 0 165 157 446.9678 742.0374 10 198.8475 14.86896 2 1 22 0 0 0 0 NaN 0 NaN
Jun 16th 18:45:39.582 UTC 2 15 37 231 225 655.1686 857.7419 0 233.2269 87.25342 0 0 19 0 0 0 0 NaN 0 NaN
Jun 16th 18:45:38.085 UTC 3 12 0 164 154 444.9428 733.8361 10 199.6408 15.00615 2 1 21 0 0 0 0 NaN 0 NaN
Jun 16th 18:44:39.571 UTC 2 15 35 227 224 641.3185 852.8723 0 233.3143 85.2551 0 0 19 0 0 0 0 NaN 0 NaN
Jun 16th 18:44:37.298 UTC 3 11 0 162 153 434.8628 728.1081 10 199.9707 15.09202 2 1 20 0 0 0 0 NaN 0 NaN
Jun 16th 18:43:38.510 UTC 2 15 37 227 220 641.3185 836.9933 0 233.3143 82.34269 0 0 18 0 0 0 0 NaN 0 NaN
Jun 16th 18:43:37.290 UTC 3 11 0 158 151 418.5153 716.4701 10 202.1121 15.21421 2 1 20 0 0 0 0 NaN 0 NaN
Jun 16th 18:42:37.572 UTC 2 14 38 224 217 633.7136 829.7623 0 233.9879 82.87929 0 0 17 0 0 0 0 NaN 0 NaN
Jun 16th 18:42:37.282 UTC 3 14 0 156 147 414.4503 695.8459 10 201.8855 15.25516 2 1 20 0 0 0 0 NaN 0 NaN
Jun 16th 18:41:37.592 UTC 2 14 37 223 214 630.2485 822.1132 0 234.7235 83.82703 0 0 17 0 0 0 0 NaN 0 NaN
Jun 16th 18:41:37.279 UTC 3 13 0 155 146 412.8573 689.3424 10 199.9955 15.39513 2 1 20 0 0 0 0 NaN 0 NaN
Jun 16th 18:40:37.582 UTC 2 15 37 218 210 618.9398 806.0267 0 236.5612 84.14655 0 0 17 0 0 0 0 NaN 0 NaN
Jun 16th 18:40:37.291 UTC 3 14 0 153 143 410.2173 675.7929 10 200.4196 15.51975 2 1 20 0 0 0 0 NaN 0 NaN
Jun 16th 18:39:37.581 UTC 2 13 35 214 209 608.7559 803.5344 0 238.3157 85.10994 0 0 17 0 0 0 0 NaN 0 NaN
Jun 16th 18:39:37.292 UTC 3 13 0 149 143 397.5261 675.7929 10 200.1689 15.58328 2 1 20 0 0 0 0 NaN 0 NaN
Jun 16th 18:38:37.579 UTC 2 14 35 213 205 607.5459 792.8632 0 238.5717 85.93527 0 0 17 0 0 0 0 NaN 0 NaN
Jun 16th 18:38:37.280 UTC 3 13 0 148 141 396.3161 665.4505 10 199.955 15.74455 2 1 20 0 0 0 0 NaN 0 NaN
Jun 16th 18:37:37.573 UTC 2 15 33 209 201 595.3246 771.8242 0 238.5795 86.95042 0 0 17 0 0 0 0 NaN 0 NaN
Jun 16th 18:37:37.298 UTC 3 14 0 147 139 394.5461 656.3878 10 199.0247 15.80437 2 1 20 0 0 0 0 NaN 0 NaN
Jun 16th 18:36:37.289 UTC 3 13 1 145 137 386.7274 649.597 10 198.0746 16.03436 2 1 20 0 0 0 0 NaN 0 NaN
Jun 16th 18:36:36.623 UTC 2 15 33 206 199 589.017 767.1396 0 239.85 87.65705 0 0 16 0 0 0 0 NaN 0 NaN
Jun 16th 18:35:37.290 UTC 3 15 3 143 132 378.0986 624.1639 10 198.0366 14.25292 2 1 20 0 0 0 0 NaN 0 NaN
Jun 16th 18:35:36.614 UTC 2 15 33 204 194 584.652 748.5226 0 240.4305 89.18339 0 0 16 0 0 0 0 NaN 0 NaN
Jun 16th 18:34:37.278 UTC 3 15 2 140 132 368.3861 624.1639 10 199.6261 14.25292 2 1 20 0 0 0 0 NaN 0 NaN
Jun 16th 18:34:36.614 UTC 2 15 31 201 192 576.2872 738.8248 0 240.2938 89.76143 0 0 16 0 0 0 0 NaN 0 NaN
Jun 16th 18:33:37.297 UTC 3 13 2 137 131 360.136 618.1869 10 197.5582 14.43369 2 1 20 0 0 0 0 NaN 0 NaN
Jun 16th 18:33:35.612 UTC 2 15 33 197 189 564.2722 726.7464 0 240.5645 88.7745 0 0 15 0 0 0 0 NaN 0 NaN
Jun 16th 18:32:36.349 UTC 3 15 2 136 126 357.6835 588.1489 10 197.3864 13.7867 2 1 19 0 0 0 0 NaN 0 NaN
Jun 16th 18:32:35.623 UTC 2 15 32 197 188 564.2722 722.5852 0 240.5645 88.77896 0 0 15 0 0 0 0 NaN 0 NaN
Jun 16th 18:31:36.362 UTC 3 15 0 134 124 352.2348 576.9354 10 196.0168 13.88206 2 1 19 0 0 0 0 NaN 0 NaN
Jun 16th 18:31:35.613 UTC 2 15 33 192 186 554.8022 715.5743 0 241.7252 89.1861 0 0 15 0 0 0 0 NaN 0 NaN
Jun 16th 18:30:36.353 UTC 3 15 1 134 123 352.2348 574.3154 10 196.0168 13.48081 2 1 19 0 0 0 0 NaN 0 NaN
Jun 16th 18:30:35.612 UTC 2 15 30 191 183 552.0422 703.0906 0 241.0154 88.59506 0 0 15 0 0 0 0 NaN 0 NaN
Jun 16th 18:29:36.352 UTC 3 14 1 130 122 341.7511 570.2563 10 194.9241 12.43198 2 1 19 0 0 0 0 NaN 0 NaN
Jun 16th 18:29:34.705 UTC 2 15 30 187 181 544.0772 691.8036 0 239.8227 89.18431 0 0 14 0 0 0 0 NaN 0 NaN
Jun 16th 18:28:36.353 UTC 3 15 3 128 118 339.0611 546.8751 10 195.7102 11.29335 2 1 19 0 0 0 0 NaN 0 NaN
Jun 16th 18:28:34.713 UTC 2 14 30 185 177 541.5072 674.1887 0 240.389 90.74816 0 0 14 0 0 0 0 NaN 0 NaN
Jun 16th 18:27:36.352 UTC 3 14 3 126 117 334.4823 539.8865 10 194.7641 11.13552 2 1 19 0 0 0 0 NaN 0 NaN
Jun 16th 18:27:34.703 UTC 2 15 28 185 175 541.5072 664.9823 0 240.389 90.32133 0 0 14 0 0 0 0 NaN 0 NaN
Jun 16th 18:26:36.363 UTC 3 15 0 122 115 319.7598 536.389 10 194.1296 11.13367 2 1 19 0 0 0 0 NaN 0 NaN
Jun 16th 18:26:34.699 UTC 2 15 31 181 170 531.3146 643.9017 0 240.0184 89.17149 0 0 14 0 0 0 0 NaN 0 NaN
Jun 16th 18:25:36.352 UTC 3 13 0 120 114 313.9623 531.5194 10 194.7857 11.28189 2 1 19 0 0 0 0 NaN 0 NaN
Jun 16th 18:25:34.714 UTC 2 15 30 178 169 525.2359 638.847 0 241.3677 89.26004 0 0 14 0 0 0 0 NaN 0 NaN
Jun 16th 18:24:36.350 UTC 3 12 1 119 113 311.9373 524.9872 10 195.6037 11.42881 2 1 19 0 0 0 0 NaN 0 NaN
Jun 16th 18:24:34.715 UTC 2 15 27 176 168 518.9434 635.691 0 241.3447 89.38252 0 0 14 0 0 0 0 NaN 0 NaN
Jun 16th 18:23:36.343 UTC 3 8 1 118 113 310.3973 524.9872 10 194.6298 11.57516 2 1 19 0 0 0 0 NaN 0 NaN
Jun 16th 18:23:34.704 UTC 2 15 27 173 166 512.0484 625.1763 0 239.0721 88.86925 0 0 14 0 0 0 0 NaN 0 NaN
Jun 16th 18:22:35.687 UTC 3 8 0 116 112 306.9923 521.0461 10 192.7515 11.6663 2 1 18 0 0 0 0 NaN 0 NaN
Jun 16th 18:22:34.716 UTC 2 14 26 169 165 501.1559 620.0545 0 239.0878 89.69049 0 0 14 0 0 0 0 NaN 0 NaN
Jun 16th 18:21:35.685 UTC 3 10 0 115 109 305.6423 514.4437 10 192.7632 11.69878 2 1 18 0 0 0 0 NaN 0 NaN
Jun 16th 18:21:34.704 UTC 2 15 25 168 161 492.7859 609.8876 0 238.8333 90.88656 0 0 14 0 0 0 0 NaN 0 NaN
Jun 16th 18:20:35.689 UTC 3 12 0 113 106 301.8174 499.8539 10 194.9938 11.78101 2 1 18 0 0 0 0 NaN 0 NaN
Jun 16th 18:20:33.664 UTC 2 15 24 166 159 484.3596 605.4169 0 240.8856 91.69074 0 0 13 0 0 0 0 NaN 0 NaN
Jun 16th 18:19:34.728 UTC 3 13 0 110 103 295.2424 480.5604 10 195.1208 11.85705 2 1 17 0 0 0 0 NaN 0 NaN
Jun 16th 18:19:33.664 UTC 2 15 26 162 154 476.4759 585.0352 0 242.8349 90.64394 0 0 13 0 0 0 0 NaN 0 NaN
Jun 16th 18:18:34.728 UTC 3 13 0 109 101 291.2599 471.689 10 195.6889 12.01985 2 1 17 0 0 0 0 NaN 0 NaN
Jun 16th 18:18:33.664 UTC 2 15 27 159 150 471.9159 569.1976 0 244.7543 92.00245 0 0 13 0 0 0 0 NaN 0 NaN
Jun 16th 18:17:34.738 UTC 3 14 0 108 98 289.4599 454.3836 10 195.6247 12.09218 2 1 17 0 0 0 0 NaN 0 NaN
Jun 16th 18:17:33.665 UTC 2 14 25 158 149 469.8909 566.0512 0 244.9693 92.72213 0 0 13 0 0 0 0 NaN 0 NaN
Jun 16th 18:16:34.737 UTC 3 12 1 106 97 285.6649 450.0118 10 196.386 12.34152 2 1 17 0 0 0 0 NaN 0 NaN
Jun 16th 18:16:33.675 UTC 2 15 24 154 146 456.3846 555.6928 0 247.1807 93.57749 0 0 13 0 0 0 0 NaN 0 NaN
Jun 16th 18:15:34.728 UTC 3 13 0 105 95 284.8649 435.1571 10 195.5132 12.36435 2 1 17 0 0 0 0 NaN 0 NaN
Jun 16th 18:15:33.674 UTC 2 15 23 150 143 450.7346 546.3395 0 246.8116 95.1097 0 0 13 0 0 0 0 NaN 0 NaN
Jun 16th 18:14:33.902 UTC 3 14 1 102 92 274.8299 421.2151 10 194.3685 12.12399 2 1 16 0 0 0 0 NaN 0 NaN
Jun 16th 18:14:33.672 UTC 2 15 21 148 142 436.0647 540.1998 0 247.0235 95.6717 0 0 13 0 0 0 0 NaN 0 NaN
Jun 16th 18:13:33.893 UTC 3 13 0 99 92 270.0649 421.2151 10 194.5073 12.17213 2 1 16 0 0 0 0 NaN 0 NaN
Jun 16th 18:13:33.670 UTC 2 14 23 145 137 425.1747 522.5465 0 248.7007 98.35986 0 0 13 0 0 0 0 NaN 0 NaN
Jun 16th 18:12:33.661 UTC 2 15 20 143 135 419.8497 512.7944 0 250.8012 98.88305 0 0 13 0 0 0 0 NaN 0 NaN
Jun 16th 18:12:32.962 UTC 3 15 1 96 89 264.3862 405.7574 10 193.8105 12.22968 2 1 15 0 0 0 0 NaN 0 NaN
Jun 16th 18:11:33.671 UTC 2 15 20 141 131 417.5097 498.2174 0 251.3987 99.411 0 0 13 0 0 0 0 NaN 0 NaN
Jun 16th 18:11:32.972 UTC 3 15 0 95 88 261.3712 400.0772 10 193.4412 12.06217 2 1 15 0 0 0 0 NaN 0 NaN
Jun 16th 18:10:33.664 UTC 2 15 22 139 128 407.7897 486.5091 0 241.0814 100.01 0 0 13 0 0 0 0 NaN 0 NaN
Jun 16th 18:10:32.961 UTC 3 10 1 95 88 261.3712 400.0772 10 193.4412 12.44099 2 1 15 0 0 0 0 NaN 0 NaN
Jun 16th 18:09:32.962 UTC 3 11 0 93 87 248.1412 393.6248 10 191.4787 12.44099 2 1 15 0 0 0 0 NaN 0 NaN
Jun 16th 18:09:32.601 UTC 2 15 20 134 127 394.726 482.8872 0 244.061 100.6943 0 0 12 0 0 0 0 NaN 0 NaN
Jun 16th 18:08:32.962 UTC 3 11 0 91 84 239.2762 370.7604 10 187.4908 12.72735 2 1 15 0 0 0 0 NaN 0 NaN
Jun 16th 18:08:30.673 UTC 2 15 22 131 124 385.5797 468.224 0 242.8014 101.7713 0 0 10 0 0 0 0 NaN 0 NaN
Jun 16th 18:07:31.963 UTC 3 13 0 89 81 228.4262 356.9908 10 184.0174 12.8273 2 1 14 0 0 0 0 NaN 0 NaN
Jun 16th 18:07:30.672 UTC 2 15 20 128 123 377.2359 464.9404 0 242.8687 102.3071 0 0 10 0 0 0 0 NaN 0 NaN
Jun 16th 18:06:31.248 UTC 3 14 0 89 80 228.4262 353.6145 5 184.0174 12.88792 1 1 13 0 0 0 0 NaN 0 NaN
Jun 16th 18:06:30.683 UTC 2 14 19 126 121 372.1634 456.2542 0 244.8539 93.23574 0 0 10 0 0 0 0 NaN 0 NaN
Jun 16th 18:05:31.248 UTC 3 15 0 87 78 226.8262 348.5247 5 184.0195 13.02044 1 1 13 0 0 0 0 NaN 0 NaN
Jun 16th 18:05:29.582 UTC 2 14 20 126 117 372.1634 436.683 0 244.8539 93.72079 0 0 9 0 0 0 0 NaN 0 NaN
Jun 16th 18:04:30.441 UTC 3 14 0 84 77 222.5462 343.6518 5 183.5407 13.21477 1 1 12 0 0 0 0 NaN 0 NaN
Jun 16th 18:04:29.582 UTC 2 15 21 123 112 365.1554 418.6563 0 242.9299 94.98414 0 0 9 0 0 0 0 NaN 0 NaN
Jun 16th 18:03:30.431 UTC 3 13 2 83 75 220.5212 332.234 5 184.6508 10.5687 1 1 12 0 0 0 0 NaN 0 NaN
Jun 16th 18:03:29.585 UTC 2 15 19 121 110 360.7304 411.7443 0 237.6766 96.12988 0 0 9 0 0 0 0 NaN 0 NaN
Jun 16th 18:02:30.431 UTC 3 15 2 80 71 212.7475 309.7909 5 181.3289 8.374916 1 1 12 0 0 0 0 NaN 0 NaN
Jun 16th 18:02:29.588 UTC 2 15 16 118 109 354.9904 409.2871 0 240.8856 96.18874 0 0 9 0 0 0 0 NaN 0 NaN
Jun 16th 18:01:30.443 UTC 3 15 2 78 71 205.8924 306.8742 5 179.9303 8.188597 1 0 12 0 0 0 0 NaN 0 NaN
Jun 16th 18:01:29.581 UTC 2 15 13 113 108 344.2967 404.8643 0 238.1767 96.6467 0 0 9 0 0 0 0 NaN 0 NaN
Jun 16th 18:00:30.432 UTC 3 15 4 75 68 197.4399 292.1472 5 180.9727 6.38931 1 0 12 0 0 0 0 NaN 0 NaN
Jun 16th 18:00:29.581 UTC 2 15 13 109 104 330.8499 389.6426 0 237.0876 96.00951 0 0 9 0 0 0 0 NaN 0 NaN
Jun 16th 17:59:30.431 UTC 3 15 2 75 67 197.4399 287.6828 5 180.9727 5.881268 1 0 12 0 0 0 0 NaN 0 NaN
Jun 16th 17:59:29.591 UTC 2 14 14 109 101 330.8499 375.3304 0 237.0876 92.60582 0 0 9 0 0 0 0 NaN 0 NaN
Jun 16th 17:58:30.431 UTC 3 13 2 75 66 197.4399 284.8108 5 180.9727 5.592806 1 0 12 0 0 0 0 NaN 0 NaN
Jun 16th 17:58:29.580 UTC 2 15 12 106 100 325.0799 372.8764 0 238.9997 92.60582 0 0 9 0 0 0 0 NaN 0 NaN
Jun 16th 17:57:30.431 UTC 3 12 1 69 64 177.0087 279.8933 5 177.2648 5.501014 1 0 12 0 0 0 0 NaN 0 NaN
Jun 16th 17:57:29.582 UTC 2 13 15 104 97 321.2849 362.9137 0 240.0625 90.02094 0 0 9 0 0 0 0 NaN 0 NaN
Jun 16th 17:56:30.442 UTC 3 10 1 66 64 166.8237 279.8933 5 175.7153 5.564159 1 0 12 0 0 0 0 NaN 0 NaN
Jun 16th 17:56:29.581 UTC 2 15 15 101 92 317.1749 338.441 0 242.2238 90.68864 0 0 9 0 0 0 0 NaN 0 NaN
Jun 16th 17:55:30.432 UTC 3 12 0 65 62 164.5137 267.5915 5 174.4982 5.564159 1 0 12 0 0 0 0 NaN 0 NaN
Jun 16th 17:55:29.571 UTC 2 15 13 98 89 306.5287 327.7476 0 242.9133 92.11665 0 0 9 0 0 0 0 NaN 0 NaN
Jun 16th 17:54:30.431 UTC 3 11 0 64 60 162.4887 256.0142 5 174.6141 5.67497 1 0 12 0 0 0 0 NaN 0 NaN
Jun 16th 17:54:29.592 UTC 2 14 13 98 88 306.5287 324.3554 0 242.9133 93.5436 0 0 9 0 0 0 0 NaN 0 NaN
Jun 16th 17:53:30.431 UTC 3 11 0 64 58 162.4887 244.9346 5 174.6141 5.5924 1 0 12 0 0 0 0 NaN 0 NaN
Jun 16th 17:53:28.624 UTC 2 15 12 93 85 290.6086 315.5 0 245.6136 94.83719 0 0 8 0 0 0 0 NaN 0 NaN
Jun 16th 17:52:30.442 UTC 3 10 0 64 57 162.4887 236.2005 5 174.6141 5.578788 1 0 12 0 0 0 0 NaN 0 NaN
Jun 16th 17:52:28.614 UTC 2 15 10 88 84 270.1962 310.1389 0 237.4035 95.29145 0 0 8 0 0 0 0 NaN 0 NaN
Jun 16th 17:51:30.442 UTC 3 12 0 60 54 156.2737 215.688 0 173.0292 5.57876 0 0 12 0 0 0 0 NaN 0 NaN
Jun 16th 17:51:28.612 UTC 2 14 9 86 82 267.0462 299.1391 0 240.6405 97.15884 0 0 8 0 0 0 0 NaN 0 NaN
Jun 16th 17:50:29.420 UTC 3 13 1 60 52 156.2737 208.508 0 173.0292 5.548294 0 0 11 0 0 0 0 NaN 0 NaN
Jun 16th 17:50:28.612 UTC 2 14 9 86 78 267.0462 281.6231 0 240.6405 100.5412 0 0 8 0 0 0 0 NaN 0 NaN
Jun 16th 17:49:29.431 UTC 3 13 0 57 51 151.9437 206.6922 0 173.0813 5.485887 0 0 11 0 0 0 0 NaN 0 NaN
Jun 16th 17:49:28.611 UTC 2 15 9 85 73 265.6062 266.5578 0 232.8366 103.8675 0 0 8 0 0 0 0 NaN 0 NaN
Jun 16th 17:48:29.431 UTC 3 14 0 55 49 147.6087 198.6027 0 174.6452 5.50065 0 0 11 0 0 0 0 NaN 0 NaN
Jun 16th 17:48:26.459 UTC 2 14 10 81 71 254.4761 258.2545 0 237.9731 95.39787 0 0 6 0 0 0 0 NaN 0 NaN
Jun 16th 17:47:29.420 UTC 3 13 1 54 47 144.9237 193.9788 0 171.8236 5.607805 0 0 11 0 0 0 0 NaN 0 NaN
Jun 16th 17:47:26.459 UTC 2 15 8 76 69 235.8461 253.771 0 218.4665 95.98784 0 0 6 0 0 0 0 NaN 0 NaN
Jun 16th 17:46:28.409 UTC 3 13 0 50 45 134.8837 186.119 0 171.0571 5.553537 0 0 10 0 0 0 0 NaN 0 NaN
Jun 16th 17:46:26.468 UTC 2 15 8 73 67 225.5852 249.581 0 213.0014 97.56431 0 0 6 0 0 0 0 NaN 0 NaN
Jun 16th 17:45:28.431 UTC 3 13 0 49 43 133.1537 176.0064 0 167.9889 5.603074 0 0 10 0 0 0 0 NaN 0 NaN
Jun 16th 17:45:26.468 UTC 2 15 9 69 63 218.9502 237.0112 0 206.6877 92.99749 0 0 6 0 0 0 0 NaN 0 NaN
Jun 16th 17:44:27.492 UTC 3 11 0 46 42 116.8525 174.2098 0 168.9737 5.42456 0 0 9 0 0 0 0 NaN 0 NaN
Jun 16th 17:44:26.459 UTC 2 15 8 67 62 211.2222 232.6074 0 198.7224 83.6095 0 0 6 0 0 0 0 NaN 0 NaN
Jun 16th 17:43:27.482 UTC 3 11 1 44 40 112.39 165.3385 0 173.7609 5.470321 0 0 9 0 0 0 0 NaN 0 NaN
Jun 16th 17:43:26.479 UTC 2 14 10 64 57 204.6597 218.8983 0 200.8739 69.84095 0 0 6 0 0 0 0 NaN 0 NaN
Jun 16th 17:42:27.482 UTC 3 12 0 43 36 109.735 144.877 0 172.6409 5.493023 0 0 9 0 0 0 0 NaN 0 NaN
Jun 16th 17:42:26.459 UTC 2 15 10 62 54 192.4759 204.0564 0 203.2795 60.18796 0 0 6 0 0 0 0 NaN 0 NaN
Jun 16th 17:41:27.492 UTC 3 13 0 43 34 109.735 140.3934 0 172.6409 5.573236 0 0 9 0 0 0 0 NaN 0 NaN
Jun 16th 17:41:26.458 UTC 2 14 11 60 50 186.0972 189.5846 0 207.5574 54.82654 0 0 6 0 0 0 0 NaN 0 NaN
Jun 16th 17:40:27.482 UTC 3 13 1 41 31 105.2575 132.9166 0 175.5999 5.676246 0 0 9 0 0 0 0 NaN 0 NaN
Jun 16th 17:40:25.519 UTC 2 15 13 55 45 169.8746 174.2002 0 210.6196 56.12338 0 0 5 0 0 0 0 NaN 0 NaN
Jun 16th 17:39:26.791 UTC 3 13 0 37 30 95.28624 127.0609 0 169.9194 5.645668 0 0 8 0 0 0 0 NaN 0 NaN
Jun 16th 17:39:25.511 UTC 2 15 10 54 45 165.7909 174.2002 0 213.3434 56.12338 0 0 5 0 0 0 0 NaN 0 NaN
Jun 16th 17:38:26.790 UTC 3 13 0 31 29 78.80125 123.056 0 173.9665 5.56551 0 0 8 0 0 0 0 NaN 0 NaN
Jun 16th 17:38:25.508 UTC 2 14 9 48 42 150.1634 163.4429 0 200.664 59.30268 0 0 5 0 0 0 0 NaN 0 NaN
Jun 16th 17:37:26.788 UTC 3 11 0 31 28 78.80125 119.5362 0 173.9665 5.557368 0 0 8 0 0 0 0 NaN 0 NaN
Jun 16th 17:37:25.521 UTC 2 15 9 46 39 142.7159 152.124 0 198.3344 58.74533 0 0 5 0 0 0 0 NaN 0 NaN
Jun 16th 17:36:26.798 UTC 3 10 0 31 25 78.80125 109.5257 0 173.9665 5.734781 0 0 8 0 0 0 0 NaN 0 NaN
Jun 16th 17:36:25.520 UTC 2 15 11 44 36 138.2459 140.4924 0 190.2657 60.07196 0 0 5 0 0 0 0 NaN 0 NaN
Jun 16th 17:35:25.789 UTC 3 10 0 28 23 67.12125 99.8821 0 172.9776 5.687054 0 0 7 0 0 0 0 NaN 0 NaN
Jun 16th 17:35:25.510 UTC 2 15 9 41 35 129.8894 136.229 0 182.4165 60.39603 0 0 5 0 0 0 0 NaN 0 NaN
Jun 16th 17:34:25.799 UTC 3 12 1 27 20 63.4425 83.88184 0 175.4019 5.739943 0 0 7 0 0 0 0 NaN 0 NaN
Jun 16th 17:34:25.521 UTC 2 13 9 38 32 114.6906 116.1697 0 184.1119 46.9196 0 0 5 0 0 0 0 NaN 0 NaN
Jun 16th 17:33:25.521 UTC 2 15 11 36 26 106.9788 94.66148 0 168.6772 38.09766 0 0 5 0 0 0 0 NaN 0 NaN
Jun 16th 17:33:25.178 UTC 3 10 1 25 19 60.3625 74.99459 0 177.3754 5.583086 0 0 6 0 0 0 0 NaN 0 NaN
Jun 16th 17:32:25.187 UTC 3 10 0 24 18 58.3375 72.96822 0 177.8038 5.769464 0 0 6 0 0 0 0 NaN 0 NaN
Jun 16th 17:32:24.552 UTC 2 14 11 33 25 91.46876 91.66821 0 169.8507 29.77643 0 0 4 0 0 0 0 NaN 0 NaN
Jun 16th 17:31:25.177 UTC 3 9 0 20 16 43.92625 57.9285 0 177.0753 5.460515 0 0 6 0 0 0 0 NaN 0 NaN
Jun 16th 17:31:24.561 UTC 2 15 10 30 22 86.51125 78.15381 0 170.2156 29.85287 0 0 4 0 0 0 0 NaN 0 NaN
Jun 16th 17:30:24.562 UTC 2 14 9 29 20 78.14125 71.9726 0 170.4551 16.26341 0 0 4 0 0 0 0 NaN 0 NaN
Jun 16th 17:30:24.403 UTC 3 9 1 19 15 43.32625 52.92163 0 174.0004 5.456103 0 0 5 0 0 0 0 NaN 0 NaN
Jun 16th 17:29:24.549 UTC 2 15 8 27 16 69.27625 52.73015 0 175.2484 11.59265 0 0 4 0 0 0 0 NaN 0 NaN
Jun 16th 17:29:24.404 UTC 3 9 0 19 14 43.32625 45.40337 0 174.0004 5.364151 0 0 5 0 0 0 0 NaN 0 NaN
Jun 16th 17:28:23.534 UTC 3 9 1 19 13 43.32625 41.66976 0 174.0004 5.299236 0 0 4 0 0 0 0 NaN 0 NaN
Jun 16th 17:28:23.469 UTC 2 15 8 22 13 54.14626 38.18502 0 158.5246 9.927789 0 0 3 0 0 0 0 NaN 0 NaN
Jun 16th 17:27:23.533 UTC 3 8 0 17 12 32.64625 39.23492 0 161.4651 5.000003 0 0 4 0 0 0 0 NaN 0 NaN
Jun 16th 17:27:23.469 UTC 2 15 6 19 12 38.2425 37.45744 0 155.8009 8.227108 0 0 3 0 0 0 0 NaN 0 NaN
Jun 16th 17:26:23.533 UTC 3 10 0 16 9 31.29625 26.0875 0 157.3558 5.063489 0 0 4 0 0 0 0 NaN 0 NaN
Jun 16th 17:26:23.459 UTC 2 15 4 16 10 33.0725 25.71095 0 155.9356 5.856888 0 0 3 0 0 0 0 NaN 0 NaN
Jun 16th 17:25:23.480 UTC 2 15 1 15 9 32.1725 21.75076 0 150.9724 5.399603 0 0 3 0 0 0 0 NaN 0 NaN
Jun 16th 17:25:22.870 UTC 3 13 0 14 6 27.89125 14.35693 0 161.6328 5.063489 0 0 3 0 0 0 0 NaN 0 NaN
Jun 16th 17:24:23.468 UTC 2 11 0 13 8 23.9375 21.03275 0 152.7077 5.277236 0 0 3 0 0 0 0 NaN 0 NaN
Jun 16th 17:24:22.860 UTC 3 13 1 11 5 22.2625 12.48372 0 134.1275 4.892892 0 0 3 0 0 0 0 NaN 0 NaN
Jun 16th 17:23:23.469 UTC 2 11 0 11 6 21.7875 14.67921 0 136.7202 5.265628 0 0 3 0 0 0 0 NaN 0 NaN
Jun 16th 17:23:22.055 UTC 3 14 1 8 2 17.2525 3.111375 0 140.4151 4.799339 0 0 2 0 0 0 0 NaN 0 NaN
Jun 16th 17:22:23.468 UTC 2 10 0 8 5 15.33 11.0541 0 128.7968 5.117941 0 0 3 0 0 0 0 NaN 0 NaN
Jun 16th 17:22:22.064 UTC 3 12 0 7 1 15.6175 1.879586 0 149.737 4.757409 0 0 2 0 0 0 0 NaN 0 NaN
Jun 16th 17:21:23.469 UTC 2 10 0 7 3 13.02 5.290911 0 113.8708 5.004346 0 0 3 0 0 0 0 NaN 0 NaN
Jun 16th 17:21:22.064 UTC 3 9 1 4 0 10.19 0 0 162.6469 5.28912 0 0 2 0 0 0 0 NaN 0 NaN
Jun 16th 17:20:22.345 UTC 2 10 0 6 1 10.365 1.388156 0 101.2639 5.579887 0 0 2 0 0 0 0 NaN 0 NaN
Jun 16th 17:20:21.125 UTC 3 7 1 0 0 0 0 0 NaN 4.824129 0 0 1 0 0 0 0 NaN 0 NaN
Jun 16th 17:19:22.346 UTC 2 7 0 3 1 5.475 1.388156 0 105.1415 5.102436 0 0 2 0 0 0 0 NaN 0 NaN
Jun 16th 17:19:21.135 UTC 3 5 1 0 0 0 0 0 NaN 5.146807 0 0 1 0 0 0 0 NaN 0 NaN
Jun 16th 17:18:22.335 UTC 2 5 0 1 0 2.025 0 0 58.78062 5.844569 0 0 2 0 0 0 0 NaN 0 NaN
Jun 16th 17:18:21.134 UTC 3 3 0 0 0 0 0 0 NaN 4.568887 0 0 1 0 0 0 0 NaN 0 NaN
Jun 16th 17:17:21.404 UTC 2 3 0 0 0 0 0 0 NaN 3.517407 0 0 1 0 0 0 0 NaN 0 NaN
Jun 16th 17:17:21.124 UTC 3 1 0 0 0 0 0 0 NaN 11.65246 0 0 1 0 0 0 0 NaN 0 NaN
Jun 16th 17:16:20.516 UTC 2 0 0 0 0 0 0 0 NaN NaN 0 0 0 0 0 0 0 NaN 0 NaN
Jun 16th 17:16:20.504 UTC 3 0 0 0 0 0 0 0 NaN NaN 0 0 0 0 0 0 0 NaN 0 NaN