dt1 dt2 dt3 dt4 controller drones queue deliveries fullTrips revenue costs penalties fDel fRet fLaunch collisions unknown total
May 30th 02:39:49.556 UTC C_2 15 39 861 856 113294 3732.814 0 0 0 48 0 0 3444
May 30th 02:39:33.221 UTC C_3 15 39 816 810 110269 3674.619 169224.9 4 0 109 0 0 1923
May 30th 02:38:49.578 UTC C_2 15 40 861 852 113294 3725.886 0 0 0 48 0 0 3436
May 30th 02:38:32.370 UTC C_3 15 39 812 806 109620 3667.506 169224.9 4 0 108 0 0 1917
May 30th 02:37:49.568 UTC C_2 14 39 858 851 112877 3722.756 0 0 0 48 0 0 3426
May 30th 02:37:32.381 UTC C_3 14 38 809 803 109064 3660.431 169224.9 4 0 108 0 0 1912
May 30th 02:36:49.565 UTC C_2 14 40 853 846 112137 3698.174 0 0 0 48 0 0 3417
May 30th 02:36:31.669 UTC C_3 14 40 807 800 108707 3647.029 169224.9 4 0 107 0 0 1908
May 30th 02:35:49.566 UTC C_2 15 40 852 843 111953 3687.708 0 0 0 48 0 0 3407
May 30th 02:35:30.737 UTC C_3 14 40 803 797 108353 3632.426 169224.9 4 0 106 0 0 1901
May 30th 02:34:49.575 UTC C_2 15 40 850 842 111833 3683.833 0 0 0 48 0 0 3397
May 30th 02:34:30.737 UTC C_3 13 39 801 794 108110 3618.701 169224.9 4 0 106 0 0 1896
May 30th 02:33:49.567 UTC C_2 15 40 846 838 111356 3667.026 0 0 0 48 0 0 3388
May 30th 02:33:29.934 UTC C_3 14 37 800 791 108050 3606.84 169224.9 4 0 105 0 0 1890
May 30th 02:32:49.566 UTC C_2 15 40 844 836 111138 3659.875 0 0 0 48 0 0 3376
May 30th 02:32:29.923 UTC C_3 15 40 799 786 107873 3581.872 169224.9 4 0 105 0 0 1889
May 30th 02:31:49.566 UTC C_2 15 40 841 834 110772 3649.069 0 0 0 48 0 0 3363
May 30th 02:31:29.934 UTC C_3 15 40 795 786 107191 3581.872 169224.9 4 0 105 0 0 1887
May 30th 02:30:49.566 UTC C_2 15 39 838 831 110381 3638.385 0 0 0 48 0 0 3352
May 30th 02:30:29.934 UTC C_3 14 40 792 785 106917 3578.378 169224.9 4 0 105 0 0 1881
May 30th 02:29:49.566 UTC C_2 14 40 836 828 110073 3625.761 0 0 0 48 0 0 3343
May 30th 02:29:29.933 UTC C_3 15 40 789 783 106551 3570.888 169224.9 4 0 105 0 0 1875
May 30th 02:28:49.575 UTC C_2 15 40 834 826 109855 3614.745 0 0 0 48 0 0 3334
May 30th 02:28:29.931 UTC C_3 14 39 786 780 106253 3556.222 169224.9 4 0 105 0 0 1870
May 30th 02:27:49.576 UTC C_2 15 39 830 825 109429 3610.504 0 0 0 48 0 0 3323
May 30th 02:27:28.247 UTC C_3 15 40 784 777 105899 3542.801 169224.9 4 0 103 0 0 1865
May 30th 02:26:49.556 UTC C_2 15 40 829 820 109203 3591.747 0 0 0 48 0 0 3313
May 30th 02:26:28.238 UTC C_3 15 40 783 775 105819 3539.657 169224.9 4 0 103 0 0 1860
May 30th 02:25:49.577 UTC C_2 15 40 827 818 109063 3577.371 0 0 0 48 0 0 3304
May 30th 02:25:28.248 UTC C_3 14 39 782 772 105710 3521.758 169224.9 4 0 103 0 0 1855
May 30th 02:24:49.567 UTC C_2 14 40 823 816 108567 3566.177 0 0 0 48 0 0 3291
May 30th 02:24:28.247 UTC C_3 15 40 777 769 105037 3509.843 169224.9 4 0 103 0 0 1854
May 30th 02:23:49.565 UTC C_2 15 39 822 812 108487 3555.139 0 0 0 48 0 0 3279
May 30th 02:23:28.237 UTC C_3 15 39 773 766 104537 3499.232 169224.9 4 0 103 0 0 1848
May 30th 02:22:49.576 UTC C_2 15 40 820 810 108273 3548.418 0 0 0 48 0 0 3271
May 30th 02:22:28.234 UTC C_3 15 40 773 763 104537 3485.335 169224.9 4 0 103 0 0 1843
May 30th 02:21:49.568 UTC C_2 15 39 816 808 107879 3538.021 0 0 0 48 0 0 3259
May 30th 02:21:27.352 UTC C_3 15 39 771 761 104202 3475.79 169224.9 4 0 102 0 0 1836
May 30th 02:20:49.567 UTC C_2 15 40 813 805 107409 3524.893 0 0 0 48 0 0 3252
May 30th 02:20:25.809 UTC C_3 14 40 766 759 103458 3465.524 169224.9 4 0 100 0 0 1830
May 30th 02:19:49.578 UTC C_2 15 40 810 804 106947 3519.791 0 0 0 48 0 0 3245
May 30th 02:19:25.811 UTC C_3 15 39 764 757 103102 3460.891 169224.9 4 0 100 0 0 1823
May 30th 02:18:49.578 UTC C_2 15 40 809 802 106838 3506.289 0 0 0 48 0 0 3236
May 30th 02:18:25.820 UTC C_3 15 40 764 756 103102 3456.73 169224.9 4 0 100 0 0 1817
May 30th 02:17:49.565 UTC C_2 15 40 806 799 106326 3495.605 0 0 0 48 0 0 3231
May 30th 02:17:25.098 UTC C_3 14 36 759 753 102477 3449.17 169224.9 4 0 99 0 0 1805
May 30th 02:16:49.574 UTC C_2 14 40 806 796 106326 3481.111 0 0 0 48 0 0 3221
May 30th 02:16:25.097 UTC C_3 13 37 756 750 102138 3435.161 169224.9 4 0 99 0 0 1802
May 30th 02:15:49.565 UTC C_2 15 40 803 795 105909 3475.485 0 0 0 48 0 0 3209
May 30th 02:15:23.994 UTC C_3 15 37 754 747 101881 3417.629 169224.9 4 0 98 0 0 1800
May 30th 02:14:49.565 UTC C_2 15 40 801 792 105749 3457.557 0 0 0 48 0 0 3197
May 30th 02:14:23.994 UTC C_3 12 37 753 745 101772 3409.469 169224.9 4 0 98 0 0 1795
May 30th 02:13:49.574 UTC C_2 15 40 798 790 105403 3452.723 0 0 0 48 0 0 3188
May 30th 02:13:20.608 UTC C_3 13 40 752 742 101593 3394.64 169224.9 4 0 94 0 0 1791
May 30th 02:12:49.566 UTC C_2 14 40 795 789 105106 3449.532 0 0 0 48 0 0 3178
May 30th 02:12:18.778 UTC C_3 15 40 749 738 101159 3370.953 169224.9 4 0 92 0 0 1786
May 30th 02:11:49.566 UTC C_2 15 40 793 786 104966 3433.378 0 0 0 48 0 0 3166
May 30th 02:11:18.779 UTC C_3 14 40 746 737 100919 3368.831 169224.9 4 0 92 0 0 1780
May 30th 02:10:49.576 UTC C_2 14 39 791 785 104777 3426.428 0 0 0 48 0 0 3161
May 30th 02:10:17.831 UTC C_3 15 40 744 734 100537 3352.409 169224.9 4 0 91 0 0 1771
May 30th 02:09:48.576 UTC C_2 14 40 789 781 104617 3410.402 0 0 0 47 0 0 3152
May 30th 02:09:17.841 UTC C_3 15 40 740 733 100140 3350.281 169224.9 4 0 91 0 0 1768
May 30th 02:08:48.588 UTC C_2 15 40 787 778 104436 3389 0 0 0 47 0 0 3140
May 30th 02:08:17.840 UTC C_3 14 40 737 731 99774 3342.434 169224.9 4 0 91 0 0 1761
May 30th 02:07:47.648 UTC C_2 15 40 784 775 103905 3376.446 0 0 0 46 0 0 3134
May 30th 02:07:17.063 UTC C_3 15 40 736 728 99714 3333.917 169224.9 4 0 90 0 0 1754
May 30th 02:06:47.650 UTC C_2 15 39 784 775 103905 3376.446 0 0 0 46 0 0 3121
May 30th 02:06:17.074 UTC C_3 14 40 734 726 99446 3320.75 169224.9 4 0 90 0 0 1750
May 30th 02:05:47.660 UTC C_2 15 39 780 771 103556 3357.889 0 0 0 46 0 0 3112
May 30th 02:05:17.074 UTC C_3 14 40 730 723 98972 3307.255 169224.9 4 0 90 0 0 1744
May 30th 02:04:47.651 UTC C_2 15 40 778 770 103225 3353.855 0 0 0 46 0 0 3105
May 30th 02:04:17.067 UTC C_3 14 40 728 721 98719 3291.331 169224.9 4 0 90 0 0 1739
May 30th 02:03:47.648 UTC C_2 15 40 777 768 103145 3346.937 0 0 0 46 0 0 3095
May 30th 02:03:17.074 UTC C_3 15 40 728 718 98719 3277.14 169224.9 4 0 90 0 0 1732
May 30th 02:02:47.641 UTC C_2 15 40 773 764 102576 3326.45 0 0 0 46 0 0 3086
May 30th 02:02:17.075 UTC C_3 15 40 725 718 98026 3277.14 169224.9 4 0 90 0 0 1725
May 30th 02:01:47.650 UTC C_2 14 40 769 764 102094 3326.45 0 0 0 46 0 0 3079
May 30th 02:01:17.073 UTC C_3 12 39 724 718 97800 3277.14 169224.9 4 0 90 0 0 1719
May 30th 02:00:46.640 UTC C_2 15 40 768 761 101868 3309.831 0 0 0 45 0 0 3069
May 30th 02:00:17.076 UTC C_3 15 40 721 712 97335 3256.593 169224.9 4 0 90 0 0 1713
May 30th 01:59:46.652 UTC C_2 15 39 767 759 101620 3298.592 0 0 0 45 0 0 3060
May 30th 01:59:17.066 UTC C_3 15 40 719 710 96978 3246.512 169224.9 4 0 90 0 0 1706
May 30th 01:58:46.640 UTC C_2 15 40 765 757 101357 3287.889 0 0 0 45 0 0 3053
May 30th 01:58:17.074 UTC C_3 15 39 714 710 96236 3246.512 169224.9 4 0 90 0 0 1700
May 30th 01:57:46.639 UTC C_2 15 39 764 755 101297 3281.529 0 0 0 45 0 0 3043
May 30th 01:57:17.074 UTC C_3 13 40 713 706 96082 3228.303 169224.9 4 0 90 0 0 1694
May 30th 01:56:46.639 UTC C_2 15 40 759 752 100570 3264.236 0 0 0 45 0 0 3034
May 30th 01:56:17.067 UTC C_3 15 39 712 703 95973 3217.188 169224.9 4 0 90 0 0 1687
May 30th 01:55:46.649 UTC C_2 15 40 758 752 100490 3264.236 0 0 0 45 0 0 3026
May 30th 01:55:16.148 UTC C_3 15 40 709 701 95508 3206.067 169224.9 4 0 89 0 0 1680
May 30th 01:54:46.638 UTC C_2 14 40 758 748 100490 3242.221 0 0 0 45 0 0 3018
May 30th 01:54:16.161 UTC C_3 15 40 705 699 94966 3199.513 169224.9 4 0 89 0 0 1675
May 30th 01:53:46.639 UTC C_2 15 40 754 745 99996 3227.791 0 0 0 45 0 0 3008
May 30th 01:53:16.147 UTC C_3 14 40 704 697 94789 3186.55 169224.9 4 0 89 0 0 1671
May 30th 01:52:46.639 UTC C_2 15 40 751 743 99648 3220.585 0 0 0 45 0 0 2996
May 30th 01:52:16.156 UTC C_3 14 39 702 694 94481 3176.897 169224.9 4 0 89 0 0 1664
May 30th 01:51:46.649 UTC C_2 15 39 751 743 99648 3220.585 0 0 0 45 0 0 2989
May 30th 01:51:16.156 UTC C_3 15 40 700 691 94170 3158.685 169224.9 4 0 89 0 0 1657
May 30th 01:50:46.641 UTC C_2 15 40 746 741 99173 3210.977 0 0 0 45 0 0 2981
May 30th 01:50:16.146 UTC C_3 13 40 697 691 93708 3158.685 169224.9 4 0 89 0 0 1652
May 30th 01:49:46.630 UTC C_2 15 40 744 739 98939 3201.129 0 0 0 45 0 0 2972
May 30th 01:49:14.534 UTC C_3 14 40 694 687 92867 3142.58 169224.9 4 0 87 0 0 1643
May 30th 01:48:46.651 UTC C_2 15 40 743 736 98859 3187.64 0 0 0 45 0 0 2964
May 30th 01:48:14.524 UTC C_3 14 40 694 686 92867 3139.127 169224.9 4 0 87 0 0 1640
May 30th 01:47:45.455 UTC C_2 15 40 740 733 98542 3174.001 0 0 0 44 0 0 2953
May 30th 01:47:13.716 UTC C_3 14 40 692 683 92707 3123.758 169224.9 4 0 86 0 0 1635
May 30th 01:46:45.455 UTC C_2 15 39 738 732 98033 3167.995 0 0 0 44 0 0 2944
May 30th 01:46:13.729 UTC C_3 15 40 687 681 91973 3114.287 169224.9 4 0 86 0 0 1630
May 30th 01:45:45.455 UTC C_2 15 40 737 727 97924 3150.68 0 0 0 44 0 0 2933
May 30th 01:45:13.710 UTC C_3 15 40 687 679 91973 3108.929 169224.9 4 0 86 0 0 1625
May 30th 01:44:44.476 UTC C_2 15 39 734 724 97626 3141.576 0 0 0 43 0 0 2922
May 30th 01:44:13.732 UTC C_3 14 39 683 678 91619 3107.024 169224.9 4 0 86 0 0 1620
May 30th 01:43:44.475 UTC C_2 15 40 731 722 97280 3139.601 0 0 0 43 0 0 2914
May 30th 01:43:12.829 UTC C_3 13 40 681 674 91499 3078.483 169224.9 4 0 85 0 0 1614
May 30th 01:42:44.464 UTC C_2 14 39 726 720 96578 3133.528 0 0 0 43 0 0 2907
May 30th 01:42:10.952 UTC C_3 14 40 678 671 91065 3061.497 169224.9 4 0 83 0 0 1603
May 30th 01:41:44.484 UTC C_2 15 39 721 717 95940 3119.608 0 0 0 43 0 0 2899
May 30th 01:41:10.942 UTC C_3 15 40 678 668 91065 3039.408 169224.9 4 0 83 0 0 1596
May 30th 01:40:44.484 UTC C_2 15 39 721 713 95940 3095.892 0 0 0 43 0 0 2893
May 30th 01:40:10.943 UTC C_3 15 39 677 666 90985 3034.379 169224.9 4 0 83 0 0 1587
May 30th 01:39:44.476 UTC C_2 14 40 721 711 95940 3087.011 0 0 0 43 0 0 2884
May 30th 01:39:10.942 UTC C_3 14 40 675 664 90816 3025.865 169224.9 4 0 83 0 0 1581
May 30th 01:38:44.476 UTC C_2 15 40 718 709 95455 3075.169 0 0 0 43 0 0 2877
May 30th 01:38:10.943 UTC C_3 15 40 671 661 90527 3011.284 169224.9 4 0 83 0 0 1575
May 30th 01:37:44.476 UTC C_2 15 39 715 707 95158 3062.666 0 0 0 43 0 0 2866
May 30th 01:37:10.943 UTC C_3 15 39 669 661 90270 3011.284 169224.9 4 0 83 0 0 1570
May 30th 01:36:44.476 UTC C_2 15 40 713 705 94850 3056.012 0 0 0 43 0 0 2856
May 30th 01:36:10.952 UTC C_3 15 38 669 660 90270 3008.872 169224.9 4 0 83 0 0 1568
May 30th 01:35:44.476 UTC C_2 15 40 711 702 94438 3038.525 0 0 0 43 0 0 2844
May 30th 01:35:10.951 UTC C_3 15 40 664 657 89804 2989.735 169224.9 4 0 83 0 0 1563
May 30th 01:34:44.464 UTC C_2 15 40 709 701 94152 3035.104 0 0 0 43 0 0 2837
May 30th 01:34:10.941 UTC C_3 15 40 660 655 89304 2983.946 169224.9 4 0 83 0 0 1556
May 30th 01:33:44.486 UTC C_2 15 39 706 698 93737 3023.508 0 0 0 43 0 0 2827
May 30th 01:33:10.160 UTC C_3 14 39 659 654 89224 2982.36 169224.9 4 0 82 0 0 1550
May 30th 01:32:44.484 UTC C_2 15 40 705 697 93657 3017.885 0 0 0 43 0 0 2815
May 30th 01:32:10.162 UTC C_3 15 40 659 651 89224 2968.061 169224.9 4 0 82 0 0 1547
May 30th 01:31:44.483 UTC C_2 15 40 700 696 92979 3011.895 0 0 0 43 0 0 2804
May 30th 01:31:10.161 UTC C_3 15 40 655 650 88487 2967.004 169224.9 4 0 82 0 0 1545
May 30th 01:30:44.472 UTC C_2 14 40 699 694 92825 3002.583 0 0 0 43 0 0 2792
May 30th 01:30:10.158 UTC C_3 15 40 654 647 88407 2952.849 169224.9 4 0 82 0 0 1540
May 30th 01:29:44.473 UTC C_2 14 40 698 690 92765 2980.054 0 0 0 43 0 0 2785
May 30th 01:29:09.460 UTC C_3 14 40 651 643 88113 2938.862 169224.9 4 0 81 0 0 1531
May 30th 01:28:44.472 UTC C_2 15 40 697 687 92656 2963.116 0 0 0 43 0 0 2776
May 30th 01:28:09.450 UTC C_3 15 39 649 640 87895 2929.11 169224.9 4 0 81 0 0 1526
May 30th 01:27:44.473 UTC C_2 15 40 695 685 92516 2955.582 0 0 0 43 0 0 2766
May 30th 01:27:09.461 UTC C_3 14 38 646 638 87576 2919.07 169224.9 4 0 81 0 0 1520
May 30th 01:26:44.474 UTC C_2 15 40 693 684 92279 2954.892 0 0 0 43 0 0 2756
May 30th 01:26:09.462 UTC C_3 15 40 645 634 87442 2891.343 169224.9 4 0 81 0 0 1515
May 30th 01:25:44.484 UTC C_2 15 40 689 682 91831 2950.358 0 0 0 43 0 0 2748
May 30th 01:25:09.468 UTC C_3 15 40 639 633 86656 2888.362 169224.9 4 0 81 0 0 1511
May 30th 01:24:44.476 UTC C_2 15 39 685 679 91360 2942.246 0 0 0 43 0 0 2736
May 30th 01:24:09.461 UTC C_3 14 40 639 632 86656 2882.663 169224.9 4 0 81 0 0 1503
May 30th 01:23:44.475 UTC C_2 15 40 682 676 90855 2930.748 0 0 0 43 0 0 2732
May 30th 01:23:08.453 UTC C_3 15 40 638 628 86596 2867.349 169224.9 4 0 80 0 0 1496
May 30th 01:22:44.485 UTC C_2 14 39 680 675 90369 2928.096 0 0 0 43 0 0 2722
May 30th 01:22:08.442 UTC C_3 15 39 636 626 86310 2864.774 169224.9 4 0 80 0 0 1488
May 30th 01:21:44.484 UTC C_2 15 40 677 669 89953 2904.801 0 0 0 43 0 0 2713
May 30th 01:21:08.452 UTC C_3 14 40 630 624 85547 2852.855 169224.9 4 0 80 0 0 1485
May 30th 01:20:44.473 UTC C_2 14 40 675 665 89635 2887.345 0 0 0 43 0 0 2702
May 30th 01:20:08.454 UTC C_3 15 40 628 620 85241 2835.566 169224.9 4 0 80 0 0 1476
May 30th 01:19:44.472 UTC C_2 14 40 674 663 89458 2875.857 0 0 0 43 0 0 2698
May 30th 01:19:08.445 UTC C_3 15 40 626 620 85081 2835.566 169224.9 4 0 80 0 0 1468
May 30th 01:18:44.484 UTC C_2 15 40 671 659 89209 2855.852 0 0 0 43 0 0 2690
May 30th 01:18:08.463 UTC C_3 15 40 623 618 84901 2824.608 169224.9 4 0 80 0 0 1460
May 30th 01:17:44.473 UTC C_2 15 40 668 659 88843 2855.852 0 0 0 43 0 0 2681
May 30th 01:17:07.668 UTC C_3 15 40 623 616 84901 2815.114 169224.9 4 0 79 0 0 1454
May 30th 01:16:44.474 UTC C_2 14 40 665 658 88506 2850.481 0 0 0 43 0 0 2675
May 30th 01:16:07.678 UTC C_3 14 40 621 611 84544 2793.083 169224.9 4 0 79 0 0 1448
May 30th 01:15:44.484 UTC C_2 15 39 661 656 87983 2839.913 0 0 0 43 0 0 2665
May 30th 01:15:07.679 UTC C_3 15 40 619 608 84424 2779.32 169224.9 4 0 79 0 0 1441
May 30th 01:14:44.476 UTC C_2 15 40 659 654 87697 2831.855 0 0 0 43 0 0 2657
May 30th 01:14:07.669 UTC C_3 15 38 617 608 84161 2779.32 169224.9 4 0 79 0 0 1435
May 30th 01:13:44.466 UTC C_2 14 40 659 653 87697 2826.235 0 0 0 43 0 0 2646
May 30th 01:13:07.680 UTC C_3 15 40 614 605 83887 2764.784 169224.9 4 0 79 0 0 1432
May 30th 01:12:43.434 UTC C_2 14 40 656 648 87277 2806.706 0 0 0 42 0 0 2636
May 30th 01:12:07.678 UTC C_3 15 40 610 602 83144 2754.052 169224.9 4 0 79 0 0 1426
May 30th 01:11:43.434 UTC C_2 15 40 655 644 87217 2789.187 0 0 0 42 0 0 2625
May 30th 01:11:07.679 UTC C_3 15 40 607 601 82798 2748.098 169224.9 4 0 79 0 0 1421
May 30th 01:10:43.433 UTC C_2 15 39 652 643 86871 2783.526 0 0 0 42 0 0 2617
May 30th 01:10:07.679 UTC C_3 14 40 606 600 82677 2743.621 169224.9 4 0 79 0 0 1415
May 30th 01:09:43.444 UTC C_2 15 39 648 642 86376 2778.228 0 0 0 42 0 0 2610
May 30th 01:09:07.677 UTC C_3 14 40 604 596 82350 2729.021 169224.9 4 0 79 0 0 1405
May 30th 01:08:43.446 UTC C_2 14 39 646 639 86022 2766.399 0 0 0 42 0 0 2601
May 30th 01:08:07.685 UTC C_3 15 38 601 593 81955 2710.395 169224.9 4 0 79 0 0 1401
May 30th 01:07:43.434 UTC C_2 15 40 644 636 85595 2752.833 0 0 0 42 0 0 2590
May 30th 01:07:07.678 UTC C_3 14 40 599 591 81627 2697.704 169224.9 4 0 79 0 0 1400
May 30th 01:06:43.434 UTC C_2 15 39 641 635 85204 2748.053 0 0 0 42 0 0 2578
May 30th 01:06:07.668 UTC C_3 15 40 597 588 81507 2682.635 169224.9 4 0 79 0 0 1395
May 30th 01:05:43.444 UTC C_2 15 40 639 631 85015 2731.746 0 0 0 42 0 0 2569
May 30th 01:05:07.668 UTC C_3 14 40 596 587 81398 2679.722 169224.9 4 0 79 0 0 1388
May 30th 01:04:43.444 UTC C_2 15 40 637 629 84590 2723.95 0 0 0 42 0 0 2561
May 30th 01:04:07.677 UTC C_3 14 39 593 585 81094 2670.053 169224.9 4 0 79 0 0 1381
May 30th 01:03:43.435 UTC C_2 15 40 633 626 84139 2714.173 0 0 0 42 0 0 2551
May 30th 01:03:05.975 UTC C_3 15 40 591 582 80880 2660.62 169224.9 4 0 77 0 0 1377
May 30th 01:02:43.433 UTC C_2 14 40 631 623 83902 2698.07 0 0 0 42 0 0 2542
May 30th 01:02:05.985 UTC C_3 15 40 587 580 80333 2655.489 169224.9 4 0 77 0 0 1370
May 30th 01:01:43.443 UTC C_2 15 40 630 619 83725 2674.628 0 0 0 42 0 0 2533
May 30th 01:01:05.985 UTC C_3 15 40 584 579 79965 2647.508 169224.9 4 0 77 0 0 1364
May 30th 01:00:43.443 UTC C_2 15 40 628 618 83357 2669.561 0 0 0 42 0 0 2525
May 30th 01:00:05.268 UTC C_3 14 38 580 576 79352 2634.277 169224.9 4 0 76 0 0 1356
May 30th 00:59:43.434 UTC C_2 15 40 626 616 83100 2663.475 0 0 0 42 0 0 2515
May 30th 00:59:05.269 UTC C_3 15 39 580 573 79352 2616.116 169224.9 4 0 76 0 0 1355
May 30th 00:58:43.434 UTC C_2 15 40 622 615 82552 2657.163 0 0 0 42 0 0 2502
May 30th 00:58:05.278 UTC C_3 15 39 578 569 79066 2591.312 169224.9 4 0 76 0 0 1348
May 30th 00:57:43.445 UTC C_2 15 39 619 614 82206 2655.45 0 0 0 42 0 0 2492
May 30th 00:57:05.258 UTC C_3 14 40 578 567 79066 2582.973 169224.9 4 0 76 0 0 1344
May 30th 00:56:42.476 UTC C_2 14 40 616 611 81889 2646.642 0 0 0 41 0 0 2483
May 30th 00:56:05.278 UTC C_3 14 40 577 564 78945 2571.559 169224.9 4 0 76 0 0 1341
May 30th 00:55:42.476 UTC C_2 13 40 614 609 81655 2635.547 0 0 0 41 0 0 2474
May 30th 00:55:05.268 UTC C_3 15 40 574 563 78421 2569.012 169224.9 4 0 76 0 0 1333
May 30th 00:54:42.465 UTC C_2 15 40 613 602 81595 2597.438 0 0 0 41 0 0 2463
May 30th 00:54:05.268 UTC C_3 15 40 568 563 77658 2569.012 169224.9 4 0 76 0 0 1329
May 30th 00:53:42.465 UTC C_2 15 39 612 601 81535 2591.232 0 0 0 41 0 0 2453
May 30th 00:53:05.269 UTC C_3 14 40 564 562 77123 2567.302 169224.9 4 0 76 0 0 1324
May 30th 00:52:42.475 UTC C_2 15 40 610 598 81395 2576.486 0 0 0 41 0 0 2444
May 30th 00:52:05.278 UTC C_3 13 39 562 561 76731 2560.747 169224.9 4 0 76 0 0 1320
May 30th 00:51:42.475 UTC C_2 15 40 606 598 80891 2576.486 0 0 0 41 0 0 2433
May 30th 00:51:05.269 UTC C_3 15 40 562 554 76731 2525.954 169224.9 4 0 76 0 0 1316
May 30th 00:50:42.466 UTC C_2 15 40 605 598 80782 2576.486 0 0 0 41 0 0 2420
May 30th 00:50:05.268 UTC C_3 15 39 562 553 76731 2516.63 169224.9 4 0 76 0 0 1312
May 30th 00:49:41.424 UTC C_2 14 39 600 596 80202 2567.879 0 0 0 40 0 0 2411
May 30th 00:49:05.269 UTC C_3 13 40 562 550 76731 2502.42 169224.9 4 0 76 0 0 1305
May 30th 00:48:41.414 UTC C_2 15 40 598 593 79848 2555.182 0 0 0 40 0 0 2403
May 30th 00:48:04.512 UTC C_3 15 40 557 547 76012 2496.698 169224.9 4 0 75 0 0 1300
May 30th 00:47:41.433 UTC C_2 14 40 598 592 79848 2553.321 0 0 0 40 0 0 2392
May 30th 00:47:04.514 UTC C_3 15 38 553 547 75606 2496.698 169224.9 4 0 75 0 0 1295
May 30th 00:46:41.424 UTC C_2 14 40 595 588 79347 2539.718 0 0 0 40 0 0 2380
May 30th 00:46:03.684 UTC C_3 12 39 549 546 74866 2493.236 169224.9 4 0 74 0 0 1291
May 30th 00:45:40.341 UTC C_2 15 37 592 584 78835 2526.736 0 0 0 39 0 0 2371
May 30th 00:45:00.626 UTC C_3 14 40 548 541 74712 2468.772 169224.9 4 0 71 0 0 1283
May 30th 00:44:40.332 UTC C_2 15 40 590 580 78478 2503.677 0 0 0 39 0 0 2365
May 30th 00:44:00.626 UTC C_3 14 40 548 540 74712 2464.113 169224.9 4 0 71 0 0 1276
May 30th 00:43:40.331 UTC C_2 15 40 586 578 77971 2495.348 0 0 0 39 0 0 2356
May 30th 00:43:00.619 UTC C_3 15 40 545 536 74094 2442.832 169224.9 4 0 71 0 0 1271
May 30th 00:42:40.331 UTC C_2 14 39 584 576 77660 2488.723 0 0 0 39 0 0 2346
May 30th 00:42:00.620 UTC C_3 15 40 542 533 73726 2431.069 169224.9 4 0 71 0 0 1260
May 30th 00:41:40.342 UTC C_2 15 40 583 572 77580 2474.701 0 0 0 39 0 0 2344
May 30th 00:41:00.638 UTC C_3 15 40 540 530 73606 2411.37 169224.9 4 0 71 0 0 1253
May 30th 00:40:40.332 UTC C_2 15 40 577 571 76724 2472.024 0 0 0 39 0 0 2333
May 30th 00:40:00.629 UTC C_3 15 40 539 529 73422 2405.518 169224.9 4 0 71 0 0 1249
May 30th 00:39:40.322 UTC C_2 15 40 574 569 76272 2460.169 0 0 0 39 0 0 2325
May 30th 00:39:00.625 UTC C_3 15 40 535 529 73019 2405.518 169224.9 4 0 71 0 0 1242
May 30th 00:38:39.224 UTC C_2 15 39 573 566 76099 2448.177 0 0 0 38 0 0 2317
May 30th 00:38:00.625 UTC C_3 15 40 533 528 72762 2401.104 169224.9 4 0 71 0 0 1233
May 30th 00:37:39.213 UTC C_2 14 40 571 563 75836 2431.545 0 0 0 38 0 0 2308
May 30th 00:37:00.636 UTC C_3 14 39 533 525 72762 2389.913 169224.9 4 0 71 0 0 1227
May 30th 00:36:39.212 UTC C_2 15 40 570 559 75756 2420.2 0 0 0 38 0 0 2300
May 30th 00:36:00.635 UTC C_3 15 40 530 520 72322 2370.961 169224.9 4 0 71 0 0 1222
May 30th 00:35:38.341 UTC C_2 15 40 566 557 75379 2412.104 0 0 0 37 0 0 2291
May 30th 00:35:00.627 UTC C_3 15 39 526 520 71647 2370.961 169224.9 4 0 71 0 0 1217
May 30th 00:34:38.331 UTC C_2 15 40 561 555 74695 2399.796 0 0 0 37 0 0 2279
May 30th 00:33:59.911 UTC C_3 15 40 523 518 71245 2357.025 169224.9 4 0 70 0 0 1215
May 30th 00:33:38.332 UTC C_2 13 39 560 554 74615 2398.367 0 0 0 37 0 0 2268
May 30th 00:32:58.361 UTC C_3 14 40 523 515 71245 2345.975 169224.9 4 0 68 0 0 1208
May 30th 00:32:37.424 UTC C_2 15 40 558 550 74352 2377.028 0 0 0 36 0 0 2261
May 30th 00:31:58.350 UTC C_3 15 40 522 510 71185 2320.041 169224.9 3 0 68 0 0 1199
May 30th 00:31:37.414 UTC C_2 15 40 557 547 74243 2364.988 0 0 0 36 0 0 2253
May 30th 00:30:58.350 UTC C_3 15 40 517 509 70677 2315.529 169224.9 3 0 68 0 0 1196
May 30th 00:30:37.424 UTC C_2 14 40 554 546 73826 2359.649 0 0 0 36 0 0 2241
May 30th 00:29:58.361 UTC C_3 14 40 516 508 70597 2309.465 169224.9 3 0 68 0 0 1185
May 30th 00:29:37.426 UTC C_2 14 40 551 545 73322 2355.536 0 0 0 36 0 0 2236
May 30th 00:28:58.361 UTC C_3 14 40 514 506 70338 2296.037 169224.9 3 0 68 0 0 1182
May 30th 00:28:37.413 UTC C_2 15 40 549 541 72991 2338.416 0 0 0 36 0 0 2226
May 30th 00:27:58.361 UTC C_3 14 40 512 505 70101 2290.134 169224.9 3 0 68 0 0 1173
May 30th 00:27:37.415 UTC C_2 15 40 545 541 72446 2338.416 0 0 0 36 0 0 2218
May 30th 00:26:58.360 UTC C_3 15 40 509 503 69639 2283.024 169224.9 3 0 68 0 0 1170
May 30th 00:26:37.425 UTC C_2 15 40 543 536 72257 2314.776 0 0 0 36 0 0 2207
May 30th 00:25:58.351 UTC C_3 14 39 507 502 69382 2277.947 169224.9 3 0 68 0 0 1165
May 30th 00:25:37.413 UTC C_2 15 40 543 534 72257 2305.783 0 0 0 36 0 0 2196
May 30th 00:24:57.401 UTC C_3 15 38 506 500 69322 2262.048 169224.9 3 0 67 0 0 1160
May 30th 00:24:37.412 UTC C_2 14 39 540 533 71866 2299.995 0 0 0 36 0 0 2186
May 30th 00:23:56.637 UTC C_3 15 38 504 496 69059 2243.489 169224.9 3 0 66 0 0 1155
May 30th 00:23:37.411 UTC C_2 14 40 539 528 71786 2275.219 0 0 0 36 0 0 2175
May 30th 00:22:55.839 UTC C_3 14 40 502 494 68679 2234.911 169224.9 3 0 65 0 0 1151
May 30th 00:22:37.411 UTC C_2 15 40 536 527 71346 2269.427 0 0 0 36 0 0 2166
May 30th 00:21:55.850 UTC C_3 14 40 501 491 68619 2216.843 169224.9 3 0 65 0 0 1144
May 30th 00:21:37.424 UTC C_2 15 40 535 526 71266 2267.793 0 0 0 36 0 0 2157
May 30th 00:20:55.849 UTC C_3 14 39 498 490 67956 2212.627 169224.9 3 0 65 0 0 1140
May 30th 00:20:37.422 UTC C_2 15 40 531 524 70811 2259.672 0 0 0 36 0 0 2146
May 30th 00:19:54.964 UTC C_3 15 40 497 488 67802 2201.784 169224.9 3 0 64 0 0 1132
May 30th 00:19:36.349 UTC C_2 14 39 528 522 70284 2244.788 0 0 0 35 0 0 2140
May 30th 00:18:54.975 UTC C_3 15 40 494 486 67292 2191.585 169224.9 3 0 64 0 0 1124
May 30th 00:18:36.362 UTC C_2 14 39 526 520 69923 2235.049 0 0 0 35 0 0 2134
May 30th 00:17:53.220 UTC C_3 13 40 491 485 66881 2187.312 169224.9 3 0 62 0 0 1117
May 30th 00:17:36.340 UTC C_2 15 40 524 517 69709 2219.428 0 0 0 35 0 0 2125
May 30th 00:16:53.220 UTC C_3 15 39 490 483 66727 2176.759 169224.9 3 0 62 0 0 1112
May 30th 00:16:36.352 UTC C_2 15 40 524 513 69709 2203.604 0 0 0 35 0 0 2113
May 30th 00:15:52.300 UTC C_3 13 40 489 482 66550 2174.104 169224.9 3 0 61 0 0 1108
May 30th 00:15:36.341 UTC C_2 14 40 522 512 69569 2202.199 0 0 0 35 0 0 2103
May 30th 00:14:52.299 UTC C_3 15 40 485 478 66050 2156.677 169224.9 3 0 61 0 0 1102
May 30th 00:14:36.362 UTC C_2 15 40 517 509 68742 2189.323 0 0 0 35 0 0 2095
May 30th 00:13:52.289 UTC C_3 13 40 483 477 65861 2155.634 169224.9 3 0 61 0 0 1094
May 30th 00:13:36.352 UTC C_2 14 39 514 507 68153 2176.517 0 0 0 35 0 0 2087
May 30th 00:12:52.298 UTC C_3 14 40 481 474 65449 2140.371 169224.9 3 0 61 0 0 1090
May 30th 00:12:36.353 UTC C_2 15 40 512 504 67889 2161.229 0 0 0 35 0 0 2077
May 30th 00:11:52.289 UTC C_3 14 40 477 470 64879 2121.879 169224.9 3 0 61 0 0 1086
May 30th 00:11:36.351 UTC C_2 15 38 511 502 67755 2156.583 0 0 0 35 0 0 2066
May 30th 00:10:52.289 UTC C_3 15 38 476 468 64819 2115.216 169224.9 3 0 61 0 0 1077
May 30th 00:10:36.341 UTC C_2 15 40 508 500 67474 2145.959 0 0 0 35 0 0 2058
May 30th 00:09:52.288 UTC C_3 14 40 473 465 64505 2098.663 169224.9 3 0 61 0 0 1073
May 30th 00:09:36.361 UTC C_2 15 40 506 499 67354 2139.96 0 0 0 35 0 0 2049
May 30th 00:08:51.410 UTC C_3 14 40 472 462 64425 2078.744 169224.9 3 0 60 0 0 1066
May 30th 00:08:36.352 UTC C_2 14 40 503 497 67037 2130.201 0 0 0 35 0 0 2041
May 30th 00:07:51.402 UTC C_3 15 39 470 460 63959 2067.403 169224.9 3 0 60 0 0 1060
May 30th 00:07:36.361 UTC C_2 14 39 501 494 66848 2121.723 0 0 0 35 0 0 2031
May 30th 00:06:49.647 UTC C_3 14 40 468 458 63450 2054.97 169224.9 3 0 58 0 0 1054
May 30th 00:06:36.351 UTC C_2 15 40 499 490 66540 2104.178 0 0 0 35 0 0 2023
May 30th 00:05:49.657 UTC C_3 15 40 465 456 62912 2046.6 169224.9 3 0 58 0 0 1052
May 30th 00:05:35.393 UTC C_2 14 39 496 490 66029 2104.178 0 0 0 34 0 0 2010
May 30th 00:04:49.647 UTC C_3 15 40 464 455 62778 2039.685 169224.9 3 0 58 0 0 1044
May 30th 00:04:35.414 UTC C_2 15 40 494 485 65840 2081.738 0 0 0 34 0 0 2003
May 30th 00:03:48.810 UTC C_3 15 40 462 454 62535 2037.157 169224.9 3 0 57 0 0 1039
May 30th 00:03:35.403 UTC C_2 15 40 491 483 65543 2070.952 0 0 0 34 0 0 1992
May 30th 00:02:48.820 UTC C_3 15 40 457 453 61780 2029.212 169224.9 3 0 57 0 0 1034
May 30th 00:02:35.402 UTC C_2 15 40 488 481 64903 2066.204 0 0 0 34 0 0 1983
May 30th 00:01:48.820 UTC C_3 15 37 456 452 61720 2020.902 169224.9 3 0 57 0 0 1028
May 30th 00:01:35.413 UTC C_2 15 40 487 477 64726 2045.522 0 0 0 34 0 0 1972
May 30th 00:00:48.819 UTC C_3 15 40 455 448 61611 2003.092 169224.9 3 0 57 0 0 1027
May 30th 00:00:35.402 UTC C_2 15 40 485 475 64440 2036.74 0 0 0 34 0 0 1960
May 29th 23:59:48.810 UTC C_3 15 39 454 445 61502 1989.785 169224.9 3 0 57 0 0 1021
May 29th 23:59:35.403 UTC C_2 14 40 481 473 63872 2026.149 0 0 0 34 0 0 1950
May 29th 23:58:48.830 UTC C_3 15 40 453 443 61318 1978.6 169224.9 3 0 57 0 0 1018
May 29th 23:58:35.413 UTC C_2 15 40 479 472 63691 2018.733 0 0 0 34 0 0 1937
May 29th 23:57:48.809 UTC C_3 14 40 450 441 60974 1973.629 169224.9 3 0 57 0 0 1013
May 29th 23:57:35.403 UTC C_2 15 40 476 469 63338 2009.743 0 0 0 34 0 0 1928
May 29th 23:56:47.200 UTC C_3 14 39 447 440 60583 1970.792 169224.9 3 0 55 0 0 1006
May 29th 23:56:35.404 UTC C_2 15 40 475 466 63258 1996.51 0 0 0 34 0 0 1920
May 29th 23:55:47.210 UTC C_3 14 40 443 438 60063 1960.443 169224.9 3 0 55 0 0 1002
May 29th 23:55:35.394 UTC C_2 15 40 471 465 62758 1995.252 0 0 0 34 0 0 1910
May 29th 23:54:47.208 UTC C_3 14 40 441 435 59824 1943.434 169224.9 3 0 55 0 0 994
May 29th 23:54:35.414 UTC C_2 14 39 469 463 62317 1988.57 0 0 0 34 0 0 1903
May 29th 23:53:47.200 UTC C_3 15 39 440 432 59647 1926.69 169224.9 3 0 55 0 0 986
May 29th 23:53:34.444 UTC C_2 15 39 467 458 62128 1967.889 0 0 0 33 0 0 1894
May 29th 23:52:47.211 UTC C_3 14 40 439 430 59468 1918.288 169224.9 3 0 55 0 0 984
May 29th 23:52:34.434 UTC C_2 15 40 465 456 61968 1960.485 0 0 0 33 0 0 1885
May 29th 23:51:47.202 UTC C_3 15 40 436 426 59006 1899.658 169224.9 3 0 55 0 0 973
May 29th 23:51:34.434 UTC C_2 15 40 461 455 61237 1955.398 0 0 0 33 0 0 1879
May 29th 23:50:47.209 UTC C_3 15 40 434 425 58866 1896.742 169224.9 3 0 55 0 0 967
May 29th 23:50:34.423 UTC C_2 15 39 458 452 60920 1938.782 0 0 0 33 0 0 1870
May 29th 23:49:47.200 UTC C_3 15 39 431 423 58482 1886.358 169224.9 3 0 55 0 0 961
May 29th 23:49:33.382 UTC C_2 13 38 457 451 60786 1935.17 0 0 0 32 0 0 1859
May 29th 23:48:47.201 UTC C_3 15 40 429 421 58248 1878.16 169224.9 3 0 55 0 0 955
May 29th 23:48:33.372 UTC C_2 15 40 456 445 60632 1911.016 0 0 0 32 0 0 1853
May 29th 23:47:46.463 UTC C_3 14 38 426 420 57857 1874.059 169224.9 3 0 54 0 0 948
May 29th 23:47:33.371 UTC C_2 15 40 453 443 60297 1907.318 0 0 0 32 0 0 1842
May 29th 23:46:45.647 UTC C_3 13 38 425 418 57748 1865.998 169224.9 3 0 53 0 0 944
May 29th 23:46:33.382 UTC C_2 15 40 450 442 59906 1900.61 0 0 0 32 0 0 1831
May 29th 23:45:44.721 UTC C_3 15 40 421 413 57468 1842.681 169224.9 3 0 52 0 0 940
May 29th 23:45:33.371 UTC C_2 15 40 446 439 59449 1887.826 0 0 0 32 0 0 1821
May 29th 23:44:44.721 UTC C_3 15 39 418 413 57164 1842.681 169224.9 3 0 52 0 0 936
May 29th 23:44:33.370 UTC C_2 15 40 444 434 59255 1864.292 0 0 0 32 0 0 1809
May 29th 23:43:44.729 UTC C_3 14 40 418 411 57164 1829.719 169224.9 3 0 52 0 0 931
May 29th 23:43:33.372 UTC C_2 14 39 443 433 59195 1858.111 0 0 0 32 0 0 1801
May 29th 23:42:44.066 UTC C_3 14 38 414 408 56670 1820.716 169224.9 3 0 51 0 0 922
May 29th 23:42:33.373 UTC C_2 15 40 441 431 58961 1847.066 0 0 0 32 0 0 1794
May 29th 23:41:44.077 UTC C_3 15 40 413 404 56590 1798.436 169224.9 3 0 51 0 0 921
May 29th 23:41:33.372 UTC C_2 15 40 436 431 58332 1847.066 0 0 0 32 0 0 1781
May 29th 23:40:44.077 UTC C_3 14 38 411 402 56229 1794.897 169224.9 3 0 51 0 0 914
May 29th 23:40:33.381 UTC C_2 15 40 435 428 58155 1831.417 0 0 0 32 0 0 1771
May 29th 23:39:44.065 UTC C_3 15 40 407 398 55710 1773.887 169224.9 3 0 51 0 0 911
May 29th 23:39:32.428 UTC C_2 15 40 432 426 57787 1823.908 0 0 0 31 0 0 1759
May 29th 23:38:43.423 UTC C_3 14 40 406 396 55576 1762.127 169224.9 3 0 50 0 0 907
May 29th 23:38:32.444 UTC C_2 15 40 431 423 57610 1809.618 0 0 0 31 0 0 1750
May 29th 23:37:43.432 UTC C_3 14 40 402 394 55079 1755.573 169224.9 3 0 50 0 0 901
May 29th 23:37:32.445 UTC C_2 15 40 431 422 57610 1804.548 0 0 0 31 0 0 1740
May 29th 23:36:43.432 UTC C_3 15 40 401 392 54902 1749.781 169224.9 3 0 50 0 0 896
May 29th 23:36:32.445 UTC C_2 15 39 425 420 56674 1793.107 0 0 0 31 0 0 1731
May 29th 23:35:43.422 UTC C_3 15 40 398 391 54441 1747.094 169224.9 3 0 50 0 0 889
May 29th 23:35:32.445 UTC C_2 15 40 424 416 56614 1780.292 0 0 0 31 0 0 1722
May 29th 23:34:43.421 UTC C_3 15 39 393 391 53462 1747.094 169224.9 3 0 50 0 0 885
May 29th 23:34:32.433 UTC C_2 15 39 423 414 56437 1773.827 0 0 0 31 0 0 1710
May 29th 23:33:43.431 UTC C_3 15 40 392 387 53308 1724.045 169224.9 3 0 50 0 0 878
May 29th 23:33:32.434 UTC C_2 14 39 418 411 55780 1761.017 0 0 0 31 0 0 1704
May 29th 23:32:43.419 UTC C_3 13 39 391 384 53248 1711.973 169224.9 3 0 50 0 0 870
May 29th 23:32:31.372 UTC C_2 15 40 417 406 55700 1743.278 0 0 0 30 0 0 1696
May 29th 23:31:42.493 UTC C_3 15 40 391 380 53248 1694.396 169224.9 3 0 49 0 0 867
May 29th 23:31:31.362 UTC C_2 15 40 416 405 55523 1738.153 0 0 0 30 0 0 1684
May 29th 23:30:41.534 UTC C_3 14 40 387 379 52748 1690.219 169224.9 3 0 48 0 0 861
May 29th 23:30:31.363 UTC C_2 15 40 410 402 54678 1722.146 0 0 0 30 0 0 1677
May 29th 23:29:41.535 UTC C_3 15 39 386 376 52594 1671.729 169224.9 3 0 48 0 0 855
May 29th 23:29:31.373 UTC C_2 15 40 407 401 54305 1720.286 0 0 0 30 0 0 1666
May 29th 23:28:41.544 UTC C_3 14 39 383 375 52228 1667.737 169224.9 3 0 48 0 0 851
May 29th 23:28:31.373 UTC C_2 15 40 404 400 54011 1718.556 0 0 0 30 0 0 1654
May 29th 23:27:41.534 UTC C_3 15 40 379 371 51581 1652.522 169224.9 3 0 48 0 0 848
May 29th 23:27:30.382 UTC C_2 12 39 402 399 53797 1712.563 0 0 0 29 0 0 1645
May 29th 23:26:41.534 UTC C_3 14 40 377 371 51367 1652.522 169224.9 3 0 48 0 0 840
May 29th 23:26:30.392 UTC C_2 13 40 402 392 53797 1679.443 0 0 0 29 0 0 1637
May 29th 23:25:41.524 UTC C_3 15 39 375 368 51130 1647.008 169224.9 3 0 48 0 0 835
May 29th 23:25:29.433 UTC C_2 15 40 400 389 53489 1667.68 0 0 0 28 0 0 1626
May 29th 23:24:41.535 UTC C_3 14 39 372 364 50629 1625.816 169224.9 3 0 48 0 0 829
May 29th 23:24:29.433 UTC C_2 15 40 398 387 53245 1662.552 0 0 0 28 0 0 1616
May 29th 23:23:41.535 UTC C_3 15 38 368 361 50185 1612.03 169224.9 3 0 48 0 0 825
May 29th 23:23:29.442 UTC C_2 15 40 394 386 52699 1658.161 0 0 0 28 0 0 1605
May 29th 23:22:41.544 UTC C_3 15 40 366 357 49948 1590.164 169224.9 3 0 48 0 0 820
May 29th 23:22:29.432 UTC C_2 15 40 390 385 52204 1655.088 0 0 0 28 0 0 1597
May 29th 23:21:41.535 UTC C_3 15 40 366 356 49948 1584.663 169224.9 3 0 48 0 0 813
May 29th 23:21:29.435 UTC C_2 15 40 387 381 51816 1638.396 0 0 0 28 0 0 1588
May 29th 23:20:41.535 UTC C_3 14 38 364 355 49684 1578.679 169224.9 3 0 48 0 0 808
May 29th 23:20:29.433 UTC C_2 15 40 387 379 51816 1626.729 0 0 0 28 0 0 1577
May 29th 23:19:39.536 UTC C_3 15 40 361 353 49381 1571.142 169224.9 3 0 46 0 0 802
May 29th 23:19:29.432 UTC C_2 14 40 384 377 51477 1616.476 0 0 0 28 0 0 1570
May 29th 23:18:39.533 UTC C_3 14 40 358 352 49044 1565.912 169224.9 3 0 46 0 0 795
May 29th 23:18:28.464 UTC C_2 15 38 382 374 51184 1604.145 0 0 0 27 0 0 1562
May 29th 23:17:39.535 UTC C_3 14 40 357 349 48910 1557.009 169224.9 3 0 46 0 0 789
May 29th 23:17:28.474 UTC C_2 15 40 379 370 50861 1586.884 0 0 0 27 0 0 1551
May 29th 23:16:39.524 UTC C_3 13 39 352 347 48305 1548.163 169224.9 3 0 46 0 0 784
May 29th 23:16:27.300 UTC C_2 15 40 378 368 50801 1578.415 0 0 0 26 0 0 1541
May 29th 23:15:38.722 UTC C_3 15 40 351 345 48126 1541.327 169224.9 3 0 45 0 0 781
May 29th 23:15:27.300 UTC C_2 15 40 374 366 50383 1568.366 0 0 0 26 0 0 1530
May 29th 23:14:38.721 UTC C_3 14 40 349 342 47957 1522.458 169224.9 3 0 45 0 0 773
May 29th 23:14:27.310 UTC C_2 13 39 371 366 50037 1568.366 0 0 0 26 0 0 1523
May 29th 23:13:38.721 UTC C_3 15 40 347 338 47768 1493.725 169224.9 3 0 45 0 0 768
May 29th 23:13:27.299 UTC C_2 15 40 370 361 49928 1542.055 0 0 0 26 0 0 1514
May 29th 23:12:38.732 UTC C_3 15 40 346 335 47591 1486.424 169224.9 3 0 45 0 0 761
May 29th 23:12:27.299 UTC C_2 15 40 367 360 49458 1537.856 0 0 0 26 0 0 1505
May 29th 23:11:38.722 UTC C_3 15 39 343 334 47005 1484.299 169224.9 3 0 45 0 0 757
May 29th 23:11:27.310 UTC C_2 15 40 366 356 49285 1523.662 0 0 0 26 0 0 1494
May 29th 23:10:38.721 UTC C_3 15 40 340 331 46825 1466.192 169224.9 3 0 45 0 0 754
May 29th 23:10:27.301 UTC C_2 15 40 363 353 48919 1508.427 0 0 0 26 0 0 1482
May 29th 23:09:38.719 UTC C_3 15 40 338 329 46636 1453.422 169224.9 3 0 45 0 0 748
May 29th 23:09:27.310 UTC C_2 15 40 360 353 48555 1508.427 0 0 0 26 0 0 1473
May 29th 23:08:38.729 UTC C_3 15 40 336 328 46350 1444.93 169224.9 3 0 45 0 0 741
May 29th 23:08:27.299 UTC C_2 15 40 358 351 48269 1499.349 0 0 0 26 0 0 1465
May 29th 23:07:38.717 UTC C_3 15 40 335 325 46166 1428.148 169224.9 3 0 45 0 0 736
May 29th 23:07:27.301 UTC C_2 15 40 353 350 47449 1492.583 0 0 0 26 0 0 1455
May 29th 23:06:38.716 UTC C_3 15 40 331 324 45697 1426.038 169224.9 3 0 45 0 0 731
May 29th 23:06:27.311 UTC C_2 13 40 353 348 47449 1482.203 0 0 0 26 0 0 1445
May 29th 23:05:37.829 UTC C_3 15 40 328 322 45399 1414.595 169224.9 3 0 44 0 0 726
May 29th 23:05:27.310 UTC C_2 15 39 352 341 47340 1453.585 0 0 0 26 0 0 1434
May 29th 23:04:37.829 UTC C_3 15 37 326 322 45198 1414.595 169224.9 3 0 44 0 0 722
May 29th 23:04:27.301 UTC C_2 15 40 351 339 47114 1443.654 0 0 0 26 0 0 1423
May 29th 23:03:37.820 UTC C_3 14 40 326 318 45198 1397.921 169224.9 3 0 44 0 0 719
May 29th 23:03:27.300 UTC C_2 15 40 346 338 46469 1437.409 0 0 0 26 0 0 1414
May 29th 23:02:37.829 UTC C_3 15 39 324 315 44935 1379.936 169224.9 3 0 44 0 0 712
May 29th 23:02:27.291 UTC C_2 15 40 344 336 46239 1433.072 0 0 0 26 0 0 1404
May 29th 23:01:37.819 UTC C_3 14 39 323 314 44758 1375.497 169224.9 3 0 44 0 0 710
May 29th 23:01:27.310 UTC C_2 15 40 343 333 46130 1417.975 0 0 0 26 0 0 1390
May 29th 23:00:37.830 UTC C_3 15 40 321 312 44447 1365.181 169224.9 3 0 44 0 0 708
May 29th 23:00:27.299 UTC C_2 15 39 337 333 45346 1417.975 0 0 0 26 0 0 1379
May 29th 22:59:37.829 UTC C_3 15 40 318 310 44033 1357.493 169224.9 3 0 44 0 0 701
May 29th 22:59:27.299 UTC C_2 15 40 337 330 45346 1406.918 0 0 0 26 0 0 1370
May 29th 22:58:36.931 UTC C_3 15 39 314 309 43507 1356.019 169224.9 3 0 43 0 0 693
May 29th 22:58:26.299 UTC C_2 15 40 334 327 45146 1396.02 0 0 0 25 0 0 1363
May 29th 22:57:36.932 UTC C_3 15 35 311 309 43209 1356.019 169224.9 3 0 43 0 0 689
May 29th 22:57:26.290 UTC C_2 15 40 331 325 44684 1386.469 0 0 0 25 0 0 1351
May 29th 22:56:36.942 UTC C_3 15 37 309 305 42975 1338.049 169224.9 3 0 43 0 0 687
May 29th 22:56:26.289 UTC C_2 15 40 329 322 44466 1378.52 0 0 0 25 0 0 1340
May 29th 22:55:36.933 UTC C_3 13 40 308 301 42895 1321.727 169224.9 3 0 43 0 0 684
May 29th 22:55:26.279 UTC C_2 15 40 327 318 44277 1357.251 0 0 0 25 0 0 1328
May 29th 22:54:36.932 UTC C_3 15 38 307 298 42835 1313.542 169224.9 3 0 43 0 0 678
May 29th 22:54:26.301 UTC C_2 15 40 324 315 44057 1344.037 0 0 0 25 0 0 1318
May 29th 22:53:36.923 UTC C_3 14 38 304 297 42469 1308.988 169224.9 3 0 43 0 0 676
May 29th 22:53:26.290 UTC C_2 15 40 322 312 43843 1332.341 0 0 0 25 0 0 1304
May 29th 22:52:36.230 UTC C_3 14 38 302 295 42161 1302.784 169224.9 3 0 42 0 0 673
May 29th 22:52:26.290 UTC C_2 15 40 320 310 43674 1321.539 0 0 0 25 0 0 1293
May 29th 22:51:36.230 UTC C_3 14 40 298 291 41596 1290.936 169224.9 3 0 42 0 0 670
May 29th 22:51:26.290 UTC C_2 15 40 318 308 43440 1316.603 0 0 0 25 0 0 1280
May 29th 22:50:36.221 UTC C_3 15 39 294 289 40892 1285.087 169224.9 3 0 42 0 0 665
May 29th 22:50:25.062 UTC C_2 15 40 314 306 43083 1310.326 0 0 0 24 0 0 1271
May 29th 22:49:36.220 UTC C_3 12 39 292 288 40312 1281.905 169224.9 3 0 42 0 0 659
May 29th 22:49:25.054 UTC C_2 15 40 309 305 42588 1306.413 0 0 0 24 0 0 1262
May 29th 22:48:36.221 UTC C_3 15 39 290 283 39909 1263.368 169224.9 3 0 42 0 0 653
May 29th 22:48:25.046 UTC C_2 14 39 307 302 42302 1290.209 0 0 0 24 0 0 1253
May 29th 22:47:36.221 UTC C_3 14 40 288 279 39484 1242.16 169224.9 3 0 42 0 0 646
May 29th 22:47:24.077 UTC C_2 15 40 307 298 42302 1276.398 0 0 0 23 0 0 1246
May 29th 22:46:36.221 UTC C_3 14 39 286 278 39364 1234.51 0 2 0 42 0 0 640
May 29th 22:46:24.074 UTC C_2 15 39 303 296 41851 1267.504 0 0 0 23 0 0 1235
May 29th 22:45:35.269 UTC C_3 14 40 283 275 38798 1221.736 0 2 0 41 0 0 635
May 29th 22:45:22.913 UTC C_2 13 40 302 293 41771 1255.349 0 0 0 22 0 0 1226
May 29th 22:44:35.258 UTC C_3 15 40 282 273 38689 1205.19 0 2 0 41 0 0 629
May 29th 22:44:19.749 UTC C_2 14 40 300 290 41368 1242.674 0 0 0 19 0 0 1218
May 29th 22:43:35.258 UTC C_3 15 40 279 270 38224 1195.796 0 2 0 41 0 0 622
May 29th 22:43:19.748 UTC C_2 15 40 294 289 40685 1236.413 0 0 0 19 0 0 1210
May 29th 22:42:35.269 UTC C_3 14 39 275 270 37724 1195.796 0 2 0 41 0 0 618
May 29th 22:42:19.738 UTC C_2 15 40 293 286 40576 1225.656 0 0 0 19 0 0 1198
May 29th 22:41:34.412 UTC C_3 15 40 273 268 37367 1183.354 0 1 0 40 0 0 612
May 29th 22:41:17.651 UTC C_2 15 39 291 284 40339 1218.246 0 0 0 17 0 0 1190
May 29th 22:40:34.401 UTC C_3 14 40 273 265 37367 1175.392 0 1 0 40 0 0 607
May 29th 22:40:17.648 UTC C_2 15 40 289 279 40150 1193.272 0 0 0 17 0 0 1180
May 29th 22:39:34.422 UTC C_3 15 40 270 263 37118 1160.658 0 1 0 40 0 0 602
May 29th 22:39:17.643 UTC C_2 15 40 287 278 39981 1188.996 0 0 0 17 0 0 1171
May 29th 22:38:34.411 UTC C_3 14 40 266 260 36387 1148.13 0 1 0 40 0 0 596
May 29th 22:38:17.650 UTC C_2 15 40 284 277 39341 1184.101 0 0 0 17 0 0 1161
May 29th 22:37:34.412 UTC C_3 15 38 266 257 36387 1132.771 0 1 0 40 0 0 592
May 29th 22:37:17.654 UTC C_2 14 40 282 275 39152 1174.872 0 0 0 17 0 0 1149
May 29th 22:36:34.400 UTC C_3 15 40 264 254 36169 1113.436 0 1 0 40 0 0 590
May 29th 22:36:17.659 UTC C_2 15 40 280 271 38821 1159.185 0 0 0 17 0 0 1135
May 29th 22:35:34.411 UTC C_3 15 39 262 254 35906 1113.436 0 1 0 40 0 0 585
May 29th 22:35:16.648 UTC C_2 14 40 276 270 38324 1153.31 0 0 0 16 0 0 1125
May 29th 22:34:34.412 UTC C_3 13 40 258 253 35043 1108.241 0 1 0 40 0 0 581
May 29th 22:34:16.649 UTC C_2 15 40 275 266 38147 1129.967 0 0 0 16 0 0 1115
May 29th 22:33:33.402 UTC C_3 15 40 257 250 34909 1087.952 0 1 0 39 0 0 576
May 29th 22:33:16.660 UTC C_2 15 40 272 264 37775 1120.652 0 0 0 16 0 0 1106
May 29th 22:32:33.410 UTC C_3 15 39 257 248 34909 1078.727 0 1 0 39 0 0 573
May 29th 22:32:16.661 UTC C_2 15 40 270 261 37586 1105.58 0 0 0 16 0 0 1094
May 29th 22:31:33.410 UTC C_3 14 40 257 246 34909 1068.617 0 1 0 39 0 0 564
May 29th 22:31:15.637 UTC C_2 15 40 269 259 37409 1099.986 0 0 0 15 0 0 1088
May 29th 22:30:33.422 UTC C_3 15 40 252 243 34236 1057.311 0 1 0 39 0 0 557
May 29th 22:30:15.648 UTC C_2 14 39 266 258 36947 1090.997 0 0 0 15 0 0 1079
May 29th 22:29:33.411 UTC C_3 15 40 250 242 33770 1053.306 0 1 0 39 0 0 551
May 29th 22:29:15.647 UTC C_2 14 40 262 255 36515 1079.828 0 0 0 15 0 0 1070
May 29th 22:28:33.411 UTC C_3 15 40 247 241 33247 1048.87 0 1 0 39 0 0 549
May 29th 22:28:14.567 UTC C_2 15 40 259 253 36275 1077.348 0 0 0 14 0 0 1057
May 29th 22:27:33.404 UTC C_3 15 40 244 239 32998 1041.815 0 1 0 39 0 0 546
May 29th 22:27:14.577 UTC C_2 14 40 258 251 36091 1070.592 0 0 0 14 0 0 1045
May 29th 22:26:33.414 UTC C_3 14 38 242 238 32667 1039.409 0 1 0 39 0 0 541
May 29th 22:26:14.566 UTC C_2 14 40 255 248 35720 1060.636 0 0 0 14 0 0 1034
May 29th 22:25:32.221 UTC C_3 15 40 241 234 32490 1022.745 0 1 0 38 0 0 538
May 29th 22:25:14.579 UTC C_2 15 39 253 244 35476 1036.029 0 0 0 14 0 0 1023
May 29th 22:24:32.220 UTC C_3 15 37 238 233 31978 1014.917 0 1 0 38 0 0 534
May 29th 22:24:14.569 UTC C_2 15 40 250 242 34907 1021.893 0 0 0 14 0 0 1013
May 29th 22:23:32.207 UTC C_3 13 40 238 229 31978 1001.47 0 1 0 38 0 0 531
May 29th 22:23:14.578 UTC C_2 15 40 248 240 34327 1013.053 0 0 0 14 0 0 1002
May 29th 22:22:31.535 UTC C_3 15 40 233 225 31445 987.4352 0 1 0 37 0 0 525
May 29th 22:22:14.578 UTC C_2 15 40 247 237 34079 1002.152 0 0 0 14 0 0 992
May 29th 22:21:31.526 UTC C_3 15 39 232 223 31268 971.4828 0 1 0 37 0 0 520
May 29th 22:21:14.577 UTC C_2 15 40 246 236 33831 998.7315 0 0 0 14 0 0 982
May 29th 22:20:30.485 UTC C_3 14 40 229 219 30951 951.0341 0 1 0 36 0 0 514
May 29th 22:20:14.569 UTC C_2 15 40 241 234 33339 988.5454 0 0 0 14 0 0 971
May 29th 22:19:30.476 UTC C_3 15 40 227 217 30757 942.4628 0 1 0 36 0 0 512
May 29th 22:19:14.568 UTC C_2 15 39 237 234 32631 988.5454 0 0 0 14 0 0 961
May 29th 22:18:29.423 UTC C_3 14 40 225 216 30494 938.4069 0 1 0 35 0 0 503
May 29th 22:18:14.578 UTC C_2 15 39 236 232 32383 975.9597 0 0 0 14 0 0 952
May 29th 22:17:29.434 UTC C_3 15 40 222 213 30097 929.9216 0 1 0 35 0 0 499
May 29th 22:17:14.569 UTC C_2 14 40 235 228 32303 953.6537 0 0 0 14 0 0 943
May 29th 22:16:29.435 UTC C_3 15 38 221 213 30017 929.9216 0 1 0 35 0 0 494
May 29th 22:16:14.568 UTC C_2 14 40 234 223 32124 932.1616 0 0 0 14 0 0 931
May 29th 22:15:29.421 UTC C_3 15 39 216 209 29406 914.1415 0 1 0 35 0 0 491
May 29th 22:15:14.577 UTC C_2 15 40 233 222 32064 925.5081 0 0 0 14 0 0 920
May 29th 22:14:27.748 UTC C_3 12 40 215 208 29229 908.723 0 1 0 33 0 0 486
May 29th 22:14:14.578 UTC C_2 15 40 231 221 31704 920.983 0 0 0 14 0 0 911
May 29th 22:13:25.860 UTC C_3 15 40 213 205 28943 897.1456 0 1 0 31 0 0 481
May 29th 22:13:14.579 UTC C_2 15 40 227 219 31042 912.7691 0 0 0 14 0 0 901
May 29th 22:12:25.860 UTC C_3 15 40 210 204 28334 895.5436 0 1 0 31 0 0 475
May 29th 22:12:14.568 UTC C_2 15 40 223 218 30344 911.4512 0 0 0 14 0 0 892
May 29th 22:11:24.768 UTC C_3 14 39 208 202 28194 883.7013 0 1 0 30 0 0 468
May 29th 22:11:14.579 UTC C_2 14 40 220 217 29947 906.3486 0 0 0 14 0 0 883
May 29th 22:10:23.860 UTC C_3 14 40 204 197 27359 862.056 0 1 0 29 0 0 461
May 29th 22:10:14.569 UTC C_2 15 40 219 212 29770 892.8533 0 0 0 14 0 0 875
May 29th 22:09:23.860 UTC C_3 15 39 204 195 27359 858.0543 0 1 0 29 0 0 455
May 29th 22:09:14.567 UTC C_2 13 40 216 211 29318 887.7666 0 0 0 14 0 0 866
May 29th 22:08:23.850 UTC C_3 15 40 200 193 27050 847.0386 0 1 0 29 0 0 449
May 29th 22:08:14.577 UTC C_2 15 40 214 204 29074 851.6846 0 0 0 14 0 0 857
May 29th 22:07:23.859 UTC C_3 14 37 198 191 26816 840.4202 0 1 0 29 0 0 442
May 29th 22:07:14.566 UTC C_2 15 40 213 202 29014 840.2859 0 0 0 14 0 0 848
May 29th 22:06:22.975 UTC C_3 13 40 198 187 26816 823.1146 0 1 0 28 0 0 439
May 29th 22:06:14.569 UTC C_2 15 39 211 201 28686 839.0223 0 0 0 14 0 0 838
May 29th 22:05:22.985 UTC C_3 15 40 192 183 26286 807.1047 0 1 0 28 0 0 434
May 29th 22:05:14.578 UTC C_2 15 40 206 199 28077 832.3815 0 0 0 14 0 0 828
May 29th 22:04:22.985 UTC C_3 15 40 191 182 26226 802.0341 0 1 0 28 0 0 428
May 29th 22:04:14.577 UTC C_2 15 40 203 197 27342 819.9904 0 0 0 14 0 0 818
May 29th 22:03:22.974 UTC C_3 15 40 188 181 25828 800.8022 0 1 0 28 0 0 424
May 29th 22:03:14.569 UTC C_2 15 39 201 197 27056 819.9904 0 0 0 14 0 0 807
May 29th 22:02:22.973 UTC C_3 14 40 183 180 24996 798.5206 0 1 0 28 0 0 416
May 29th 22:02:13.565 UTC C_2 14 40 199 193 26793 798.7727 0 0 0 13 0 0 800
May 29th 22:01:22.973 UTC C_3 14 39 182 177 24862 787.3134 0 1 0 28 0 0 411
May 29th 22:01:13.555 UTC C_2 15 40 199 188 26793 776.1636 0 0 0 13 0 0 789
May 29th 22:00:21.973 UTC C_3 13 39 180 174 24598 774.4372 0 1 0 27 0 0 406
May 29th 22:00:13.567 UTC C_2 15 40 196 187 26539 771.1376 0 0 0 13 0 0 779
May 29th 21:59:21.973 UTC C_3 14 39 178 168 24196 747.5967 0 1 0 27 0 0 400
May 29th 21:59:13.556 UTC C_2 13 39 194 184 26185 762.1259 0 0 0 13 0 0 770
May 29th 21:58:21.973 UTC C_3 15 40 175 165 23762 737.5191 0 1 0 27 0 0 397
May 29th 21:58:12.483 UTC C_2 15 39 191 182 25936 753.0024 0 0 0 12 0 0 759
May 29th 21:57:21.268 UTC C_3 13 39 172 163 23314 723.5771 0 1 0 26 0 0 390
May 29th 21:57:12.496 UTC C_2 15 40 188 180 25459 742.0474 0 0 0 12 0 0 750
May 29th 21:56:21.258 UTC C_3 15 40 171 159 23254 708.7704 0 1 0 26 0 0 387
May 29th 21:56:12.495 UTC C_2 15 40 185 179 24918 740.538 0 0 0 12 0 0 738
May 29th 21:55:21.269 UTC C_3 15 40 166 158 22703 705.1389 0 1 0 26 0 0 383
May 29th 21:55:12.495 UTC C_2 13 40 182 178 24541 738.7828 0 0 0 12 0 0 728
May 29th 21:54:21.269 UTC C_3 15 40 165 158 22594 705.1389 0 1 0 26 0 0 381
May 29th 21:54:11.372 UTC C_2 15 40 180 173 24372 720.0413 0 0 0 11 0 0 716
May 29th 21:53:21.258 UTC C_3 15 40 161 155 21884 686.9431 0 1 0 26 0 0 374
May 29th 21:53:11.382 UTC C_2 14 40 178 170 24086 708.7863 0 0 0 11 0 0 708
May 29th 21:52:21.278 UTC C_3 14 40 159 153 21621 679.5142 0 1 0 26 0 0 366
May 29th 21:52:11.382 UTC C_2 15 40 177 167 23977 696.8036 0 0 0 11 0 0 700
May 29th 21:51:21.268 UTC C_3 15 40 158 149 21512 658.0699 0 1 0 26 0 0 361
May 29th 21:51:11.371 UTC C_2 14 39 172 167 23415 696.8036 0 0 0 11 0 0 692
May 29th 21:50:21.269 UTC C_3 15 40 157 147 21403 648.9082 0 1 0 26 0 0 354
May 29th 21:50:11.392 UTC C_2 14 40 170 164 23061 682.0862 0 0 0 11 0 0 681
May 29th 21:49:21.258 UTC C_3 15 40 154 145 21183 638.6583 0 1 0 26 0 0 350
May 29th 21:49:11.382 UTC C_2 14 40 169 159 22813 661.1046 0 0 0 11 0 0 671
May 29th 21:48:21.268 UTC C_3 14 40 151 145 20846 638.6583 0 1 0 26 0 0 345
May 29th 21:48:11.381 UTC C_2 15 39 165 156 22197 646.518 0 0 0 11 0 0 660
May 29th 21:47:21.268 UTC C_3 14 40 150 143 20766 631.5262 0 1 0 26 0 0 339
May 29th 21:47:11.370 UTC C_2 14 39 163 154 21940 639.7305 0 0 0 11 0 0 652
May 29th 21:46:21.268 UTC C_3 14 40 147 138 20353 609.785 0 1 0 26 0 0 331
May 29th 21:46:11.386 UTC C_2 15 40 159 152 21168 632.3526 0 0 0 11 0 0 646
May 29th 21:45:21.258 UTC C_3 15 40 144 136 19942 600.4255 0 1 0 26 0 0 326
May 29th 21:45:11.392 UTC C_2 14 40 156 151 20703 623.6919 0 0 0 11 0 0 635
May 29th 21:44:21.268 UTC C_3 14 40 142 136 19631 600.4255 0 1 0 26 0 0 321
May 29th 21:44:10.402 UTC C_2 15 40 154 146 20473 601.0765 0 0 0 10 0 0 625
May 29th 21:43:21.268 UTC C_3 14 39 140 134 19387 593.9634 0 1 0 26 0 0 314
May 29th 21:43:10.402 UTC C_2 15 40 153 143 20413 587.2271 0 0 0 10 0 0 616
May 29th 21:42:20.298 UTC C_3 13 40 136 132 18768 582.9988 0 1 0 25 0 0 308
May 29th 21:42:10.412 UTC C_2 15 40 149 143 19912 587.2271 0 0 0 10 0 0 609
May 29th 21:41:19.411 UTC C_3 13 40 135 128 18614 568.6642 0 1 0 24 0 0 300
May 29th 21:41:10.402 UTC C_2 15 40 149 141 19912 578.5026 0 0 0 10 0 0 601
May 29th 21:40:18.565 UTC C_3 14 40 133 124 18357 547.2518 0 1 0 23 0 0 296
May 29th 21:40:10.402 UTC C_2 14 39 147 137 19520 559.3878 0 0 0 10 0 0 590
May 29th 21:39:18.567 UTC C_3 14 40 129 121 17507 536.1436 0 1 0 23 0 0 291
May 29th 21:39:10.412 UTC C_2 15 40 142 135 18985 550.2675 0 0 0 10 0 0 580
May 29th 21:38:18.578 UTC C_3 14 39 129 119 17507 526.4075 0 1 0 23 0 0 287
May 29th 21:38:10.400 UTC C_2 15 40 142 133 18985 546.5179 0 0 0 10 0 0 568
May 29th 21:37:17.862 UTC C_3 15 40 128 115 17259 508.735 0 1 0 22 0 0 283
May 29th 21:37:10.401 UTC C_2 15 40 138 132 18581 544.2458 0 0 0 10 0 0 557
May 29th 21:36:17.852 UTC C_3 14 40 122 114 16645 503.2399 0 1 0 22 0 0 277
May 29th 21:36:10.400 UTC C_2 14 40 134 130 17854 540.0303 0 0 0 10 0 0 548
May 29th 21:35:17.872 UTC C_3 15 40 119 113 16157 500.3615 0 1 0 22 0 0 273
May 29th 21:35:10.400 UTC C_2 15 40 132 125 17640 522.1281 0 0 0 10 0 0 538
May 29th 21:34:17.861 UTC C_3 15 36 116 113 15690 500.3615 0 1 0 22 0 0 269
May 29th 21:34:10.412 UTC C_2 15 39 129 123 17206 515.347 0 0 0 10 0 0 527
May 29th 21:33:17.859 UTC C_3 12 39 115 110 15536 488.2161 0 1 0 22 0 0 266
May 29th 21:33:10.401 UTC C_2 15 40 127 118 16992 494.2217 0 0 0 10 0 0 515
May 29th 21:32:17.000 UTC C_3 14 39 114 105 15359 469.5768 0 1 0 21 0 0 262
May 29th 21:32:10.403 UTC C_2 15 40 125 115 16706 482.3922 0 0 0 10 0 0 503
May 29th 21:31:16.991 UTC C_3 15 40 111 102 14925 454.1955 0 0 0 21 0 0 258
May 29th 21:31:10.413 UTC C_2 14 39 124 114 16529 480.5063 0 0 0 10 0 0 493
May 29th 21:30:16.157 UTC C_3 14 40 111 101 14925 451.7192 0 0 0 20 0 0 251
May 29th 21:30:09.475 UTC C_2 15 40 117 111 15397 468.4024 0 0 0 9 0 0 485
May 29th 21:29:16.167 UTC C_3 15 38 104 100 14224 449.6482 0 0 0 20 0 0 247
May 29th 21:29:09.474 UTC C_2 15 39 114 108 15094 454.103 0 0 0 9 0 0 473
May 29th 21:28:15.278 UTC C_3 14 35 101 99 13950 442.7936 0 0 0 19 0 0 241
May 29th 21:28:09.485 UTC C_2 15 40 114 105 15094 442.2001 0 0 0 9 0 0 464
May 29th 21:27:15.279 UTC C_3 14 36 100 95 13773 424.3905 0 0 0 19 0 0 238
May 29th 21:27:09.486 UTC C_2 15 40 112 102 14860 433.8329 0 0 0 9 0 0 454
May 29th 21:26:15.279 UTC C_3 14 35 99 91 13639 408.4955 0 0 0 19 0 0 233
May 29th 21:26:09.474 UTC C_2 14 40 107 100 14167 428.14 0 0 0 9 0 0 442
May 29th 21:25:13.587 UTC C_3 14 40 98 87 13530 394.8343 0 0 0 17 0 0 232
May 29th 21:25:09.475 UTC C_2 15 40 104 97 13947 421.2695 0 0 0 9 0 0 429
May 29th 21:24:13.608 UTC C_3 15 40 95 84 12892 380.1935 0 0 0 17 0 0 226
May 29th 21:24:09.485 UTC C_2 14 40 101 95 13579 411.8876 0 0 0 9 0 0 419
May 29th 21:23:13.597 UTC C_3 15 40 92 84 12410 380.1935 0 0 0 17 0 0 222
May 29th 21:23:09.485 UTC C_2 15 40 98 89 13208 387.1628 0 0 0 9 0 0 408
May 29th 21:22:13.595 UTC C_3 14 40 89 81 12037 370.8275 0 0 0 17 0 0 216
May 29th 21:22:09.473 UTC C_2 14 40 97 88 13054 380.6656 0 0 0 9 0 0 399
May 29th 21:21:12.891 UTC C_3 14 40 87 78 11780 351.8722 0 0 0 16 0 0 211
May 29th 21:21:09.485 UTC C_2 15 40 94 85 12564 374.8131 0 0 0 9 0 0 389
May 29th 21:20:12.892 UTC C_3 15 39 82 76 11170 342.9275 0 0 0 16 0 0 204
May 29th 21:20:09.475 UTC C_2 15 40 90 83 12255 370.8912 0 0 0 9 0 0 381
May 29th 21:19:12.190 UTC C_3 14 40 82 73 11170 327.6165 0 0 0 15 0 0 198
May 29th 21:19:09.486 UTC C_2 15 40 86 79 11413 346.8972 0 0 0 9 0 0 373
May 29th 21:18:12.189 UTC C_3 15 40 79 72 10818 322.2108 0 0 0 15 0 0 192
May 29th 21:18:09.477 UTC C_2 15 40 83 77 10882 338.9704 0 0 0 9 0 0 364
May 29th 21:17:12.197 UTC C_3 15 40 78 70 10570 313.0075 0 0 0 15 0 0 187
May 29th 21:17:09.476 UTC C_2 13 40 83 74 10882 326.5186 0 0 0 9 0 0 353
May 29th 21:16:12.195 UTC C_3 13 40 76 69 10201 304.1458 0 0 0 15 0 0 178
May 29th 21:16:09.486 UTC C_2 15 40 82 69 10802 300.4089 0 0 0 9 0 0 348
May 29th 21:15:11.423 UTC C_3 15 40 73 65 9790 287.5169 0 0 0 14 0 0 173
May 29th 21:15:09.477 UTC C_2 15 40 77 68 10108 297.2242 0 0 0 9 0 0 337
May 29th 21:14:11.422 UTC C_3 15 40 71 64 9621 284.3002 0 0 0 14 0 0 166
May 29th 21:14:09.475 UTC C_2 15 40 75 68 9871 297.2242 0 0 0 9 0 0 329
May 29th 21:13:11.412 UTC C_3 15 40 70 62 9444 272.5633 0 0 0 14 0 0 161
May 29th 21:13:09.486 UTC C_2 15 40 72 65 9431 282.7492 0 0 0 9 0 0 319
May 29th 21:12:10.412 UTC C_3 15 40 66 60 8977 262.9102 0 0 0 13 0 0 155
May 29th 21:12:09.487 UTC C_2 15 40 70 64 9145 278.9486 0 0 0 9 0 0 311
May 29th 21:11:09.687 UTC C_3 13 40 65 58 8800 256.346 0 0 0 12 0 0 148
May 29th 21:11:09.477 UTC C_2 15 40 68 62 8852 270.4124 0 0 0 9 0 0 303
May 29th 21:10:09.487 UTC C_2 13 40 66 59 8494 254.2398 0 0 0 9 0 0 292
May 29th 21:10:08.206 UTC C_3 14 40 62 55 8426 242.6657 0 0 0 10 0 0 143
May 29th 21:09:09.477 UTC C_2 15 40 64 56 8250 243.5655 0 0 0 9 0 0 281
May 29th 21:09:08.194 UTC C_3 15 39 61 52 8317 225.7847 0 0 0 10 0 0 139
May 29th 21:08:09.477 UTC C_2 15 40 61 55 7904 237.1226 0 0 0 9 0 0 270
May 29th 21:08:08.216 UTC C_3 13 40 59 50 8031 215.1614 0 0 0 10 0 0 135
May 29th 21:07:09.486 UTC C_2 13 40 61 53 7904 227.1568 0 0 0 9 0 0 264
May 29th 21:07:07.485 UTC C_3 15 40 56 46 7640 198.9856 0 0 0 9 0 0 126
May 29th 21:06:07.475 UTC C_3 15 39 52 46 7140 198.9856 0 0 0 9 0 0 123
May 29th 21:06:07.455 UTC C_2 14 40 57 48 7403 201.3342 0 0 0 7 0 0 252
May 29th 21:05:07.473 UTC C_3 13 40 51 45 6963 194.8627 0 0 0 9 0 0 121
May 29th 21:05:07.445 UTC C_2 15 40 56 46 7249 188.707 0 0 0 7 0 0 239
May 29th 21:04:07.485 UTC C_3 15 40 48 40 6763 174.4012 0 0 0 9 0 0 113
May 29th 21:04:07.458 UTC C_2 15 39 54 46 6892 188.707 0 0 0 7 0 0 232
May 29th 21:03:07.482 UTC C_3 14 40 46 39 6435 165.4629 0 0 0 9 0 0 108
May 29th 21:03:07.456 UTC C_2 15 40 51 42 6643 164.2056 0 0 0 7 0 0 222
May 29th 21:02:07.455 UTC C_2 15 40 50 42 6563 164.2056 0 0 0 7 0 0 213
May 29th 21:02:05.779 UTC C_3 14 39 42 37 5630 159.7316 0 0 0 7 0 0 102
May 29th 21:01:07.455 UTC C_2 15 40 47 39 6149 148.1703 0 0 0 7 0 0 202
May 29th 21:01:04.809 UTC C_3 15 40 41 33 5521 143.2814 0 0 0 6 0 0 98
May 29th 21:00:07.464 UTC C_2 15 40 45 37 5795 145.7099 0 0 0 7 0 0 194
May 29th 21:00:04.798 UTC C_3 15 38 40 30 5344 129.5212 0 0 0 6 0 0 91
May 29th 20:59:07.455 UTC C_2 15 40 40 36 5323 141.3987 0 0 0 7 0 0 181
May 29th 20:59:04.789 UTC C_3 15 40 39 27 5284 116.31 0 0 0 6 0 0 89
May 29th 20:58:06.321 UTC C_2 14 39 40 33 5323 130.0861 0 0 0 6 0 0 171
May 29th 20:58:04.800 UTC C_3 15 36 35 27 4622 116.31 0 0 0 6 0 0 84
May 29th 20:57:06.322 UTC C_2 13 39 38 30 5037 115.8155 0 0 0 6 0 0 164
May 29th 20:57:04.800 UTC C_3 15 29 31 26 4313 110.9457 0 0 0 6 0 0 76
May 29th 20:56:04.997 UTC C_2 15 40 35 27 4526 106.0123 0 0 0 5 0 0 155
May 29th 20:56:04.790 UTC C_3 13 27 29 24 4144 99.85979 0 0 0 6 0 0 70
May 29th 20:55:04.989 UTC C_2 15 40 31 24 4149 92.66705 0 0 0 5 0 0 148
May 29th 20:55:04.810 UTC C_3 14 23 28 19 3967 73.83303 0 0 0 6 0 0 62
May 29th 20:54:04.986 UTC C_2 15 40 31 22 4149 87.36657 0 0 0 5 0 0 139
May 29th 20:54:04.800 UTC C_3 14 19 27 17 3783 56.44147 0 0 0 6 0 0 56
May 29th 20:53:03.923 UTC C_3 15 15 24 15 3381 45.92992 0 0 0 5 0 0 50
May 29th 20:53:03.873 UTC C_2 15 40 28 18 3949 67.59759 0 0 0 4 0 0 130
May 29th 20:52:03.924 UTC C_3 15 9 23 15 3321 45.92992 0 0 0 5 0 0 44
May 29th 20:52:03.880 UTC C_2 15 40 23 17 3369 61.62701 0 0 0 4 0 0 121
May 29th 20:51:03.923 UTC C_3 14 8 21 14 2896 42.70369 0 0 0 5 0 0 41
May 29th 20:51:02.873 UTC C_2 15 40 22 16 3192 55.08842 0 0 0 3 0 0 109
May 29th 20:50:03.923 UTC C_3 14 8 18 10 2579 28.61487 0 0 0 5 0 0 37
May 29th 20:50:02.882 UTC C_2 15 40 20 13 2906 43.3419 0 0 0 3 0 0 98
May 29th 20:49:03.933 UTC C_3 15 7 15 8 2221 22.23261 0 0 0 5 0 0 35
May 29th 20:49:02.882 UTC C_2 15 39 19 9 2797 26.28535 0 0 0 3 0 0 86
May 29th 20:48:03.004 UTC C_3 13 5 12 6 1801 17.51931 0 0 0 4 0 0 28
May 29th 20:48:02.884 UTC C_2 14 40 17 6 2133 13.53682 0 0 0 3 0 0 77
May 29th 20:47:03.003 UTC C_3 13 6 9 3 1341 7.719357 0 0 0 4 0 0 26
May 29th 20:47:02.872 UTC C_2 15 40 15 4 1847 7.716193 0 0 0 3 0 0 64
May 29th 20:46:03.012 UTC C_3 15 3 7 0 985 0 0 0 0 4 0 0 22
May 29th 20:46:02.873 UTC C_2 15 31 12 4 1452 7.716193 0 0 0 3 0 0 53
May 29th 20:45:03.015 UTC C_3 12 0 2 0 282 0 0 0 0 4 0 0 16
May 29th 20:45:02.882 UTC C_2 14 23 4 4 494 7.716193 0 0 0 3 0 0 44
May 29th 20:44:02.198 UTC C_3 9 4 1 0 173 0 0 0 0 3 0 0 16
May 29th 20:44:01.882 UTC C_2 14 12 4 1 494 1.378583 0 0 0 2 0 0 29
May 29th 20:43:00.851 UTC C_2 10 12 4 0 494 0 0 0 0 1 0 0 23
May 29th 20:43:00.492 UTC C_3 5 1 0 0 0 0 0 0 0 1 0 0 7
May 29th 20:42:00.490 UTC C_3 1 0 0 0 0 0 0 0 0 1 0 0 2
May 29th 20:41:59.769 UTC C_2 5 8 0 0 0 0 0 0 0 0 0 0 13
May 29th 20:40:59.900 UTC C_2 0 0 0 0 0 0 0 0 0 0 0 0 0
May 29th 20:40:59.893 UTC C_3 0 0 0 0 0 0 0 0 0 0 0 0 0