dt1 dt2 dt3 dt4 controller drones queue deliveries fullTrips revenue costs penalties fDel fRet fLaunch collisions unknown total
May 31st 05:50:01.103 UTC 3 15 40 810 800 104568 3634.934 0.9654043 1 0 122 0 0 1933
May 31st 05:49:14.461 UTC 2 15 40 861 853 113916 3699.966 0 0 0 56 0 0 3412
May 31st 05:49:01.103 UTC 3 15 40 810 799 104568 3630.157 0.9654043 1 0 122 0 0 1927
May 31st 05:48:13.539 UTC 2 15 40 859 851 113727 3693.3 0 0 0 55 0 0 3403
May 31st 05:48:01.102 UTC 3 15 40 807 797 104339 3622.195 0.9654043 1 0 122 0 0 1921
May 31st 05:47:13.535 UTC 2 15 40 856 848 113313 3685.102 0 0 0 55 0 0 3394
May 31st 05:47:01.094 UTC 3 14 40 803 796 103845 3615.647 0.9654043 1 0 122 0 0 1915
May 31st 05:46:13.536 UTC 2 14 40 854 846 113173 3678.962 0 0 0 55 0 0 3385
May 31st 05:46:00.195 UTC 3 15 40 800 795 103279 3612.041 0.9654043 1 0 121 0 0 1910
May 31st 05:45:13.525 UTC 2 15 40 849 841 112588 3652.664 0 0 0 55 0 0 3375
May 31st 05:45:00.177 UTC 3 15 36 800 793 103279 3607.924 0.9654043 1 0 121 0 0 1904
May 31st 05:44:13.537 UTC 2 15 40 847 841 112302 3652.664 0 0 0 55 0 0 3365
May 31st 05:44:00.197 UTC 3 14 37 795 789 102744 3596.222 0.9654043 1 0 121 0 0 1900
May 31st 05:43:13.535 UTC 2 12 40 845 839 112113 3641.285 0 0 0 55 0 0 3351
May 31st 05:43:00.187 UTC 3 14 40 794 785 102684 3579.239 0.9654043 1 0 121 0 0 1898
May 31st 05:42:13.534 UTC 2 15 40 844 834 111936 3616.573 0 0 0 55 0 0 3342
May 31st 05:42:00.187 UTC 3 15 36 790 784 102287 3577.883 0.9654043 1 0 121 0 0 1892
May 31st 05:41:13.535 UTC 2 15 39 843 832 111827 3606.795 0 0 0 55 0 0 3329
May 31st 05:41:00.177 UTC 3 13 39 786 781 101805 3564.107 0.9654043 1 0 121 0 0 1890
May 31st 05:40:13.535 UTC 2 15 39 839 830 111236 3601.686 0 0 0 55 0 0 3319
May 31st 05:39:58.460 UTC 3 15 40 784 776 101552 3534.082 0.9654043 1 0 119 0 0 1884
May 31st 05:39:13.524 UTC 2 14 40 838 829 111059 3597.305 0 0 0 55 0 0 3311
May 31st 05:38:58.450 UTC 3 15 39 784 773 101552 3518.382 0.9654043 1 0 119 0 0 1878
May 31st 05:38:12.587 UTC 2 15 40 833 827 110203 3587.409 0 0 0 54 0 0 3299
May 31st 05:37:58.460 UTC 3 15 40 784 770 101552 3497.739 0.9654043 1 0 119 0 0 1876
May 31st 05:37:12.587 UTC 2 15 39 830 826 109886 3580.816 0 0 0 54 0 0 3289
May 31st 05:36:58.449 UTC 3 15 40 780 769 100822 3496.251 0.9654043 1 0 119 0 0 1869
May 31st 05:36:12.576 UTC 2 14 40 829 822 109826 3563.549 0 0 0 54 0 0 3282
May 31st 05:35:58.459 UTC 3 15 40 774 769 100236 3496.251 0.9654043 1 0 119 0 0 1863
May 31st 05:35:12.587 UTC 2 15 40 828 820 109717 3551.736 0 0 0 54 0 0 3271
May 31st 05:34:58.460 UTC 3 15 37 773 768 100127 3494.78 0.9654043 1 0 119 0 0 1859
May 31st 05:34:12.585 UTC 2 15 39 825 818 109326 3546.665 0 0 0 54 0 0 3258
May 31st 05:33:56.879 UTC 3 13 40 771 766 99987 3487.935 0.9654043 1 0 117 0 0 1855
May 31st 05:33:12.585 UTC 2 15 40 824 813 109266 3527.713 0 0 0 54 0 0 3249
May 31st 05:32:56.880 UTC 3 15 39 770 763 99878 3472.714 0.9654043 1 0 117 0 0 1849
May 31st 05:32:12.577 UTC 2 15 40 820 811 108678 3517.721 0 0 0 54 0 0 3241
May 31st 05:31:56.022 UTC 3 14 40 770 761 99878 3463.928 0.9654043 1 0 116 0 0 1842
May 31st 05:31:12.586 UTC 2 15 40 817 809 108238 3512.373 0 0 0 54 0 0 3232
May 31st 05:30:56.010 UTC 3 14 40 765 758 98932 3452.3 0.9654043 1 0 116 0 0 1838
May 31st 05:30:12.577 UTC 2 15 40 815 807 107881 3505.03 0 0 0 54 0 0 3222
May 31st 05:29:55.277 UTC 3 14 40 763 755 98714 3439.252 0.9654043 1 0 115 0 0 1831
May 31st 05:29:12.578 UTC 2 15 40 810 804 107175 3492.885 0 0 0 54 0 0 3214
May 31st 05:28:54.553 UTC 3 14 39 763 752 98714 3431.382 0.9654043 1 0 114 0 0 1826
May 31st 05:28:12.577 UTC 2 15 40 807 802 106780 3486.41 0 0 0 54 0 0 3203
May 31st 05:27:54.563 UTC 3 15 39 759 750 98356 3426.557 0.9654043 1 0 114 0 0 1822
May 31st 05:27:12.585 UTC 2 15 40 807 798 106780 3465.869 0 0 0 54 0 0 3192
May 31st 05:26:54.554 UTC 3 15 35 753 750 97693 3426.557 0.9654043 1 0 114 0 0 1818
May 31st 05:26:12.588 UTC 2 15 40 804 795 106463 3452.488 0 0 0 54 0 0 3177
May 31st 05:25:53.653 UTC 3 15 40 750 746 97160 3408.962 0.9654043 1 0 113 0 0 1818
May 31st 05:25:12.577 UTC 2 15 40 803 793 106309 3439.421 0 0 0 54 0 0 3168
May 31st 05:24:53.653 UTC 3 14 40 749 743 97006 3394.831 0.9654043 1 0 113 0 0 1810
May 31st 05:24:12.586 UTC 2 14 40 800 791 105995 3432.186 0 0 0 54 0 0 3161
May 31st 05:23:52.940 UTC 3 15 40 749 738 97006 3364.934 0.9654043 1 0 112 0 0 1803
May 31st 05:23:12.577 UTC 2 15 40 798 789 105709 3422.753 0 0 0 54 0 0 3151
May 31st 05:22:52.144 UTC 3 15 39 748 737 96829 3360.042 0.9654043 1 0 111 0 0 1796
May 31st 05:22:12.587 UTC 2 15 40 794 787 105080 3414.673 0 0 0 54 0 0 3142
May 31st 05:21:52.153 UTC 3 15 40 745 734 96240 3348.841 0.9654043 1 0 111 0 0 1792
May 31st 05:21:12.586 UTC 2 15 39 794 785 105080 3408.719 0 0 0 54 0 0 3131
May 31st 05:20:52.134 UTC 3 15 40 743 733 96022 3343.805 0.9654043 1 0 111 0 0 1786
May 31st 05:20:12.585 UTC 2 14 40 788 784 104550 3401.718 0 0 0 54 0 0 3122
May 31st 05:19:52.154 UTC 3 15 40 739 732 95375 3339.497 0.9654043 1 0 111 0 0 1780
May 31st 05:19:11.587 UTC 2 14 39 786 780 104361 3379.571 0 0 0 53 0 0 3113
May 31st 05:18:52.144 UTC 3 15 40 735 730 94809 3335.821 0.9654043 1 0 111 0 0 1776
May 31st 05:18:11.578 UTC 2 15 40 786 778 104361 3366.019 0 0 0 53 0 0 3104
May 31st 05:17:50.684 UTC 3 15 40 734 728 94655 3320.411 0.9654043 1 0 109 0 0 1771
May 31st 05:17:09.657 UTC 2 15 40 784 775 104124 3355.478 0 0 0 51 0 0 3094
May 31st 05:16:50.039 UTC 3 14 40 731 725 94193 3303.214 0.9654043 1 0 108 0 0 1764
May 31st 05:16:09.669 UTC 2 15 40 783 772 104044 3338.151 0 0 0 51 0 0 3085
May 31st 05:15:50.052 UTC 3 14 40 730 722 94016 3288.183 0.9654043 1 0 108 0 0 1759
May 31st 05:15:09.667 UTC 2 15 40 780 770 103750 3324.732 0 0 0 51 0 0 3074
May 31st 05:14:49.331 UTC 3 15 40 730 719 94016 3273.089 0.9654043 1 0 107 0 0 1755
May 31st 05:14:09.658 UTC 2 15 40 778 768 103457 3316.939 0 0 0 51 0 0 3064
May 31st 05:13:48.575 UTC 3 14 40 728 717 93876 3261.873 0.9654043 1 0 106 0 0 1748
May 31st 05:13:09.657 UTC 2 15 40 776 767 103268 3310.634 0 0 0 51 0 0 3057
May 31st 05:12:48.579 UTC 3 15 39 724 716 93473 3260.452 0.9654043 1 0 106 0 0 1742
May 31st 05:12:09.667 UTC 2 15 40 772 765 102754 3302.694 0 0 0 51 0 0 3044
May 31st 05:11:48.570 UTC 3 14 40 721 714 93031 3246.373 0.9654043 1 0 106 0 0 1740
May 31st 05:11:08.555 UTC 2 14 40 770 764 102540 3300.83 0 0 0 50 0 0 3035
May 31st 05:10:47.768 UTC 3 15 40 718 711 92707 3231.193 0.9654043 1 0 105 0 0 1735
May 31st 05:10:08.556 UTC 2 15 39 766 762 102137 3291.41 0 0 0 50 0 0 3025
May 31st 05:09:47.757 UTC 3 14 40 718 710 92707 3225.953 0.9654043 1 0 105 0 0 1727
May 31st 05:09:08.556 UTC 2 15 39 766 759 102137 3282.494 0 0 0 50 0 0 3017
May 31st 05:08:46.871 UTC 3 13 40 715 709 92364 3224.278 0.9654043 1 0 104 0 0 1719
May 31st 05:08:08.555 UTC 2 15 40 764 756 101787 3264.381 0 0 0 50 0 0 3013
May 31st 05:07:45.964 UTC 3 14 40 714 706 92304 3212.273 0.9654043 1 0 103 0 0 1712
May 31st 05:07:08.542 UTC 2 13 40 762 755 101550 3258.382 0 0 0 50 0 0 3001
May 31st 05:06:45.962 UTC 3 15 40 711 704 91870 3200.766 0.9654043 1 0 103 0 0 1709
May 31st 05:06:08.543 UTC 2 15 40 759 750 101109 3235.563 0 0 0 50 0 0 2991
May 31st 05:05:45.963 UTC 3 15 40 708 702 91336 3194.074 0.9654043 1 0 103 0 0 1703
May 31st 05:05:08.557 UTC 2 15 40 759 749 101109 3231.759 0 0 0 50 0 0 2979
May 31st 05:04:45.953 UTC 3 15 39 706 702 91167 3194.074 0.9654043 1 0 103 0 0 1700
May 31st 05:04:08.554 UTC 2 15 40 755 747 100487 3227.361 0 0 0 50 0 0 2967
May 31st 05:03:45.972 UTC 3 13 40 705 701 90983 3185.503 0.9654043 1 0 103 0 0 1698
May 31st 05:03:08.555 UTC 2 15 40 753 743 100250 3209.398 0 0 0 50 0 0 2955
May 31st 05:02:45.961 UTC 3 15 40 702 697 90426 3163.86 0.9654043 1 0 103 0 0 1692
May 31st 05:02:08.544 UTC 2 14 40 747 743 99727 3209.398 0 0 0 50 0 0 2950
May 31st 05:01:45.959 UTC 3 13 40 702 693 90426 3145.716 0.9654043 1 0 103 0 0 1683
May 31st 05:01:08.556 UTC 2 15 40 746 741 99573 3201.07 0 0 0 50 0 0 2941
May 31st 05:00:45.970 UTC 3 15 40 701 690 90317 3133.915 0.9654043 1 0 103 0 0 1677
May 31st 05:00:08.554 UTC 2 14 38 745 738 99493 3189.977 0 0 0 50 0 0 2934
May 31st 04:59:45.968 UTC 3 14 38 701 690 90317 3133.915 0.9654043 1 0 103 0 0 1667
May 31st 04:59:08.555 UTC 2 15 40 742 733 99102 3169.244 0 0 0 50 0 0 2924
May 31st 04:58:45.959 UTC 3 15 40 694 687 89072 3114.637 0.9654043 1 0 103 0 0 1662
May 31st 04:58:08.556 UTC 2 15 39 740 732 98865 3168.284 0 0 0 50 0 0 2920
May 31st 04:57:45.960 UTC 3 15 39 692 686 88858 3110.055 0.9654043 1 0 103 0 0 1651
May 31st 04:57:08.555 UTC 2 15 40 734 729 97709 3150.378 0 0 0 50 0 0 2910
May 31st 04:56:45.972 UTC 3 15 40 690 684 88605 3102.575 0.9654043 1 0 103 0 0 1649
May 31st 04:56:08.544 UTC 2 15 40 734 724 97709 3127.466 0 0 0 50 0 0 2899
May 31st 04:55:45.960 UTC 3 15 40 689 681 88471 3094.476 0.9654043 1 0 103 0 0 1645
May 31st 04:55:08.552 UTC 2 14 40 733 723 97525 3120.755 0 0 0 50 0 0 2889
May 31st 04:54:45.126 UTC 3 15 40 688 680 88294 3087.771 0.9654043 1 0 102 0 0 1640
May 31st 04:54:08.555 UTC 2 14 40 730 720 97227 3115.187 0 0 0 50 0 0 2878
May 31st 04:53:45.125 UTC 3 14 40 683 679 87556 3083.476 0.9654043 1 0 102 0 0 1635
May 31st 04:53:08.544 UTC 2 14 40 727 717 96793 3101.487 0 0 0 50 0 0 2870
May 31st 04:52:45.137 UTC 3 13 40 681 675 87248 3067.638 0.9654043 1 0 102 0 0 1629
May 31st 04:52:08.546 UTC 2 15 40 724 716 96330 3094.939 0 0 0 50 0 0 2861
May 31st 04:51:45.125 UTC 3 15 40 681 672 87248 3047.981 0.9654043 1 0 102 0 0 1622
May 31st 04:51:07.513 UTC 2 14 40 720 714 95733 3084.728 0 0 0 49 0 0 2853
May 31st 04:50:44.175 UTC 3 14 37 678 670 86877 3035.81 0.9654043 1 0 101 0 0 1614
May 31st 04:50:07.513 UTC 2 14 40 718 713 95573 3081.495 0 0 0 49 0 0 2842
May 31st 04:49:44.186 UTC 3 14 40 675 666 86554 3017.656 0.9654043 1 0 101 0 0 1613
May 31st 04:49:07.525 UTC 2 15 40 718 709 95573 3054.389 0 0 0 49 0 0 2829
May 31st 04:48:44.184 UTC 3 15 40 674 665 86370 3015.594 0.9654043 1 0 101 0 0 1610
May 31st 04:48:07.527 UTC 2 15 40 714 708 95028 3049.906 0 0 0 49 0 0 2819
May 31st 04:47:44.184 UTC 3 15 40 671 662 86053 2998.088 0.9654043 1 0 101 0 0 1606
May 31st 04:47:07.525 UTC 2 15 40 713 704 94851 3031.866 0 0 0 49 0 0 2808
May 31st 04:46:44.178 UTC 3 15 38 670 661 85993 2996.556 0.9654043 1 0 101 0 0 1600
May 31st 04:46:07.518 UTC 2 15 40 713 702 94851 3019.003 0 0 0 49 0 0 2798
May 31st 04:45:43.142 UTC 3 14 40 665 657 85458 2975.718 0.9654043 1 0 100 0 0 1596
May 31st 04:45:07.516 UTC 2 15 40 708 702 94249 3019.003 0 0 0 49 0 0 2787
May 31st 04:44:42.113 UTC 3 15 39 664 656 85378 2974.151 0.9654043 1 0 99 0 0 1592
May 31st 04:44:06.283 UTC 2 14 40 708 699 94249 3003.115 0 0 0 48 0 0 2776
May 31st 04:43:41.327 UTC 3 15 40 662 652 84912 2958.097 0.9654043 1 0 98 0 0 1588
May 31st 04:43:06.289 UTC 2 15 40 704 697 93725 2995.102 0 0 0 48 0 0 2767
May 31st 04:42:41.337 UTC 3 15 40 657 651 84426 2951.877 0.9654043 1 0 98 0 0 1581
May 31st 04:42:06.289 UTC 2 14 39 704 697 93725 2995.102 0 0 0 48 0 0 2759
May 31st 04:41:41.338 UTC 3 15 40 656 650 84094 2944.93 0.9654043 1 0 98 0 0 1573
May 31st 04:41:06.289 UTC 2 15 40 700 694 93082 2978.08 0 0 0 48 0 0 2748
May 31st 04:40:41.338 UTC 3 15 40 654 649 83925 2939.866 0.9654043 1 0 98 0 0 1569
May 31st 04:40:06.288 UTC 2 15 40 697 691 92833 2960.903 0 0 0 48 0 0 2742
May 31st 04:39:41.338 UTC 3 15 40 653 645 83816 2912.879 0.9654043 1 0 98 0 0 1561
May 31st 04:39:06.279 UTC 2 15 40 697 690 92833 2957.127 0 0 0 48 0 0 2733
May 31st 04:38:41.338 UTC 3 15 39 652 644 83632 2904.55 0.9654043 1 0 98 0 0 1556
May 31st 04:38:06.289 UTC 2 13 40 696 689 92712 2952.379 0 0 0 48 0 0 2721
May 31st 04:37:40.410 UTC 3 14 40 650 641 83443 2891.862 0.9654043 1 0 97 0 0 1551
May 31st 04:37:05.268 UTC 2 14 40 694 685 92302 2934.47 0 0 0 47 0 0 2713
May 31st 04:36:40.400 UTC 3 15 40 648 637 83254 2872.751 0.9654043 1 0 97 0 0 1546
May 31st 04:36:05.268 UTC 2 15 40 691 682 91820 2918.148 0 0 0 47 0 0 2703
May 31st 04:35:40.400 UTC 3 15 40 648 637 83254 2872.751 0.9654043 1 0 97 0 0 1539
May 31st 04:35:05.278 UTC 2 15 40 687 680 91173 2908.846 0 0 0 47 0 0 2692
May 31st 04:34:40.391 UTC 3 14 40 644 637 82388 2872.751 0.9654043 1 0 97 0 0 1535
May 31st 04:34:05.268 UTC 2 15 40 686 680 91019 2908.846 0 0 0 47 0 0 2686
May 31st 04:33:38.767 UTC 3 13 40 642 634 82057 2850.917 0.9654043 1 0 95 0 0 1529
May 31st 04:33:05.269 UTC 2 15 39 685 677 90687 2902.974 0 0 0 47 0 0 2674
May 31st 04:32:38.777 UTC 3 14 40 637 632 81517 2843.572 0.9654043 1 0 95 0 0 1525
May 31st 04:32:05.259 UTC 2 15 39 680 674 89698 2888.046 0 0 0 47 0 0 2663
May 31st 04:31:38.766 UTC 3 15 39 637 631 81517 2836.264 0.9654043 1 0 95 0 0 1519
May 31st 04:31:05.279 UTC 2 15 40 677 671 89141 2877.155 0 0 0 47 0 0 2655
May 31st 04:30:38.766 UTC 3 15 40 636 629 81408 2830.912 0.9654043 1 0 95 0 0 1513
May 31st 04:30:05.269 UTC 2 15 40 677 667 89141 2856.205 0 0 0 47 0 0 2645
May 31st 04:29:38.767 UTC 3 14 40 633 627 80991 2820.563 0.9654043 1 0 95 0 0 1509
May 31st 04:29:05.268 UTC 2 15 40 675 665 88884 2845.058 0 0 0 47 0 0 2638
May 31st 04:28:38.777 UTC 3 15 39 632 623 80857 2795.855 0.9654043 1 0 95 0 0 1500
May 31st 04:28:05.267 UTC 2 14 40 670 664 88207 2844.12 0 0 0 47 0 0 2626
May 31st 04:27:38.777 UTC 3 15 40 630 621 80737 2785.229 0.9654043 1 0 95 0 0 1497
May 31st 04:27:05.258 UTC 2 14 40 669 662 88030 2834.164 0 0 0 47 0 0 2616
May 31st 04:26:38.777 UTC 3 15 40 628 619 80523 2778.208 0.9654043 1 0 95 0 0 1491
May 31st 04:26:05.278 UTC 2 14 40 667 657 87766 2818.339 0 0 0 47 0 0 2606
May 31st 04:25:38.766 UTC 3 15 39 627 618 80346 2776.37 0.9654043 1 0 95 0 0 1488
May 31st 04:25:05.268 UTC 2 15 40 663 655 87292 2808.012 0 0 0 47 0 0 2596
May 31st 04:24:38.766 UTC 3 15 40 622 616 79860 2769.71 0.9654043 1 0 95 0 0 1482
May 31st 04:24:05.268 UTC 2 15 40 660 654 86829 2802.351 0 0 0 47 0 0 2586
May 31st 04:23:38.776 UTC 3 15 38 620 614 79562 2757.146 0.9654043 1 0 95 0 0 1477
May 31st 04:23:05.258 UTC 2 15 40 658 653 86541 2800.686 0 0 0 47 0 0 2576
May 31st 04:22:38.777 UTC 3 13 40 618 610 79269 2733.52 0.9654043 1 0 95 0 0 1473
May 31st 04:22:05.267 UTC 2 15 40 655 648 86078 2783.463 0 0 0 47 0 0 2564
May 31st 04:21:38.767 UTC 3 15 40 617 607 79090 2717.136 0.9654043 1 0 95 0 0 1469
May 31st 04:21:05.268 UTC 2 14 40 653 645 85860 2766.917 0 0 0 47 0 0 2553
May 31st 04:20:38.766 UTC 3 15 40 615 606 78772 2709.535 0.9654043 1 0 95 0 0 1466
May 31st 04:20:05.268 UTC 2 14 40 651 642 85671 2753.084 0 0 0 47 0 0 2540
May 31st 04:19:38.777 UTC 3 15 40 614 604 78595 2698.653 0.9654043 1 0 95 0 0 1464
May 31st 04:19:05.279 UTC 2 14 40 649 640 85291 2742.225 0 0 0 47 0 0 2529
May 31st 04:18:38.776 UTC 3 14 40 612 604 78331 2698.653 0.9654043 1 0 95 0 0 1459
May 31st 04:18:05.267 UTC 2 14 40 646 638 84913 2735.817 0 0 0 47 0 0 2521
May 31st 04:17:38.766 UTC 3 15 39 608 601 77710 2681.316 0.9654043 1 0 95 0 0 1454
May 31st 04:17:05.257 UTC 2 15 40 644 634 84627 2716.108 0 0 0 47 0 0 2508
May 31st 04:16:38.766 UTC 3 14 40 606 599 77496 2672.294 0.9654043 1 0 95 0 0 1450
May 31st 04:16:05.269 UTC 2 15 40 640 633 83907 2711.344 0 0 0 47 0 0 2497
May 31st 04:15:38.776 UTC 3 15 40 606 598 77496 2670.319 0.9654043 1 0 95 0 0 1445
May 31st 04:15:05.279 UTC 2 15 40 636 629 83248 2692.395 0 0 0 47 0 0 2487
May 31st 04:14:38.767 UTC 3 13 40 600 598 76766 2670.319 0.9654043 1 0 95 0 0 1442
May 31st 04:14:05.268 UTC 2 15 40 636 629 83248 2692.395 0 0 0 47 0 0 2476
May 31st 04:13:37.950 UTC 3 14 40 600 595 76766 2658.786 0.9654043 1 0 94 0 0 1439
May 31st 04:13:05.268 UTC 2 15 40 635 627 83114 2684.283 0 0 0 47 0 0 2465
May 31st 04:12:37.952 UTC 3 13 39 598 591 76646 2644.305 0.9654043 1 0 94 0 0 1433
May 31st 04:12:05.258 UTC 2 13 39 633 624 82760 2671.557 0 0 0 47 0 0 2453
May 31st 04:11:37.952 UTC 3 15 39 594 588 76288 2635.683 0.9654043 1 0 94 0 0 1430
May 31st 04:11:04.196 UTC 2 15 40 630 620 82511 2652.995 0 0 0 46 0 0 2443
May 31st 04:10:36.170 UTC 3 13 40 593 586 76228 2625.468 0.9654043 1 0 92 0 0 1424
May 31st 04:10:04.188 UTC 2 15 40 625 620 81950 2652.995 0 0 0 46 0 0 2435
May 31st 04:09:35.181 UTC 3 15 39 590 581 75833 2610.849 0.9654043 1 0 91 0 0 1417
May 31st 04:09:04.207 UTC 2 15 40 625 617 81950 2645.093 0 0 0 46 0 0 2426
May 31st 04:08:35.180 UTC 3 14 39 586 580 75216 2606.956 0.9654043 1 0 91 0 0 1412
May 31st 04:08:04.196 UTC 2 15 39 622 614 81485 2627.019 0 0 0 46 0 0 2416
May 31st 04:07:33.298 UTC 3 14 40 584 576 74813 2591.017 0.9654043 1 0 89 0 0 1405
May 31st 04:07:04.192 UTC 2 14 40 619 612 80984 2619.74 0 0 0 46 0 0 2409
May 31st 04:06:33.307 UTC 3 15 40 583 572 74679 2579.669 0.9654043 1 0 89 0 0 1399
May 31st 04:06:04.207 UTC 2 15 40 618 609 80924 2611.452 0 0 0 46 0 0 2398
May 31st 04:05:33.299 UTC 3 14 40 577 571 74062 2572.939 0.9654043 1 0 89 0 0 1393
May 31st 04:05:04.197 UTC 2 15 40 615 607 80610 2600.97 0 0 0 46 0 0 2388
May 31st 04:04:33.299 UTC 3 15 40 574 567 73622 2552.81 0.9654043 1 0 89 0 0 1389
May 31st 04:04:04.189 UTC 2 15 40 610 604 79989 2588.202 0 0 0 46 0 0 2381
May 31st 04:03:33.308 UTC 3 15 39 573 565 73562 2540.706 0.9654043 1 0 89 0 0 1382
May 31st 04:03:04.196 UTC 2 15 40 610 601 79989 2573.944 0 0 0 46 0 0 2371
May 31st 04:02:32.401 UTC 3 15 40 572 562 73502 2531.966 0.9654043 1 0 88 0 0 1377
May 31st 04:02:04.196 UTC 2 15 40 609 599 79909 2562.96 0 0 0 46 0 0 2360
May 31st 04:01:32.401 UTC 3 15 40 570 560 73313 2524.294 0.9654043 1 0 88 0 0 1370
May 31st 04:01:04.190 UTC 2 15 40 605 598 79531 2557.491 0 0 0 46 0 0 2352
May 31st 04:00:32.412 UTC 3 14 39 564 559 72559 2520.701 0.9654043 1 0 88 0 0 1366
May 31st 04:00:04.207 UTC 2 14 40 602 596 79140 2551.957 0 0 0 46 0 0 2342
May 31st 03:59:32.413 UTC 3 15 40 562 554 72325 2487.031 0.9654043 1 0 88 0 0 1361
May 31st 03:59:02.961 UTC 2 15 40 600 593 78883 2536.669 0 0 0 45 0 0 2331
May 31st 03:58:32.413 UTC 3 15 40 562 552 72325 2481.303 0.9654043 1 0 88 0 0 1356
May 31st 03:58:02.963 UTC 2 14 40 598 592 78626 2534.511 0 0 0 45 0 0 2323
May 31st 03:57:32.400 UTC 3 14 40 560 552 71971 2481.303 0.9654043 1 0 88 0 0 1351
May 31st 03:57:02.956 UTC 2 15 40 596 587 78389 2516.501 0 0 0 45 0 0 2312
May 31st 03:56:32.411 UTC 3 14 40 557 549 71627 2464.831 0.9654043 1 0 88 0 0 1346
May 31st 03:56:02.964 UTC 2 15 40 592 586 78051 2513.08 0 0 0 45 0 0 2303
May 31st 03:55:32.412 UTC 3 15 40 554 546 71378 2450.027 0.9654043 1 0 88 0 0 1338
May 31st 03:55:02.965 UTC 2 13 40 590 583 77769 2500.918 0 0 0 45 0 0 2295
May 31st 03:54:32.400 UTC 3 15 40 554 545 71378 2440.18 0.9654043 1 0 88 0 0 1332
May 31st 03:54:02.956 UTC 2 15 39 587 579 77520 2484.752 0 0 0 45 0 0 2285
May 31st 03:53:32.410 UTC 3 14 40 549 543 70634 2434.129 0.9654043 1 0 88 0 0 1326
May 31st 03:53:02.957 UTC 2 15 40 585 576 77163 2472.712 0 0 0 45 0 0 2277
May 31st 03:52:31.359 UTC 3 14 40 548 541 70554 2428.602 0.9654043 1 0 87 0 0 1321
May 31st 03:52:02.954 UTC 2 15 40 583 574 76832 2468.238 0 0 0 45 0 0 2266
May 31st 03:51:30.368 UTC 3 14 40 546 538 70414 2415.356 0.9654043 1 0 86 0 0 1312
May 31st 03:51:02.968 UTC 2 15 40 577 573 76172 2462.118 0 0 0 45 0 0 2263
May 31st 03:50:30.380 UTC 3 15 40 543 534 70062 2397.284 0.9654043 1 0 86 0 0 1306
May 31st 03:50:02.956 UTC 2 15 40 575 570 75958 2449.704 0 0 0 45 0 0 2251
May 31st 03:49:30.382 UTC 3 15 39 540 534 69739 2397.284 0.9654043 1 0 86 0 0 1301
May 31st 03:49:02.954 UTC 2 13 38 574 567 75898 2440.708 0 0 0 45 0 0 2240
May 31st 03:48:30.378 UTC 3 14 40 539 532 69562 2384.389 0 0 0 86 0 0 1294
May 31st 03:48:01.738 UTC 2 13 40 573 562 75744 2423.962 0 0 0 44 0 0 2235
May 31st 03:47:30.368 UTC 3 15 40 537 530 69393 2376.574 0 0 0 86 0 0 1287
May 31st 03:47:00.649 UTC 2 15 39 568 560 75252 2417.525 0 0 0 43 0 0 2227
May 31st 03:46:30.378 UTC 3 15 40 535 527 69011 2363.663 0 0 0 86 0 0 1281
May 31st 03:46:00.657 UTC 2 12 40 564 558 74627 2407.259 0 0 0 43 0 0 2220
May 31st 03:45:29.318 UTC 3 14 39 533 526 68777 2359.444 0 0 0 85 0 0 1271
May 31st 03:44:59.589 UTC 2 15 40 563 551 74567 2375.418 0 0 0 42 0 0 2213
May 31st 03:44:28.598 UTC 3 15 40 531 523 68588 2336.388 0 0 0 84 0 0 1265
May 31st 03:43:59.590 UTC 2 15 40 559 551 74135 2375.418 0 0 0 42 0 0 2204
May 31st 03:43:28.597 UTC 3 15 40 528 522 68319 2334.589 0 0 0 84 0 0 1260
May 31st 03:42:59.578 UTC 2 14 38 557 550 73807 2371.282 0 0 0 42 0 0 2195
May 31st 03:42:27.576 UTC 3 15 40 527 520 68198 2328.484 0 0 0 83 0 0 1251
May 31st 03:41:59.597 UTC 2 15 39 556 546 73727 2353.776 0 0 0 42 0 0 2187
May 31st 03:41:26.726 UTC 3 13 38 525 518 67887 2317.034 0 0 0 82 0 0 1244
May 31st 03:40:59.588 UTC 2 15 40 551 544 72813 2346.541 0 0 0 42 0 0 2178
May 31st 03:40:26.737 UTC 3 15 40 524 512 67778 2291.221 0 0 0 82 0 0 1241
May 31st 03:39:59.588 UTC 2 15 40 549 543 72599 2341.755 0 0 0 42 0 0 2169
May 31st 03:39:26.737 UTC 3 15 40 519 510 67226 2279.169 0 0 0 82 0 0 1233
May 31st 03:38:59.599 UTC 2 14 40 547 541 72245 2329.957 0 0 0 42 0 0 2161
May 31st 03:38:26.726 UTC 3 15 38 518 509 67146 2274.261 0 0 0 82 0 0 1223
May 31st 03:37:59.590 UTC 2 14 40 545 540 72085 2327.037 0 0 0 42 0 0 2154
May 31st 03:37:26.726 UTC 3 15 39 515 507 66906 2266.056 0 0 0 82 0 0 1217
May 31st 03:36:59.588 UTC 2 15 40 543 534 71774 2305.813 0 0 0 42 0 0 2143
May 31st 03:36:26.736 UTC 3 15 40 513 506 66737 2263.701 0 0 0 82 0 0 1215
May 31st 03:35:59.588 UTC 2 15 40 541 532 71521 2295.349 0 0 0 42 0 0 2132
May 31st 03:35:26.737 UTC 3 14 39 509 505 66191 2259.639 0 0 0 82 0 0 1209
May 31st 03:34:59.593 UTC 2 15 39 538 530 71011 2283.813 0 0 0 42 0 0 2124
May 31st 03:34:26.726 UTC 3 15 37 507 502 66002 2243.148 0 0 0 82 0 0 1202
May 31st 03:33:59.587 UTC 2 15 40 534 525 70420 2256.564 0 0 0 42 0 0 2115
May 31st 03:33:26.024 UTC 3 14 38 506 499 65848 2233.906 0 0 0 81 0 0 1198
May 31st 03:32:59.586 UTC 2 15 40 533 524 70360 2250.642 0 0 0 42 0 0 2104
May 31st 03:32:25.064 UTC 3 15 38 504 496 65614 2215.73 0 0 0 80 0 0 1195
May 31st 03:31:59.596 UTC 2 14 40 533 523 70360 2246.375 0 0 0 42 0 0 2092
May 31st 03:31:25.064 UTC 3 15 40 501 492 65271 2200.984 0 0 0 80 0 0 1192
May 31st 03:30:58.328 UTC 2 15 40 530 520 70007 2226.986 0 0 0 41 0 0 2082
May 31st 03:30:25.075 UTC 3 15 40 500 490 65117 2190.233 0 0 0 80 0 0 1187
May 31st 03:29:58.318 UTC 2 15 40 527 519 69758 2224.369 0 0 0 41 0 0 2072
May 31st 03:29:25.068 UTC 3 15 40 497 488 64594 2179.587 0 0 0 80 0 0 1178
May 31st 03:28:58.328 UTC 2 15 40 524 518 69464 2218.386 0 0 0 41 0 0 2067
May 31st 03:28:24.023 UTC 3 15 40 494 485 64174 2167.633 0 0 0 79 0 0 1169
May 31st 03:27:57.248 UTC 2 15 40 522 517 69104 2211.493 0 0 0 40 0 0 2059
May 31st 03:27:23.076 UTC 3 15 40 491 484 63641 2165.052 0 0 0 78 0 0 1163
May 31st 03:26:57.247 UTC 2 15 40 521 514 68995 2197.031 0 0 0 40 0 0 2048
May 31st 03:26:23.075 UTC 3 14 40 488 484 63243 2165.052 0 0 0 78 0 0 1159
May 31st 03:25:57.257 UTC 2 14 40 520 510 68886 2178.749 0 0 0 40 0 0 2039
May 31st 03:25:23.072 UTC 3 14 40 486 481 62957 2151.087 0 0 0 78 0 0 1153
May 31st 03:24:57.257 UTC 2 15 40 517 507 68513 2173.372 0 0 0 40 0 0 2031
May 31st 03:24:23.084 UTC 3 15 37 484 477 62739 2132.869 0 0 0 78 0 0 1144
May 31st 03:23:57.248 UTC 2 15 40 514 506 67831 2167.778 0 0 0 40 0 0 2022
May 31st 03:23:22.066 UTC 3 15 38 482 475 62599 2120.035 0 0 0 77 0 0 1142
May 31st 03:22:57.258 UTC 2 15 40 510 503 67238 2156.395 0 0 0 40 0 0 2009
May 31st 03:22:20.087 UTC 3 14 40 481 473 62445 2111.074 0 0 0 75 0 0 1139
May 31st 03:21:57.247 UTC 2 15 40 509 501 67178 2144.645 0 0 0 40 0 0 1999
May 31st 03:21:19.086 UTC 3 14 39 478 470 62184 2100.307 0 0 0 74 0 0 1133
May 31st 03:20:57.258 UTC 2 15 40 506 498 66690 2125.655 0 0 0 40 0 0 1989
May 31st 03:20:18.058 UTC 3 15 40 476 466 62044 2085.985 0 0 0 73 0 0 1129
May 31st 03:19:57.259 UTC 2 15 40 504 496 66530 2114.218 0 0 0 40 0 0 1979
May 31st 03:19:18.068 UTC 3 14 37 472 466 61465 2085.985 0 0 0 73 0 0 1121
May 31st 03:18:57.249 UTC 2 14 40 503 494 66450 2102.58 0 0 0 40 0 0 1970
May 31st 03:18:18.066 UTC 3 12 40 470 462 61325 2066.452 0 0 0 73 0 0 1118
May 31st 03:17:57.260 UTC 2 15 40 501 492 66213 2090.763 0 0 0 40 0 0 1958
May 31st 03:17:18.055 UTC 3 15 40 467 458 60953 2050.519 0 0 0 73 0 0 1114
May 31st 03:16:57.249 UTC 2 15 40 498 491 65822 2089.263 0 0 0 40 0 0 1946
May 31st 03:16:18.067 UTC 3 15 40 466 457 60844 2049.297 0 0 0 73 0 0 1112
May 31st 03:15:57.249 UTC 2 15 40 497 490 65762 2088.115 0 0 0 40 0 0 1935
May 31st 03:15:18.066 UTC 3 14 40 462 456 60344 2039.998 0 0 0 73 0 0 1108
May 31st 03:14:55.861 UTC 2 14 40 493 488 65122 2075.561 0 0 0 39 0 0 1925
May 31st 03:14:18.065 UTC 3 15 40 459 453 59884 2030.958 0 0 0 73 0 0 1102
May 31st 03:13:55.850 UTC 2 15 40 491 481 64836 2042.88 0 0 0 39 0 0 1915
May 31st 03:13:17.320 UTC 3 13 40 457 451 59744 2025.957 0 0 0 72 0 0 1096
May 31st 03:12:55.870 UTC 2 15 40 489 481 64538 2042.88 0 0 0 39 0 0 1908
May 31st 03:12:17.308 UTC 3 15 40 455 447 59604 2009.481 0 0 0 72 0 0 1088
May 31st 03:11:55.863 UTC 2 15 40 488 480 64206 2038.078 0 0 0 39 0 0 1901
May 31st 03:11:17.308 UTC 3 14 39 454 446 59378 2008.537 0 0 0 72 0 0 1079
May 31st 03:10:55.862 UTC 2 15 40 486 477 64086 2023.462 0 0 0 39 0 0 1894
May 31st 03:10:16.503 UTC 3 15 38 449 441 58560 1985.953 0 0 0 71 0 0 1072
May 31st 03:09:55.852 UTC 2 15 40 484 475 63892 2016.429 0 0 0 39 0 0 1884
May 31st 03:09:14.168 UTC 3 13 39 448 439 58334 1972.222 0 0 0 69 0 0 1066
May 31st 03:08:55.862 UTC 2 15 40 478 472 62938 2008.164 0 0 0 39 0 0 1875
May 31st 03:08:13.257 UTC 3 14 40 446 436 57977 1962.642 0 0 0 68 0 0 1062
May 31st 03:07:55.862 UTC 2 15 40 478 470 62938 1999.312 0 0 0 39 0 0 1867
May 31st 03:07:13.247 UTC 3 15 40 444 434 57759 1951.763 0 0 0 68 0 0 1054
May 31st 03:06:55.852 UTC 2 15 40 475 468 62417 1991.104 0 0 0 39 0 0 1858
May 31st 03:06:13.257 UTC 3 15 40 440 432 57362 1944.082 0 0 0 68 0 0 1045
May 31st 03:05:53.485 UTC 2 15 39 471 466 61971 1981.984 0 0 0 37 0 0 1851
May 31st 03:05:13.257 UTC 3 15 40 437 431 57045 1942.694 0 0 0 68 0 0 1038
May 31st 03:04:53.485 UTC 2 14 39 471 463 61971 1963.906 0 0 0 37 0 0 1845
May 31st 03:04:13.256 UTC 3 15 39 434 429 56650 1934.436 0 0 0 68 0 0 1029
May 31st 03:03:52.463 UTC 2 15 40 470 461 61891 1953.618 0 0 0 36 0 0 1839
May 31st 03:03:11.767 UTC 3 15 38 432 425 56248 1914.242 0 0 0 67 0 0 1023
May 31st 03:02:52.455 UTC 2 15 40 467 458 61543 1935.607 0 0 0 36 0 0 1828
May 31st 03:02:11.758 UTC 3 15 40 431 422 56139 1906.548 0 0 0 67 0 0 1020
May 31st 03:01:52.449 UTC 2 15 40 466 455 61463 1924.375 0 0 0 36 0 0 1816
May 31st 03:01:10.809 UTC 3 14 40 427 421 55639 1904.359 0 0 0 66 0 0 1013
May 31st 03:00:52.445 UTC 2 15 39 463 455 61043 1924.375 0 0 0 36 0 0 1809
May 31st 03:00:10.808 UTC 3 15 40 425 417 55402 1889.709 0 0 0 66 0 0 1003
May 31st 02:59:52.455 UTC 2 15 40 460 451 60675 1912.832 0 0 0 36 0 0 1805
May 31st 02:59:10.818 UTC 3 14 39 421 414 54970 1875.068 0 0 0 66 0 0 998
May 31st 02:58:52.457 UTC 2 15 40 457 449 60304 1907.605 0 0 0 36 0 0 1793
May 31st 02:58:09.757 UTC 3 15 39 421 410 54970 1852.069 0 0 0 65 0 0 994
May 31st 02:57:52.449 UTC 2 15 40 453 448 59849 1901.127 0 0 0 36 0 0 1783
May 31st 02:57:09.757 UTC 3 14 40 418 408 54626 1849.156 0 0 0 65 0 0 990
May 31st 02:56:52.456 UTC 2 15 40 450 444 59546 1880.27 0 0 0 36 0 0 1773
May 31st 02:56:09.756 UTC 3 15 39 415 405 54131 1840.3 0 0 0 65 0 0 986
May 31st 02:55:52.456 UTC 2 15 40 449 441 59466 1864.34 0 0 0 36 0 0 1760
May 31st 02:55:09.747 UTC 3 15 40 411 403 53676 1832.338 0 0 0 65 0 0 982
May 31st 02:54:52.454 UTC 2 15 39 449 439 59466 1854.049 0 0 0 36 0 0 1751
May 31st 02:54:09.756 UTC 3 15 40 407 401 53245 1827.775 0 0 0 65 0 0 976
May 31st 02:53:52.453 UTC 2 15 40 448 434 59218 1824.004 0 0 0 36 0 0 1742
May 31st 02:53:09.757 UTC 3 14 40 405 400 53085 1820.659 0 0 0 65 0 0 970
May 31st 02:52:52.453 UTC 2 15 40 444 434 58864 1824.004 0 0 0 36 0 0 1732
May 31st 02:52:08.460 UTC 3 14 39 402 396 52553 1798.18 0 0 0 64 0 0 960
May 31st 02:51:52.442 UTC 2 15 40 441 434 58615 1824.004 0 0 0 36 0 0 1726
May 31st 02:51:08.471 UTC 3 15 40 401 393 52493 1784.902 0 0 0 64 0 0 953
May 31st 02:50:51.016 UTC 2 15 39 439 433 58309 1818.812 0 0 0 35 0 0 1719
May 31st 02:50:08.469 UTC 3 15 40 401 390 52493 1776.72 0 0 0 64 0 0 947
May 31st 02:49:49.913 UTC 2 15 40 436 430 58068 1801.418 0 0 0 34 0 0 1711
May 31st 02:49:07.705 UTC 3 15 40 396 387 51975 1765.65 0 0 0 63 0 0 938
May 31st 02:48:49.925 UTC 2 14 39 434 429 57834 1794.525 0 0 0 34 0 0 1705
May 31st 02:48:07.716 UTC 3 15 39 392 385 51475 1752.905 0 0 0 63 0 0 931
May 31st 02:47:49.918 UTC 2 15 40 434 426 57834 1780.966 0 0 0 34 0 0 1696
May 31st 02:47:07.716 UTC 3 15 37 391 384 51298 1749.193 0 0 0 63 0 0 923
May 31st 02:46:49.912 UTC 2 14 40 433 425 57774 1776.077 0 0 0 34 0 0 1687
May 31st 02:46:07.699 UTC 3 15 40 387 381 50794 1736.161 0 0 0 63 0 0 920
May 31st 02:45:49.901 UTC 2 15 40 430 421 57428 1761.583 0 0 0 34 0 0 1676
May 31st 02:45:07.716 UTC 3 15 40 386 379 50640 1727.832 0 0 0 63 0 0 916
May 31st 02:44:48.738 UTC 2 13 40 429 420 57274 1756.407 0 0 0 33 0 0 1664
May 31st 02:44:07.715 UTC 3 15 39 384 378 50480 1724.025 0 0 0 63 0 0 912
May 31st 02:43:48.738 UTC 2 15 40 424 417 56700 1744.434 0 0 0 33 0 0 1655
May 31st 02:43:07.715 UTC 3 15 39 382 373 50068 1688.199 0 0 0 63 0 0 906
May 31st 02:42:48.728 UTC 2 13 39 423 417 56452 1744.434 0 0 0 33 0 0 1644
May 31st 02:42:06.726 UTC 3 14 38 380 371 49811 1674.448 0 0 0 62 0 0 899
May 31st 02:41:48.749 UTC 2 15 40 421 413 56332 1735.917 0 0 0 33 0 0 1636
May 31st 02:41:06.716 UTC 3 15 40 379 368 49702 1663.065 0 0 0 62 0 0 897
May 31st 02:40:48.739 UTC 2 14 40 414 410 55592 1724.301 0 0 0 33 0 0 1625
May 31st 02:40:06.726 UTC 3 15 40 378 367 49593 1657.915 0 0 0 62 0 0 891
May 31st 02:39:48.747 UTC 2 14 40 414 407 55592 1710.653 0 0 0 33 0 0 1615
May 31st 02:39:06.726 UTC 3 15 40 375 366 49198 1654.133 0 0 0 62 0 0 887
May 31st 02:38:48.738 UTC 2 15 40 411 401 55318 1692.693 0 0 0 33 0 0 1606
May 31st 02:38:06.716 UTC 3 15 39 371 365 48711 1650.336 0 0 0 62 0 0 881
May 31st 02:37:48.738 UTC 2 13 40 410 399 55258 1685.037 0 0 0 33 0 0 1596
May 31st 02:37:03.703 UTC 3 14 40 369 364 48443 1646.331 0 0 0 59 0 0 877
May 31st 02:36:47.535 UTC 2 14 40 406 396 54657 1674.615 0 0 0 32 0 0 1584
May 31st 02:36:03.697 UTC 3 15 38 366 361 48145 1630.235 0 0 0 59 0 0 873
May 31st 02:35:46.129 UTC 2 15 40 400 394 53887 1666.749 0 0 0 31 0 0 1573
May 31st 02:35:03.705 UTC 3 13 38 365 360 47961 1625.136 0 0 0 59 0 0 870
May 31st 02:34:45.096 UTC 2 14 40 396 392 53370 1656.129 0 0 0 30 0 0 1560
May 31st 02:34:02.689 UTC 3 15 39 364 356 47784 1603.331 0 0 0 58 0 0 865
May 31st 02:33:43.880 UTC 2 15 40 395 387 53290 1634.886 0 0 0 29 0 0 1551
May 31st 02:33:01.546 UTC 3 15 40 363 353 47704 1591.75 0 0 0 57 0 0 859
May 31st 02:32:43.872 UTC 2 14 40 395 386 53290 1629.343 0 0 0 29 0 0 1543
May 31st 02:32:01.545 UTC 3 15 40 359 352 47044 1584.494 0 0 0 57 0 0 854
May 31st 02:31:43.877 UTC 2 15 40 392 382 52805 1615.573 0 0 0 29 0 0 1533
May 31st 02:31:01.553 UTC 3 14 40 357 349 46758 1570.721 0 0 0 57 0 0 849
May 31st 02:30:43.873 UTC 2 15 39 390 380 52616 1604.717 0 0 0 29 0 0 1525
May 31st 02:30:01.546 UTC 3 15 40 356 346 46698 1561.307 0 0 0 57 0 0 842
May 31st 02:29:43.867 UTC 2 15 40 387 379 52108 1599.592 0 0 0 29 0 0 1514
May 31st 02:29:01.545 UTC 3 15 39 354 346 46484 1561.307 0 0 0 57 0 0 836
May 31st 02:28:43.883 UTC 2 15 40 382 378 51456 1597.731 0 0 0 29 0 0 1505
May 31st 02:28:00.358 UTC 3 14 40 349 343 46010 1546.634 0 0 0 56 0 0 830
May 31st 02:27:43.883 UTC 2 15 40 380 375 51219 1593.024 0 0 0 29 0 0 1498
May 31st 02:27:00.357 UTC 3 15 40 347 340 45656 1530.646 0 0 0 56 0 0 823
May 31st 02:26:42.618 UTC 2 14 40 377 371 50853 1578.489 0 0 0 28 0 0 1490
May 31st 02:26:00.348 UTC 3 15 40 345 340 45487 1530.646 0 0 0 56 0 0 817
May 31st 02:25:42.625 UTC 2 13 40 374 367 50432 1554.074 0 0 0 28 0 0 1482
May 31st 02:25:00.360 UTC 3 15 40 343 337 45189 1518.179 0 0 0 56 0 0 810
May 31st 02:24:42.627 UTC 2 15 40 373 361 50323 1529.049 0 0 0 28 0 0 1472
May 31st 02:24:00.360 UTC 3 15 40 343 334 45189 1506.458 0 0 0 56 0 0 803
May 31st 02:23:42.618 UTC 2 15 40 371 361 50134 1529.049 0 0 0 28 0 0 1463
May 31st 02:23:00.350 UTC 3 15 40 339 333 44638 1501.729 0 0 0 56 0 0 797
May 31st 02:22:41.217 UTC 2 13 39 368 360 49824 1525.379 0 0 0 27 0 0 1455
May 31st 02:22:00.360 UTC 3 13 40 337 330 44404 1488.916 0 0 0 56 0 0 792
May 31st 02:21:40.025 UTC 2 15 40 365 356 49460 1503.15 0 0 0 26 0 0 1445
May 31st 02:21:00.359 UTC 3 15 40 336 326 44324 1461.996 0 0 0 56 0 0 786
May 31st 02:20:40.012 UTC 2 15 40 361 355 48742 1501.072 0 0 0 26 0 0 1436
May 31st 02:19:59.247 UTC 3 13 40 336 326 44324 1461.996 0 0 0 55 0 0 780
May 31st 02:19:40.013 UTC 2 15 40 360 354 48633 1496.033 0 0 0 26 0 0 1427
May 31st 02:18:59.258 UTC 3 15 40 332 322 43804 1442.217 0 0 0 55 0 0 776
May 31st 02:18:40.024 UTC 2 15 40 358 352 48347 1484.791 0 0 0 26 0 0 1416
May 31st 02:17:59.257 UTC 3 15 40 331 322 43627 1442.217 0 0 0 55 0 0 771
May 31st 02:17:40.012 UTC 2 15 40 355 348 48069 1466.749 0 0 0 26 0 0 1406
May 31st 02:16:59.246 UTC 3 14 40 328 321 43188 1437.319 0 0 0 55 0 0 765
May 31st 02:16:40.014 UTC 2 15 39 354 345 48009 1456.671 0 0 0 26 0 0 1398
May 31st 02:15:59.246 UTC 3 15 39 325 318 42747 1426.204 0 0 0 55 0 0 758
May 31st 02:15:40.014 UTC 2 15 40 352 342 47629 1443.431 0 0 0 26 0 0 1388
May 31st 02:14:59.256 UTC 3 14 40 321 316 41927 1415.406 0 0 0 55 0 0 753
May 31st 02:14:40.015 UTC 2 15 40 348 340 47271 1435.91 0 0 0 26 0 0 1378
May 31st 02:13:59.257 UTC 3 15 40 320 314 41679 1411.589 0 0 0 55 0 0 749
May 31st 02:13:40.003 UTC 2 15 40 345 337 46806 1423.333 0 0 0 26 0 0 1368
May 31st 02:12:59.246 UTC 3 15 39 318 311 41519 1398.359 0 0 0 55 0 0 744
May 31st 02:12:40.016 UTC 2 15 40 344 335 46726 1411.995 0 0 0 26 0 0 1357
May 31st 02:11:58.544 UTC 3 15 40 315 307 40988 1380.702 0 0 0 54 0 0 737
May 31st 02:11:40.011 UTC 2 14 40 340 333 46030 1408.23 0 0 0 26 0 0 1350
May 31st 02:10:58.533 UTC 3 14 37 313 307 40868 1380.702 0 0 0 54 0 0 732
May 31st 02:10:40.011 UTC 2 15 40 339 331 45970 1396.043 0 0 0 26 0 0 1338
May 31st 02:09:58.533 UTC 3 11 39 312 306 40788 1377.696 0 0 0 54 0 0 730
May 31st 02:09:39.134 UTC 2 14 40 335 329 45468 1387.854 0 0 0 25 0 0 1326
May 31st 02:08:56.941 UTC 3 15 40 309 299 40420 1349.413 0 0 0 52 0 0 724
May 31st 02:08:39.125 UTC 2 14 40 334 327 45347 1379.647 0 0 0 25 0 0 1318
May 31st 02:07:56.930 UTC 3 15 40 306 298 39941 1344.16 0 0 0 52 0 0 721
May 31st 02:07:39.136 UTC 2 14 40 332 323 45108 1366.273 0 0 0 25 0 0 1305
May 31st 02:06:56.931 UTC 3 15 39 303 296 39712 1331.345 0 0 0 52 0 0 715
May 31st 02:06:38.207 UTC 2 15 40 328 321 44711 1356.665 0 0 0 24 0 0 1297
May 31st 02:05:56.152 UTC 3 12 40 301 295 39430 1324.139 0 0 0 51 0 0 711
May 31st 02:05:38.206 UTC 2 15 40 326 316 44551 1334.885 0 0 0 24 0 0 1286
May 31st 02:04:56.147 UTC 3 15 40 300 290 39182 1302.721 0 0 0 51 0 0 705
May 31st 02:04:38.196 UTC 2 15 40 322 316 44006 1334.885 0 0 0 24 0 0 1278
May 31st 02:03:56.146 UTC 3 15 40 299 288 39005 1291.762 0 0 0 51 0 0 698
May 31st 02:03:38.207 UTC 2 15 40 321 315 43827 1332.511 0 0 0 24 0 0 1268
May 31st 02:02:55.483 UTC 3 14 39 295 287 38349 1288.967 0 0 0 50 0 0 691
May 31st 02:02:38.206 UTC 2 13 39 319 312 43687 1317.749 0 0 0 24 0 0 1260
May 31st 02:01:55.483 UTC 3 15 40 293 284 38209 1269.37 0 0 0 50 0 0 686
May 31st 02:01:37.259 UTC 2 14 40 316 308 43487 1307.326 0 0 0 23 0 0 1253
May 31st 02:00:55.472 UTC 3 15 40 289 282 37529 1262.496 0 0 0 50 0 0 678
May 31st 02:00:37.269 UTC 2 14 40 313 306 43193 1298.963 0 0 0 23 0 0 1244
May 31st 01:59:55.483 UTC 3 15 40 287 282 37389 1262.496 0 0 0 50 0 0 673
May 31st 01:59:37.267 UTC 2 15 40 310 301 42821 1273.421 0 0 0 23 0 0 1235
May 31st 01:58:55.481 UTC 3 14 40 286 279 37212 1250.495 0 0 0 50 0 0 667
May 31st 01:58:37.270 UTC 2 15 39 310 301 42821 1273.421 0 0 0 23 0 0 1226
May 31st 01:57:55.471 UTC 3 15 40 285 275 37132 1228.53 0 0 0 50 0 0 662
May 31st 01:57:36.309 UTC 2 11 39 305 300 42227 1267.367 0 0 0 22 0 0 1214
May 31st 01:56:54.625 UTC 3 15 40 281 274 36582 1220.16 0 0 0 49 0 0 658
May 31st 01:56:33.656 UTC 2 15 40 304 296 42167 1255.378 0 0 0 19 0 0 1204
May 31st 01:55:54.614 UTC 3 14 39 280 273 36522 1212.594 0 0 0 49 0 0 651
May 31st 01:55:33.645 UTC 2 15 39 302 294 41856 1248.243 0 0 0 19 0 0 1196
May 31st 01:54:53.756 UTC 3 15 40 278 269 36161 1200.962 0 0 0 48 0 0 645
May 31st 01:54:33.655 UTC 2 15 39 299 291 41412 1233.768 0 0 0 19 0 0 1186
May 31st 01:53:52.970 UTC 3 15 40 276 267 35875 1187.942 0 0 0 47 0 0 642
May 31st 01:53:32.555 UTC 2 15 40 296 287 41046 1216.153 0 0 0 18 0 0 1175
May 31st 01:52:52.969 UTC 3 13 40 274 267 35450 1187.942 0 0 0 47 0 0 636
May 31st 01:52:32.554 UTC 2 15 40 293 287 40635 1216.153 0 0 0 18 0 0 1166
May 31st 01:51:52.981 UTC 3 15 40 271 262 35104 1162.838 0 0 0 47 0 0 632
May 31st 01:51:32.565 UTC 2 15 40 291 283 40349 1200.567 0 0 0 18 0 0 1155
May 31st 01:50:52.969 UTC 3 15 40 270 260 34995 1155.651 0 0 0 47 0 0 628
May 31st 01:50:32.558 UTC 2 15 40 290 279 40240 1181.248 0 0 0 18 0 0 1146
May 31st 01:49:52.194 UTC 3 15 40 268 257 34875 1142.542 0 0 0 46 0 0 622
May 31st 01:49:32.566 UTC 2 15 40 286 278 39397 1180.32 0 0 0 18 0 0 1134
May 31st 01:48:52.183 UTC 3 15 40 265 257 34529 1142.542 0 0 0 46 0 0 617
May 31st 01:48:32.557 UTC 2 15 40 283 276 39168 1173.159 0 0 0 18 0 0 1126
May 31st 01:47:52.184 UTC 3 15 40 259 257 33744 1142.542 0 0 0 46 0 0 610
May 31st 01:47:32.555 UTC 2 14 39 281 272 39008 1155.308 0 0 0 18 0 0 1116
May 31st 01:46:52.176 UTC 3 14 40 259 255 33744 1132.593 0 0 0 46 0 0 606
May 31st 01:46:31.625 UTC 2 15 40 277 270 38343 1149.008 0 0 0 17 0 0 1107
May 31st 01:45:52.175 UTC 3 13 38 257 253 33507 1118.532 0 0 0 46 0 0 599
May 31st 01:45:31.616 UTC 2 15 38 274 268 37995 1139.285 0 0 0 17 0 0 1097
May 31st 01:44:51.360 UTC 3 13 40 257 248 33507 1092.196 0 0 0 45 0 0 595
May 31st 01:44:31.628 UTC 2 15 40 274 264 37995 1115.955 0 0 0 17 0 0 1087
May 31st 01:43:51.368 UTC 3 15 40 255 244 33115 1068.895 0 0 0 45 0 0 587
May 31st 01:43:31.627 UTC 2 15 40 271 262 37426 1106.946 0 0 0 17 0 0 1081
May 31st 01:42:51.368 UTC 3 15 39 253 243 32733 1063.757 0 0 0 45 0 0 579
May 31st 01:42:31.624 UTC 2 14 40 268 260 36914 1091.415 0 0 0 17 0 0 1073
May 31st 01:41:51.358 UTC 3 14 40 252 240 32624 1054.717 0 0 0 45 0 0 572
May 31st 01:41:31.635 UTC 2 15 40 266 258 36557 1081.519 0 0 0 17 0 0 1063
May 31st 01:40:51.368 UTC 3 15 40 250 239 32430 1053.482 0 0 0 45 0 0 569
May 31st 01:40:30.809 UTC 2 14 40 265 257 36477 1075.424 0 0 0 16 0 0 1052
May 31st 01:39:51.368 UTC 3 15 40 242 238 30923 1049.652 0 0 0 45 0 0 567
May 31st 01:39:29.970 UTC 2 14 40 264 253 36323 1069.166 0 0 0 15 0 0 1041
May 31st 01:38:51.358 UTC 3 15 37 239 238 30606 1049.652 0 0 0 45 0 0 560
May 31st 01:38:29.961 UTC 2 15 40 258 251 35636 1064.68 0 0 0 15 0 0 1030
May 31st 01:37:50.735 UTC 3 13 39 239 235 30606 1039.345 0 0 0 44 0 0 556
May 31st 01:37:29.967 UTC 2 15 40 255 249 35241 1057.554 0 0 0 15 0 0 1021
May 31st 01:36:49.286 UTC 3 15 40 238 232 30546 1027.356 0 0 0 42 0 0 553
May 31st 01:36:29.962 UTC 2 14 40 253 247 35004 1045.364 0 0 0 15 0 0 1009
May 31st 01:35:49.277 UTC 3 15 40 237 230 30369 1014.084 0 0 0 42 0 0 550
May 31st 01:35:29.974 UTC 2 15 40 250 244 34428 1030.608 0 0 0 15 0 0 996
May 31st 01:34:49.286 UTC 3 15 40 235 227 30031 1006.996 0 0 0 42 0 0 544
May 31st 01:34:29.055 UTC 2 15 40 249 240 34202 1012.572 0 0 0 14 0 0 990
May 31st 01:33:49.286 UTC 3 15 38 231 224 29418 997.4899 0 0 0 42 0 0 536
May 31st 01:33:29.055 UTC 2 13 40 249 239 34202 1009.144 0 0 0 14 0 0 980
May 31st 01:32:47.554 UTC 3 15 40 230 220 29297 981.6747 0 0 0 40 0 0 530
May 31st 01:32:29.042 UTC 2 15 40 245 237 33682 998.8914 0 0 0 14 0 0 972
May 31st 01:31:47.552 UTC 3 15 38 226 219 28914 976.853 0 0 0 40 0 0 523
May 31st 01:31:29.044 UTC 2 15 40 242 235 33274 989.3181 0 0 0 14 0 0 962
May 31st 01:30:46.817 UTC 3 12 40 224 217 28583 968.9485 0 0 0 39 0 0 518
May 31st 01:30:29.057 UTC 2 15 40 240 234 32946 987.8342 0 0 0 14 0 0 955
May 31st 01:29:45.776 UTC 3 15 40 222 212 28463 943.71 0 0 0 38 0 0 513
May 31st 01:29:28.085 UTC 2 14 40 237 232 32456 979.834 0 0 0 13 0 0 942
May 31st 01:28:45.767 UTC 3 15 40 220 211 28132 942.0601 0 0 0 38 0 0 510
May 31st 01:28:28.077 UTC 2 15 40 235 227 32148 951.197 0 0 0 13 0 0 932
May 31st 01:27:45.766 UTC 3 15 38 215 210 27502 940.7326 0 0 0 38 0 0 506
May 31st 01:27:27.125 UTC 2 15 40 233 224 31813 934.4373 0 0 0 12 0 0 921
May 31st 01:26:44.941 UTC 3 14 39 212 208 27020 934.4589 0 0 0 37 0 0 503
May 31st 01:26:27.138 UTC 2 15 40 233 220 31813 914.8119 0 0 0 12 0 0 908
May 31st 01:25:44.932 UTC 3 14 40 212 203 27020 910.5797 0 0 0 37 0 0 498
May 31st 01:25:27.138 UTC 2 15 40 231 219 31459 912.3132 0 0 0 12 0 0 900
May 31st 01:24:44.932 UTC 3 14 40 210 200 26756 897.2919 0 0 0 37 0 0 491
May 31st 01:24:27.129 UTC 2 15 40 227 219 30919 912.3132 0 0 0 12 0 0 891
May 31st 01:23:44.942 UTC 3 14 40 207 199 26251 890.7661 0 0 0 37 0 0 486
May 31st 01:23:27.146 UTC 2 15 40 223 217 30286 904.7088 0 0 0 12 0 0 883
May 31st 01:22:44.266 UTC 3 15 40 204 196 25874 876.588 0 0 0 36 0 0 476
May 31st 01:22:27.134 UTC 2 15 40 220 216 29819 899.6221 0 0 0 12 0 0 876
May 31st 01:21:44.267 UTC 3 14 39 202 195 25685 872.5034 0 0 0 36 0 0 472
May 31st 01:21:27.137 UTC 2 15 40 218 215 29514 898.6137 0 0 0 12 0 0 865
May 31st 01:20:44.266 UTC 3 15 40 200 193 25374 862.6588 0 0 0 36 0 0 466
May 31st 01:20:27.127 UTC 2 14 39 216 211 29394 880.7562 0 0 0 12 0 0 855
May 31st 01:19:44.277 UTC 3 15 38 197 192 24960 853.2673 0 0 0 36 0 0 462
May 31st 01:19:27.131 UTC 2 15 40 216 205 29394 850.3321 0 0 0 12 0 0 843
May 31st 01:18:43.236 UTC 3 15 40 195 190 24716 848.0307 0 0 0 35 0 0 459
May 31st 01:18:27.126 UTC 2 15 40 214 202 29037 831.9512 0 0 0 12 0 0 833
May 31st 01:17:42.350 UTC 3 14 39 193 189 24362 846.9329 0 0 0 34 0 0 455
May 31st 01:17:27.147 UTC 2 15 39 211 201 28714 830.1227 0 0 0 12 0 0 821
May 31st 01:16:42.349 UTC 3 15 40 190 184 24113 825.5269 0 0 0 34 0 0 449
May 31st 01:16:27.136 UTC 2 15 40 209 199 28457 821.3152 0 0 0 12 0 0 813
May 31st 01:15:42.359 UTC 3 14 39 190 182 24113 817.3895 0 0 0 34 0 0 443
May 31st 01:15:27.135 UTC 2 15 40 205 198 27914 816.3658 0 0 0 12 0 0 804
May 31st 01:14:42.360 UTC 3 13 39 188 177 23686 787.6611 0 0 0 34 0 0 437
May 31st 01:14:27.127 UTC 2 14 40 203 196 27677 803.0716 0 0 0 12 0 0 794
May 31st 01:13:40.726 UTC 3 14 38 184 175 23166 781.3586 0 0 0 32 0 0 432
May 31st 01:13:27.127 UTC 2 15 40 200 195 27331 801.3994 0 0 0 12 0 0 783
May 31st 01:12:39.890 UTC 3 14 40 183 173 23106 773.1702 0 0 0 31 0 0 429
May 31st 01:12:27.141 UTC 2 13 40 198 193 27137 791.1591 0 0 0 12 0 0 773
May 31st 01:11:39.880 UTC 3 15 40 179 172 22631 771.313 0 0 0 31 0 0 424
May 31st 01:11:26.180 UTC 2 15 40 197 188 27028 774.9067 0 0 0 11 0 0 762
May 31st 01:10:39.185 UTC 3 15 40 175 169 22032 762.4672 0 0 0 30 0 0 416
May 31st 01:10:26.180 UTC 2 15 39 195 187 26791 768.866 0 0 0 11 0 0 755
May 31st 01:09:39.175 UTC 3 14 39 173 167 21769 758.2453 0 0 0 30 0 0 412
May 31st 01:09:26.190 UTC 2 14 40 191 184 26248 752.2946 0 0 0 11 0 0 743
May 31st 01:08:39.186 UTC 3 15 39 170 165 21529 746.0903 0 0 0 30 0 0 407
May 31st 01:08:26.189 UTC 2 15 40 190 181 26071 734.6796 0 0 0 11 0 0 735
May 31st 01:07:39.187 UTC 3 14 40 167 161 21212 733.3226 0 0 0 30 0 0 403
May 31st 01:07:26.181 UTC 2 15 40 188 180 25807 732.8063 0 0 0 11 0 0 724
May 31st 01:06:38.512 UTC 3 14 38 167 159 21212 723.5642 0 0 0 29 0 0 397
May 31st 01:06:26.177 UTC 2 14 40 186 179 25472 731.0193 0 0 0 11 0 0 714
May 31st 01:05:37.514 UTC 3 13 40 165 155 21072 699.2894 0 0 0 28 0 0 393
May 31st 01:05:25.217 UTC 2 15 39 183 174 25025 708.4389 0 0 0 10 0 0 703
May 31st 01:04:37.523 UTC 3 15 40 163 151 20786 671.6417 0 0 0 28 0 0 386
May 31st 01:04:25.218 UTC 2 14 40 180 172 24728 703.5469 0 0 0 10 0 0 697
May 31st 01:03:37.521 UTC 3 15 40 160 151 20148 671.6417 0 0 0 28 0 0 380
May 31st 01:03:25.227 UTC 2 15 40 179 170 24648 695.5596 0 0 0 10 0 0 688
May 31st 01:02:37.512 UTC 3 15 40 158 150 20028 665.936 0 0 0 28 0 0 372
May 31st 01:02:25.217 UTC 2 15 40 174 170 24137 695.5596 0 0 0 10 0 0 680
May 31st 01:01:37.531 UTC 3 15 40 156 148 19667 658.3954 0 0 0 28 0 0 366
May 31st 01:01:25.226 UTC 2 13 39 171 168 23703 687.2466 0 0 0 10 0 0 672
May 31st 01:00:37.522 UTC 3 15 40 155 146 19558 653.4012 0 0 0 28 0 0 360
May 31st 01:00:25.226 UTC 2 15 40 171 161 23703 650.8168 0 0 0 10 0 0 662
May 31st 00:59:36.868 UTC 3 15 40 150 144 19101 642.6982 0 0 0 27 0 0 354
May 31st 00:59:25.216 UTC 2 15 40 170 158 23455 640.452 0 0 0 10 0 0 652
May 31st 00:58:36.870 UTC 3 15 40 147 140 18832 627.2596 0 0 0 27 0 0 348
May 31st 00:58:25.217 UTC 2 15 40 168 158 23167 640.452 0 0 0 10 0 0 643
May 31st 00:57:36.879 UTC 3 15 40 145 139 18692 624.094 0 0 0 27 0 0 343
May 31st 00:57:24.298 UTC 2 15 40 163 155 22499 630.6776 0 0 0 9 0 0 634
May 31st 00:56:36.880 UTC 3 15 40 144 137 18515 615.7907 0 0 0 27 0 0 337
May 31st 00:56:24.309 UTC 2 15 40 160 153 22063 619.614 0 0 0 9 0 0 626
May 31st 00:55:36.869 UTC 3 15 39 142 135 18346 608.3553 0 0 0 27 0 0 331
May 31st 00:55:24.299 UTC 2 15 40 157 153 21753 619.614 0 0 0 9 0 0 614
May 31st 00:54:36.878 UTC 3 14 39 140 132 17921 593.705 0 0 0 27 0 0 326
May 31st 00:54:24.299 UTC 2 14 40 155 149 21496 608.2185 0 0 0 9 0 0 605
May 31st 00:53:36.200 UTC 3 15 39 137 129 17436 574.7625 0 0 0 26 0 0 322
May 31st 00:53:24.288 UTC 2 14 40 154 146 21436 594.3658 0 0 0 9 0 0 593
May 31st 00:52:36.201 UTC 3 15 40 136 127 17259 566.2294 0 0 0 26 0 0 317
May 31st 00:52:24.299 UTC 2 14 40 151 144 21015 579.725 0 0 0 9 0 0 584
May 31st 00:51:36.190 UTC 3 14 40 134 125 17070 557.8112 0 0 0 26 0 0 311
May 31st 00:51:24.309 UTC 2 15 40 148 138 20644 551.8602 0 0 0 9 0 0 575
May 31st 00:50:36.189 UTC 3 15 40 132 122 16881 536.7531 0 0 0 26 0 0 303
May 31st 00:50:24.298 UTC 2 15 40 148 137 20644 549.3615 0 0 0 9 0 0 569
May 31st 00:49:35.349 UTC 3 15 39 128 120 16284 531.2643 0 0 0 25 0 0 299
May 31st 00:49:23.483 UTC 2 15 40 146 135 20484 536.1949 0 0 0 8 0 0 557
May 31st 00:48:35.338 UTC 3 15 40 126 118 15946 527.068 0 0 0 25 0 0 296
May 31st 00:48:23.492 UTC 2 15 40 142 132 19963 522.1093 0 0 0 8 0 0 546
May 31st 00:47:35.339 UTC 3 15 40 125 116 15812 520.4368 0 0 0 25 0 0 289
May 31st 00:47:23.492 UTC 2 15 40 138 132 19248 522.1093 0 0 0 8 0 0 537
May 31st 00:46:35.348 UTC 3 12 37 119 116 14864 520.4368 0 0 0 25 0 0 283
May 31st 00:46:23.491 UTC 2 15 40 136 129 19030 511.1829 0 0 0 8 0 0 527
May 31st 00:45:33.849 UTC 3 14 40 118 110 14730 489.9169 0 0 0 23 0 0 279
May 31st 00:45:23.483 UTC 2 14 40 134 128 18724 507.1876 0 0 0 8 0 0 518
May 31st 00:44:33.848 UTC 3 15 40 116 107 14350 475.9558 0 0 0 23 0 0 271
May 31st 00:44:23.493 UTC 2 15 39 132 126 18461 496.6027 0 0 0 8 0 0 512
May 31st 00:43:33.858 UTC 3 14 40 115 106 14173 473.4093 0 0 0 23 0 0 267
May 31st 00:43:23.486 UTC 2 14 40 130 123 18231 486.0305 0 0 0 8 0 0 499
May 31st 00:42:33.859 UTC 3 15 40 113 103 13979 459.078 0 0 0 23 0 0 261
May 31st 00:42:23.497 UTC 2 15 40 127 120 17937 474.1052 0 0 0 8 0 0 489
May 31st 00:41:33.859 UTC 3 14 40 108 102 13345 454.5211 0 0 0 23 0 0 258
May 31st 00:41:23.483 UTC 2 14 39 125 118 17680 467.2921 0 0 0 8 0 0 478
May 31st 00:40:33.848 UTC 3 14 40 107 101 13285 450.7428 0 0 0 23 0 0 252
May 31st 00:40:23.493 UTC 2 15 39 123 114 17349 454.2851 0 0 0 8 0 0 470
May 31st 00:39:32.991 UTC 3 13 40 104 99 12770 437.8283 0 0 0 22 0 0 244
May 31st 00:39:23.493 UTC 2 14 39 121 111 17106 445.2255 0 0 0 8 0 0 463
May 31st 00:38:32.992 UTC 3 14 39 103 94 12636 407.7903 0 0 0 22 0 0 235
May 31st 00:38:22.524 UTC 2 15 40 114 108 15845 430.6421 0 0 0 7 0 0 455
May 31st 00:37:32.981 UTC 3 14 40 101 92 12406 393.676 0 0 0 22 0 0 229
May 31st 00:37:22.526 UTC 2 14 40 112 107 15606 425.4278 0 0 0 7 0 0 447
May 31st 00:36:32.276 UTC 3 15 40 100 91 12229 391.7709 0 0 0 21 0 0 225
May 31st 00:36:22.531 UTC 2 15 40 111 102 15526 403.1347 0 0 0 7 0 0 437
May 31st 00:35:32.287 UTC 3 15 39 98 89 11995 379.9478 0 0 0 21 0 0 220
May 31st 00:35:22.533 UTC 2 15 40 109 98 15251 391.2477 0 0 0 7 0 0 425
May 31st 00:34:31.369 UTC 3 15 39 96 88 11814 378.4416 0 0 0 20 0 0 218
May 31st 00:34:22.534 UTC 2 15 40 105 96 14706 381.151 0 0 0 7 0 0 413
May 31st 00:33:31.357 UTC 3 15 39 92 85 11353 361.6212 0 0 0 20 0 0 213
May 31st 00:33:22.533 UTC 2 14 40 103 95 14473 378.6747 0 0 0 7 0 0 402
May 31st 00:32:31.377 UTC 3 13 40 90 84 10928 356.2154 0 0 0 20 0 0 209
May 31st 00:32:21.557 UTC 2 15 40 100 92 14176 371.0511 0 0 0 6 0 0 392
May 31st 00:31:31.357 UTC 3 15 40 89 80 10596 339.0216 0 0 0 20 0 0 205
May 31st 00:31:21.567 UTC 2 15 40 96 91 13443 367.6621 0 0 0 6 0 0 380
May 31st 00:30:31.377 UTC 3 15 40 86 80 10315 339.0216 0 0 0 20 0 0 201
May 31st 00:30:21.567 UTC 2 14 38 93 88 12956 352.2809 0 0 0 6 0 0 370
May 31st 00:29:31.368 UTC 3 15 39 84 77 10146 315.6691 0 0 0 20 0 0 195
May 31st 00:29:21.570 UTC 2 15 40 91 84 12755 337.774 0 0 0 6 0 0 360
May 31st 00:28:31.379 UTC 3 15 40 82 74 9903 306.1787 0 0 0 20 0 0 190
May 31st 00:28:21.555 UTC 2 15 40 90 81 12675 328.2262 0 0 0 6 0 0 351
May 31st 00:27:31.368 UTC 3 14 40 81 74 9726 306.1787 0 0 0 20 0 0 183
May 31st 00:27:21.576 UTC 2 14 40 90 78 12675 317.7369 0 0 0 6 0 0 344
May 31st 00:26:31.368 UTC 3 15 38 78 70 9299 285.312 0 0 0 20 0 0 177
May 31st 00:26:21.566 UTC 2 15 40 82 76 11292 307.0977 0 0 0 6 0 0 333
May 31st 00:25:30.458 UTC 3 15 40 77 67 9145 269.0341 0 0 0 19 0 0 174
May 31st 00:25:21.566 UTC 2 14 39 80 74 11035 300.7601 0 0 0 6 0 0 321
May 31st 00:24:30.458 UTC 3 14 39 75 67 8886 269.0341 0 0 0 19 0 0 169
May 31st 00:24:21.558 UTC 2 15 40 79 69 10787 282.3824 0 0 0 6 0 0 312
May 31st 00:23:30.449 UTC 3 15 40 71 64 8496 255.1399 0 0 0 19 0 0 164
May 31st 00:23:21.566 UTC 2 15 40 75 67 10199 275.0524 0 0 0 6 0 0 303
May 31st 00:22:30.449 UTC 3 13 39 69 64 8376 255.1399 0 0 0 19 0 0 158
May 31st 00:22:21.566 UTC 2 14 40 72 65 9779 264.1803 0 0 0 6 0 0 293
May 31st 00:21:29.757 UTC 3 14 40 68 59 8199 235.2241 0 0 0 18 0 0 154
May 31st 00:21:21.565 UTC 2 14 40 69 63 9456 254.2176 0 0 0 6 0 0 283
May 31st 00:20:29.746 UTC 3 15 40 67 57 8119 226.707 0 0 0 18 0 0 150
May 31st 00:20:20.635 UTC 2 15 40 67 61 9100 242.9115 0 0 0 5 0 0 271
May 31st 00:19:29.747 UTC 3 14 40 62 56 7193 224.5594 0 0 0 18 0 0 146
May 31st 00:19:20.629 UTC 2 15 40 66 58 9040 225.7656 0 0 0 5 0 0 260
May 31st 00:18:29.757 UTC 3 15 40 61 53 7084 212.8511 0 0 0 18 0 0 141
May 31st 00:18:20.631 UTC 2 15 40 64 55 8690 214.8711 0 0 0 5 0 0 250
May 31st 00:17:29.757 UTC 3 15 40 57 51 6539 201.5163 0 0 0 18 0 0 136
May 31st 00:17:20.617 UTC 2 13 40 61 53 8441 208.3325 0 0 0 5 0 0 241
May 31st 00:16:29.757 UTC 3 15 38 55 50 6231 197.4572 0 0 0 18 0 0 131
May 31st 00:16:18.445 UTC 2 15 40 59 50 8155 195.8488 0 0 0 3 0 0 230
May 31st 00:15:28.862 UTC 3 14 37 52 47 5885 183.5407 0 0 0 17 0 0 125
May 31st 00:15:18.439 UTC 2 15 40 56 48 7599 186.853 0 0 0 3 0 0 220
May 31st 00:14:27.267 UTC 3 14 39 52 43 5885 163.727 0 0 0 15 0 0 121
May 31st 00:14:18.453 UTC 2 15 40 53 46 7165 179.3794 0 0 0 3 0 0 210
May 31st 00:13:27.257 UTC 3 14 40 49 40 5592 145.8408 0 0 0 15 0 0 114
May 31st 00:13:18.444 UTC 2 14 40 50 44 6619 175.0427 0 0 0 3 0 0 201
May 31st 00:12:26.653 UTC 3 15 40 49 37 5592 140.8275 0 0 0 14 0 0 110
May 31st 00:12:18.439 UTC 2 15 40 49 41 6393 162.6611 0 0 0 3 0 0 191
May 31st 00:11:26.644 UTC 3 14 40 45 36 5312 134.6814 0 0 0 14 0 0 106
May 31st 00:11:18.434 UTC 2 14 40 45 37 5768 148.2564 0 0 0 3 0 0 181
May 31st 00:10:25.187 UTC 3 14 39 40 34 4645 124.8017 0 0 0 12 0 0 99
May 31st 00:10:18.455 UTC 2 14 40 42 34 5327 137.1545 0 0 0 3 0 0 172
May 31st 00:09:23.640 UTC 3 15 38 39 29 4472 109.6726 0 0 0 10 0 0 92
May 31st 00:09:18.443 UTC 2 14 40 41 30 5173 120.7904 0 0 0 3 0 0 164
May 31st 00:08:23.635 UTC 3 15 31 38 29 4293 109.6726 0 0 0 10 0 0 85
May 31st 00:08:18.443 UTC 2 15 40 38 29 4782 116.5653 0 0 0 3 0 0 155
May 31st 00:07:22.755 UTC 3 15 26 33 27 3733 97.45377 0 0 0 9 0 0 77
May 31st 00:07:18.441 UTC 2 15 40 34 28 4473 110.9553 0 0 0 3 0 0 149
May 31st 00:06:22.766 UTC 3 15 24 30 24 3342 83.38094 0 0 0 9 0 0 72
May 31st 00:06:18.451 UTC 2 14 40 32 26 4187 101.0916 0 0 0 3 0 0 139
May 31st 00:05:22.767 UTC 3 15 21 29 22 3233 69.93358 0 0 0 9 0 0 67
May 31st 00:05:18.443 UTC 2 15 39 29 23 3666 89.5461 0 0 0 3 0 0 128
May 31st 00:04:22.767 UTC 3 14 15 28 21 3056 63.08545 0 0 0 9 0 0 59
May 31st 00:04:18.452 UTC 2 14 40 29 19 3666 73.07672 0 0 0 3 0 0 122
May 31st 00:03:22.767 UTC 3 13 16 26 17 2936 49.78483 0 0 0 9 0 0 55
May 31st 00:03:18.443 UTC 2 14 40 26 18 3252 69.40054 0 0 0 3 0 0 110
May 31st 00:02:22.756 UTC 3 15 12 25 14 2876 43.33873 0 0 0 9 0 0 50
May 31st 00:02:18.439 UTC 2 15 40 22 14 2849 49.11461 0 0 0 3 0 0 100
May 31st 00:01:22.767 UTC 3 15 7 19 13 2126 36.51293 0 0 0 9 0 0 44
May 31st 00:01:18.444 UTC 2 15 40 19 12 2328 38.35097 0 0 0 3 0 0 92
May 31st 00:00:21.408 UTC 3 15 10 16 10 1780 23.7293 0 0 0 7 0 0 42
May 31st 00:00:18.445 UTC 2 15 39 19 10 2328 32.67396 0 0 0 3 0 0 78